ts,uid,id.orig_h,id.orig_p,id.resp_h,id.resp_p,proto,duration,orig_bytes,resp_bytes,conn_state,local_orig,local_resp,missed_bytes,history,orig_pkts,orig_ip_bytes,resp_pkts,resp_ip_bytes,label
1720731631.016264,CspoSs42NiW8MwCse2,192.168.1.6,35146.0,192.168.1.4,21.0,tcp,9.527688026428224,165.0,188.0,SF,1.0,1.0,0.0,ShAdDafFr,18.0,1109.0,17.0,1056.0,FTP
1720730153.371244,ChlqiB2Wg1HBvOadyj,192.168.1.6,40548.0,192.168.1.4,21.0,tcp,10.09514307975769,130.0,188.0,SF,1.0,1.0,0.0,ShAdDafrF,18.0,1074.0,17.0,1056.0,FTP
1720727824.919902,CooUCg18KeFessZ535,192.168.1.4,44832.0,192.168.1.1,53.0,udp,10.09514307975769,130.0,188.0,SF,1.0,1.0,0.0,ShAdDafrF,18.0,1074.0,17.0,1056.0,DNS
1720730182.444844,ChVkf12mJGf8AKnBFl,192.168.1.6,45022.0,192.168.1.4,21.0,tcp,9.569005966186523,146.0,188.0,SF,1.0,1.0,0.0,ShAdDafFr,18.0,1090.0,17.0,1056.0,FTP
1720727905.219457,Cijflf1KmiFDoeNrwj,192.168.1.6,47612.0,192.168.1.4,21.0,tcp,10.741788148880005,118.0,188.0,SF,1.0,1.0,0.0,ShAdDafFr,18.0,1062.0,17.0,1056.0,FTP
1720728096.827627,COFHY3i9JApRyheI2,192.168.1.4,46378.0,35.190.43.134,443.0,tcp,10.741788148880005,118.0,188.0,SF,1.0,1.0,0.0,IIiishhHH,18.0,1062.0,17.0,1056.0,HTTPS
1720728157.905382,CsHdPo1yTkwQOliSSf,192.168.1.6,47706.0,192.168.1.4,21.0,tcp,9.189939975738524,118.0,188.0,SF,1.0,1.0,0.0,ShAdDafrF,18.0,1062.0,17.0,1056.0,FTP
1720728042.308035,CeFV9L3A6QWt1ikc5,192.168.1.6,56570.0,192.168.1.4,21.0,tcp,10.82418704032898,118.0,188.0,SF,1.0,1.0,0.0,ShAdDafrF,18.0,1062.0,17.0,1056.0,FTP
1720729454.241039,CElVyujJc7ougVKL2,192.168.1.6,56416.0,192.168.1.4,21.0,tcp,10.73446488380432,144.0,188.0,SF,1.0,1.0,0.0,ShAdDafrF,18.0,1088.0,17.0,1056.0,FTP
1720728335.526852,CGmuD84mQ8v3uYlsh4,192.168.1.4,43533.0,104.18.12.201,443.0,tcp,10.73446488380432,144.0,188.0,SF,1.0,1.0,0.0,ShAdDafrF,18.0,1088.0,17.0,1056.0,HTTPS
1720728504.687303,Co3GS54EeibzP1byjh,192.168.1.6,41916.0,192.168.1.4,21.0,tcp,9.750306844711304,118.0,188.0,SF,1.0,1.0,0.0,ShAdDafrF,18.0,1062.0,17.0,1056.0,FTP
1720727734.726464,C2OqXg1FEKaTEC7qg7,192.168.1.4,43322.0,142.250.65.202,443.0,tcp,240.12029886245728,2440.0,10574.0,SF,1.0,0.0,0.0,ShADadFf,22.0,3592.0,26.0,11934.0,HTTPS
1720729988.763079,CueIHX2pz4XHjQZYh3,192.168.1.6,44554.0,192.168.1.4,21.0,tcp,9.275464057922363,132.0,188.0,SF,1.0,1.0,0.0,ShAdDafrF,18.0,1076.0,17.0,1056.0,FTP
1720727916.185981,ChfTuAjwxls3oP348,192.168.1.4,53004.0,34.145.223.123,443.0,tcp,9.275464057922363,132.0,188.0,SF,1.0,1.0,0.0,ShAdDafrF,18.0,1076.0,17.0,1056.0,HTTPS
1720730213.468665,Cccyul4UL6HYnHLGDb,192.168.1.6,38046.0,192.168.1.4,21.0,tcp,10.778160095214844,123.0,188.0,SF,1.0,1.0,0.0,ShAdDafFr,18.0,1067.0,17.0,1056.0,FTP
1720728031.124957,CHM7q94p3HtFI5vsob,192.168.1.6,43152.0,192.168.1.4,21.0,tcp,10.940056800842283,118.0,188.0,SF,1.0,1.0,0.0,ShAdDafrF,18.0,1062.0,17.0,1056.0,FTP
1720731343.233995,C2FPSO2OigCG31TGc,192.168.1.4,57882.0,192.168.1.1,53.0,udp,10.940056800842283,118.0,188.0,SF,1.0,1.0,0.0,ShAdDafrF,18.0,1062.0,17.0,1056.0,DNS
1720727825.228629,CRquiZ1dAFZLSWYmLb,192.168.1.4,59156.0,142.250.80.110,443.0,tcp,240.16602492332456,2343.0,8765.0,SF,1.0,0.0,0.0,ShADadFf,24.0,3599.0,23.0,9969.0,HTTPS
1720728961.427664,Cc2ulC1sppqHQgkaF6,192.168.1.6,32772.0,192.168.1.4,21.0,tcp,9.55726194381714,137.0,188.0,SF,1.0,1.0,0.0,ShAdDafrF,18.0,1081.0,17.0,1056.0,FTP
1720727812.002148,CR6w6f4OmhFftyTc7,192.168.1.6,41970.0,192.168.1.4,21.0,tcp,10.160731077194214,118.0,188.0,SF,1.0,1.0,0.0,ShAdDafrF,18.0,1062.0,17.0,1056.0,FTP
1720731800.456447,C2wX5r1dIiJP2qVvX,192.168.1.6,60928.0,192.168.1.4,21.0,tcp,10.079934120178224,140.0,188.0,SF,1.0,1.0,0.0,ShAdDafrF,18.0,1084.0,17.0,1056.0,FTP
1720731379.392228,CyYD6ul9f7kYz7mT6,192.168.1.6,46254.0,192.168.1.4,21.0,tcp,10.823914051055908,161.0,188.0,SF,1.0,1.0,0.0,ShAdDafFr,18.0,1105.0,17.0,1056.0,FTP
1720731943.233615,CK96qv44BX4UP4K1Oi,192.168.1.4,60997.0,192.168.1.1,53.0,udp,10.823914051055908,161.0,188.0,SF,1.0,1.0,0.0,ShAdDafFr,18.0,1105.0,17.0,1056.0,DNS
1720730929.355012,CKM6HOVVxV7dR4Mpb,192.168.1.6,43492.0,192.168.1.4,21.0,tcp,11.360222101211548,137.0,188.0,SF,1.0,1.0,0.0,ShAdDafrF,18.0,1081.0,17.0,1056.0,FTP
1720729379.204139,Cmt9ZI2yMeFB4Odp9k,192.168.1.6,47834.0,192.168.1.4,21.0,tcp,10.667265892028809,137.0,188.0,SF,1.0,1.0,0.0,ShAdDafrF,18.0,1081.0,17.0,1056.0,FTP
1720731348.259739,CYjhAU3DE55mup3hsf,192.168.1.6,55262.0,192.168.1.4,21.0,tcp,10.927536964416504,166.0,188.0,SF,1.0,1.0,0.0,ShAdDafrF,18.0,1110.0,17.0,1056.0,FTP
1720730317.863087,CgOYT94jevuXQ4CKz6,192.168.1.6,39154.0,192.168.1.4,21.0,tcp,9.777837991714478,127.0,188.0,SF,1.0,1.0,0.0,ShAdDafrF,18.0,1071.0,17.0,1056.0,FTP
1720730667.096988,CYHL7kucOLsQ8VJu2,192.168.1.6,45586.0,192.168.1.4,21.0,tcp,9.182526111602783,119.0,188.0,SF,1.0,1.0,0.0,ShAdDafFr,18.0,1063.0,17.0,1056.0,FTP
1720729430.563444,CKxrrS3ys0EpTi3epd,192.168.1.6,47290.0,192.168.1.4,21.0,tcp,11.281596183776855,132.0,188.0,SF,1.0,1.0,0.0,ShAdDafrF,18.0,1076.0,17.0,1056.0,FTP
1720728370.466701,CcpfnwqnFaQGOnKPj,192.168.1.6,46770.0,192.168.1.4,21.0,tcp,10.42837405204773,117.0,188.0,SF,1.0,1.0,0.0,ShAdDafFr,18.0,1061.0,17.0,1056.0,FTP
1720730298.681924,C12EGJ29Ke1SyCjAVa,192.168.1.6,44666.0,192.168.1.4,21.0,tcp,10.082146883010864,129.0,188.0,SF,1.0,1.0,0.0,ShAdDafrF,18.0,1073.0,17.0,1056.0,FTP
1720727885.313027,CLZTJJ2HJZwBAzrga6,192.168.1.4,44320.0,35.71.131.137,443.0,tcp,71.01436805725098,1950.0,4485.0,RSTO,1.0,0.0,0.0,ShADadfR,11.0,2542.0,13.0,5169.0,HTTPS
1720728308.768026,CVuvFy4nrIPJUahI24,192.168.1.6,45688.0,192.168.1.4,21.0,tcp,10.372511863708496,118.0,188.0,SF,1.0,1.0,0.0,ShAdDafrF,18.0,1062.0,17.0,1056.0,FTP
1720731554.6063,CQUeXc2k0TRSfXWrU5,192.168.1.6,35494.0,192.168.1.4,21.0,tcp,9.901566982269289,142.0,188.0,SF,1.0,1.0,0.0,ShAdDafrF,18.0,1086.0,17.0,1056.0,FTP
1720728979.693976,CX3QN74FyVkrAaK5e,192.168.1.6,57658.0,192.168.1.4,21.0,tcp,10.062802076339722,108.0,188.0,SF,1.0,1.0,0.0,ShAdDafrF,18.0,1052.0,17.0,1056.0,FTP
1720730018.986372,CG1hJ22tu6fckGqdsb,192.168.1.6,51582.0,192.168.1.4,21.0,tcp,9.96583104133606,131.0,188.0,SF,1.0,1.0,0.0,ShAdDafrF,18.0,1075.0,17.0,1056.0,FTP
1720728878.802534,CIuuU92ArveVHgPZzf,192.168.1.6,38132.0,192.168.1.4,21.0,tcp,9.1841778755188,159.0,188.0,SF,1.0,1.0,0.0,ShAdDafFr,18.0,1103.0,17.0,1056.0,FTP
1720729299.132196,CERdkh4g75Q29DIvsl,192.168.1.6,45738.0,192.168.1.4,21.0,tcp,9.774639129638672,145.0,188.0,SF,1.0,1.0,0.0,ShAdDafFr,18.0,1089.0,17.0,1056.0,FTP
1720728275.024201,CsPEl413siB667Q5wd,192.168.1.4,54588.0,192.168.1.1,53.0,udp,9.774639129638672,145.0,188.0,SF,1.0,1.0,0.0,ShAdDafFr,18.0,1089.0,17.0,1056.0,DNS
1720728306.181763,CVoZ3MZrb7cbzU3rh,192.168.1.4,43565.0,192.168.1.1,53.0,udp,9.774639129638672,145.0,188.0,SF,1.0,1.0,0.0,ShAdDafFr,18.0,1089.0,17.0,1056.0,DNS
1720728822.404322,CkPIYv4CI2MA82QZSa,192.168.1.6,57364.0,192.168.1.4,21.0,tcp,9.333722114562988,125.0,188.0,SF,1.0,1.0,0.0,ShAdDafrF,18.0,1069.0,17.0,1056.0,FTP
1720731752.190487,CGgKzr4lpibDHVBG8j,192.168.1.6,40506.0,192.168.1.4,21.0,tcp,11.453234195709229,158.0,188.0,SF,1.0,1.0,0.0,ShAdDafFr,18.0,1102.0,17.0,1056.0,FTP
1720728035.153702,CeGQVWpn4FhVgwQW9,192.168.1.4,56940.0,192.168.1.1,53.0,udp,0.022250890731811,52.0,113.0,SF,1.0,1.0,0.0,Dd,1.0,80.0,1.0,141.0,DNS
1720729871.354343,CvjkFy1OkmE5NxHyD4,192.168.1.6,51956.0,192.168.1.4,21.0,tcp,9.959264993667604,125.0,188.0,SF,1.0,1.0,0.0,ShAdDafrF,18.0,1069.0,17.0,1056.0,FTP
1720728771.41436,CGgjra20RfRyCaOX0c,192.168.1.6,33064.0,192.168.1.4,21.0,tcp,9.788064002990724,127.0,188.0,SF,1.0,1.0,0.0,ShAdDafrF,18.0,1071.0,17.0,1056.0,FTP
1720731690.824152,CHkhZx4kRSFsnmv177,192.168.1.6,52694.0,192.168.1.4,21.0,tcp,10.578815937042236,159.0,188.0,SF,1.0,1.0,0.0,ShAdDafrF,18.0,1103.0,17.0,1056.0,FTP
1720728091.35372,CItY72baWbdfiEqjd,192.168.1.6,35120.0,192.168.1.4,21.0,tcp,9.51617693901062,118.0,188.0,SF,1.0,1.0,0.0,ShAdDafrF,18.0,1062.0,17.0,1056.0,FTP
1720729922.757275,C7obBO2vJi1eNV8Idk,192.168.1.6,45632.0,192.168.1.4,21.0,tcp,10.914945840835571,142.0,188.0,SF,1.0,1.0,0.0,ShAdDafrF,18.0,1086.0,17.0,1056.0,FTP
1720727831.331378,CU8SFf2ZmncQpZy0R7,192.168.1.6,52242.0,192.168.1.4,21.0,tcp,10.45277190208435,118.0,188.0,SF,1.0,1.0,0.0,ShAdDafFr,18.0,1062.0,17.0,1056.0,FTP
1720730246.55097,C1yM8v14Zf1ZXtqAdi,192.168.1.6,59310.0,192.168.1.4,21.0,tcp,9.86303687095642,123.0,188.0,SF,1.0,1.0,0.0,ShAdDafrF,18.0,1067.0,17.0,1056.0,FTP
1720729483.847625,Cx3BNS1CIBGLnPpLob,192.168.1.6,55866.0,192.168.1.4,21.0,tcp,10.091089963912964,123.0,188.0,SF,1.0,1.0,0.0,ShAdDafrF,18.0,1067.0,17.0,1056.0,FTP
1720728305.150302,CC5qR51tLbtSRlYMQ,192.168.1.4,43100.0,45.60.109.20,443.0,tcp,46.31154704093933,1878.0,5658.0,SF,1.0,0.0,0.0,ShADadFRf,12.0,2486.0,12.0,6290.0,HTTPS
1720728331.938681,Cp1Lg13QZ95pelyhjc,192.168.1.4,50634.0,23.205.106.179,443.0,tcp,46.31154704093933,1878.0,5658.0,SF,1.0,0.0,0.0,ShADadFRf,12.0,2486.0,12.0,6290.0,HTTPS
1720728245.070448,CkoulfIxLnqfXltg3,192.168.1.4,51494.0,192.168.1.1,53.0,udp,46.31154704093933,1878.0,5658.0,SF,1.0,0.0,0.0,ShADadFRf,12.0,2486.0,12.0,6290.0,DNS
1720730168.468996,Cz8e3m2OpUdnFTiPCc,192.168.1.6,34474.0,192.168.1.4,21.0,tcp,10.27324891090393,129.0,188.0,SF,1.0,1.0,0.0,ShAdDafrF,18.0,1073.0,17.0,1056.0,FTP
1720727765.783673,CJyD4o05Oj3T1Vrqf,192.168.1.4,55995.0,192.168.1.1,53.0,udp,0.018133878707885,53.0,114.0,SF,1.0,1.0,0.0,Dd,1.0,81.0,1.0,142.0,DNS
1720729851.801883,C43Kl04ffj1hg2Qzsi,192.168.1.6,41876.0,192.168.1.4,21.0,tcp,9.530365943908691,122.0,188.0,SF,1.0,1.0,0.0,ShAdDafrF,18.0,1066.0,17.0,1056.0,FTP
1720727916.580754,Cyf4Gi4s5NulM1pUC4,192.168.1.4,39561.0,142.251.32.98,443.0,udp,0.168164014816284,5177.0,30899.0,SF,1.0,0.0,0.0,Dd,25.0,5877.0,34.0,31851.0,HTTPS
1720730339.616685,C3hznSpWQpdAfsfya,192.168.1.6,35476.0,192.168.1.4,21.0,tcp,9.826323986053469,139.0,188.0,SF,1.0,1.0,0.0,ShAdDafFr,18.0,1083.0,17.0,1056.0,FTP
1720731739.328466,CBTYm34jqeACqeKFIc,192.168.1.6,52682.0,192.168.1.4,21.0,tcp,9.952752113342283,153.0,188.0,SF,1.0,1.0,0.0,ShAdDafFr,18.0,1097.0,17.0,1056.0,FTP
1720731676.800686,C5gHTJ1DWGfX7yuft8,192.168.1.6,44864.0,192.168.1.4,21.0,tcp,10.138191223144531,168.0,188.0,SF,1.0,1.0,0.0,ShAdDafFr,18.0,1112.0,17.0,1056.0,FTP
1720731123.273261,CFLajg1aYhMtNTYdwh,192.168.1.6,38818.0,192.168.1.4,21.0,tcp,9.311700820922852,109.0,188.0,SF,1.0,1.0,0.0,ShAdDafrF,18.0,1053.0,17.0,1056.0,FTP
1720730832.25487,CHFfwf4W32L99mroXi,192.168.1.6,34364.0,192.168.1.4,21.0,tcp,9.12247896194458,123.0,188.0,SF,1.0,1.0,0.0,ShAdDafFr,18.0,1067.0,17.0,1056.0,FTP
1720727883.639247,C5xPiL1aSCJttnC36g,192.168.1.4,53104.0,45.60.73.20,443.0,tcp,241.37933015823364,53519.0,129949.0,RSTO,1.0,0.0,0.0,ShADadTRf,91.0,58475.0,118.0,136105.0,HTTPS
1720728124.888975,CGnRzY2zWFTKSeEeQ4,192.168.1.4,36244.0,192.168.1.1,53.0,udp,241.37933015823364,53519.0,129949.0,RSTO,1.0,0.0,0.0,ShADadTRf,91.0,58475.0,118.0,136105.0,DNS
1720727882.315865,C2wLlmPM9x8LnH2cc,192.168.1.6,46404.0,192.168.1.4,21.0,tcp,9.987233877182009,118.0,188.0,SF,1.0,1.0,0.0,ShAdDafFr,18.0,1062.0,17.0,1056.0,FTP
1720728034.659233,CI0Id01SDGJZQINKIe,192.168.1.4,48206.0,192.168.1.1,53.0,udp,0.01432991027832,49.0,262.0,SF,1.0,1.0,0.0,Dd,1.0,77.0,1.0,290.0,DNS
1720731463.219846,CcBvgVPQFWjmdkgX5,192.168.1.6,56606.0,192.168.1.4,21.0,tcp,9.469304084777832,158.0,188.0,SF,1.0,1.0,0.0,ShAdDafrF,18.0,1102.0,17.0,1056.0,FTP
1720729739.526485,Cg54sVVRsiJ1QXjh5,192.168.1.6,42554.0,192.168.1.4,21.0,tcp,10.292032957077026,115.0,188.0,SF,1.0,1.0,0.0,ShAdDafrF,18.0,1059.0,17.0,1056.0,FTP
1720729493.938878,Cf52QF1NiadMvMYyC,192.168.1.6,43216.0,192.168.1.4,21.0,tcp,10.366668939590454,145.0,188.0,SF,1.0,1.0,0.0,ShAdDafFr,18.0,1089.0,17.0,1056.0,FTP
1720728030.567199,CeMw6l4czmCaEluo3j,192.168.1.6,43148.0,192.168.1.4,21.0,tcp,10.35405206680298,117.0,188.0,SF,1.0,1.0,0.0,ShAdDafFr,18.0,1061.0,17.0,1056.0,FTP
1720729154.914656,CCCFSD1PYnrMAjluT,192.168.1.6,45792.0,192.168.1.4,21.0,tcp,9.93086004257202,116.0,188.0,SF,1.0,1.0,0.0,ShAdDafrF,18.0,1060.0,17.0,1056.0,FTP
1720728035.024774,CyJb6WilrBnDpRTe8,192.168.1.4,50312.0,31.13.71.7,443.0,tcp,9.93086004257202,116.0,188.0,SF,1.0,1.0,0.0,ShAdDafrF,18.0,1060.0,17.0,1056.0,HTTPS
1720727915.52812,Cb6aOA49OWlw2FraD6,192.168.1.4,42911.0,192.168.1.1,53.0,udp,9.93086004257202,116.0,188.0,SF,1.0,1.0,0.0,ShAdDafrF,18.0,1060.0,17.0,1056.0,DNS
1720728186.549504,CcqJTg2N5AL2VaGj6l,192.168.1.4,49511.0,142.251.41.6,443.0,udp,9.93086004257202,116.0,188.0,SF,1.0,1.0,0.0,IIiiiIhhhHH,18.0,1060.0,17.0,1056.0,HTTPS
1720731534.359288,CCafUh2HwnbCAXTkH1,192.168.1.6,44938.0,192.168.1.4,21.0,tcp,10.700345993041992,141.0,188.0,SF,1.0,1.0,0.0,ShAdDafrF,18.0,1085.0,17.0,1056.0,FTP
1720730971.409342,CyEWbv1O2dR0XAGOf,192.168.1.6,48970.0,192.168.1.4,21.0,tcp,10.664870023727415,130.0,188.0,SF,1.0,1.0,0.0,ShAdDafrF,18.0,1074.0,17.0,1056.0,FTP
1720730982.104819,C21gGW17MOtZH7soJd,192.168.1.6,36320.0,192.168.1.4,21.0,tcp,10.226878881454468,132.0,188.0,SF,1.0,1.0,0.0,ShAdDafrF,18.0,1076.0,17.0,1056.0,FTP
1720727805.876111,C0Gp4s4hhftU2htaLh,192.168.1.6,41920.0,192.168.1.4,21.0,tcp,9.88656497001648,118.0,188.0,SF,1.0,1.0,0.0,ShAdDafrF,18.0,1062.0,17.0,1056.0,FTP
1720727767.325115,Cp6RHL2qBMFH4MutCf,192.168.1.4,42192.0,192.168.1.1,53.0,udp,0.001127958297729,80.0,150.0,SF,1.0,1.0,0.0,Dd,1.0,108.0,1.0,178.0,DNS
1720728306.004912,CJzcENuQSSliBYk71,192.168.1.4,50614.0,31.13.71.7,443.0,udp,0.001127958297729,80.0,150.0,SF,1.0,1.0,0.0,IIishhhHHh,1.0,108.0,1.0,178.0,HTTPS
1720729814.092868,CAaiCdWhm47NKo6l2,192.168.1.6,34320.0,192.168.1.4,21.0,tcp,9.53498387336731,128.0,188.0,SF,1.0,1.0,0.0,ShAdDafrF,18.0,1072.0,17.0,1056.0,FTP
1720730698.952097,CmaZPy3zRyANgXIWQh,192.168.1.6,39428.0,192.168.1.4,21.0,tcp,10.975051164627075,129.0,188.0,SF,1.0,1.0,0.0,ShAdDafrF,18.0,1073.0,17.0,1056.0,FTP
1720729880.200243,CxbgBf40rmSBbfcYVc,192.168.1.6,46260.0,192.168.1.4,21.0,tcp,10.663625955581663,126.0,188.0,SF,1.0,1.0,0.0,ShAdDafrF,18.0,1070.0,17.0,1056.0,FTP
1720728305.125152,CCd5EA2QBSzwT4GxZ6,192.168.1.4,43092.0,45.60.109.20,443.0,tcp,46.33497285842896,1814.0,5658.0,SF,1.0,0.0,0.0,ShADadFRf,12.0,2422.0,12.0,6290.0,HTTPS
1720728257.56947,CaUPsu4X41hTJwZTMc,192.168.1.6,46726.0,192.168.1.4,21.0,tcp,11.174702167510986,118.0,188.0,SF,1.0,1.0,0.0,ShAdDafrF,18.0,1062.0,17.0,1056.0,FTP
1720728858.781306,CqsgDq1fWmroudcHK8,192.168.1.6,50694.0,192.168.1.4,21.0,tcp,9.877343893051147,149.0,188.0,SF,1.0,1.0,0.0,ShAdDafFr,18.0,1093.0,17.0,1056.0,FTP
1720727916.725709,CYJVae2OcdQMBJzXmb,192.168.1.4,39407.0,142.250.65.161,443.0,tcp,9.877343893051147,149.0,188.0,SF,1.0,1.0,0.0,IIiiiIhhHhHhH,18.0,1093.0,17.0,1056.0,HTTPS
1720728187.339457,CPS6qR1S5zFQZ7BWi3,192.168.1.4,37106.0,192.168.1.1,53.0,udp,9.877343893051147,149.0,188.0,SF,1.0,1.0,0.0,IIiiiIhhHhHhH,18.0,1093.0,17.0,1056.0,DNS
1720727765.81605,CRC9fbpN0dxB9yqmg,192.168.1.4,38485.0,192.168.1.1,53.0,udp,9.877343893051147,149.0,188.0,SF,1.0,1.0,0.0,IIiiiIhhHhHhH,18.0,1093.0,17.0,1056.0,DNS
1720728034.68392,CjoZCx1mNmasCA4Vj2,192.168.1.4,42976.0,104.96.220.114,443.0,udp,9.877343893051147,149.0,188.0,SF,1.0,1.0,0.0,IIiiiIhhHhHhH,18.0,1093.0,17.0,1056.0,HTTPS
1720728370.851991,CCuyjy12iG11OaCN3k,192.168.1.6,46778.0,192.168.1.4,21.0,tcp,10.711143016815186,118.0,188.0,SF,1.0,1.0,0.0,ShAdDafrF,18.0,1062.0,17.0,1056.0,FTP
1720730465.59064,CVXfgw3QHRCj2NIqr4,192.168.1.6,36294.0,192.168.1.4,21.0,tcp,9.731283903121948,126.0,188.0,SF,1.0,1.0,0.0,ShAdDafFr,18.0,1070.0,17.0,1056.0,FTP
1720731383.578968,CuvaIw4Tdrm7NDWouf,192.168.1.6,40356.0,192.168.1.4,21.0,tcp,10.802796840667725,162.0,188.0,SF,1.0,1.0,0.0,ShAdDafrF,18.0,1106.0,17.0,1056.0,FTP
1720727854.232385,Cflkka2CGDp0ZOSH37,192.168.1.4,45793.0,104.18.11.207,443.0,tcp,10.802796840667725,162.0,188.0,SF,1.0,1.0,0.0,ShAdDafrF,18.0,1106.0,17.0,1056.0,HTTPS
1720731046.075232,CAtBa91uJhQWyM9Iue,192.168.1.6,33076.0,192.168.1.4,21.0,tcp,10.725625038146973,131.0,188.0,SF,1.0,1.0,0.0,ShAdDafrF,18.0,1075.0,17.0,1056.0,FTP
1720728186.74425,CkdY9h439MdiCt1hih,192.168.1.4,33356.0,192.168.1.1,53.0,udp,0.001297950744628,49.0,313.0,SF,1.0,1.0,0.0,Dd,1.0,77.0,1.0,341.0,DNS
1720730505.478815,CDtnkv28yYUtIwL659,192.168.1.6,60820.0,192.168.1.4,21.0,tcp,10.065102815628052,124.0,188.0,SF,1.0,1.0,0.0,ShAdDafFr,18.0,1068.0,17.0,1056.0,FTP
1720730426.658391,C5AZzL3bXgU96LVgf6,192.168.1.6,58816.0,192.168.1.4,21.0,tcp,9.19839096069336,125.0,188.0,SF,1.0,1.0,0.0,ShAdDafrF,18.0,1069.0,17.0,1056.0,FTP
1720728011.340995,CfDUJf2AHosN9cBDU7,192.168.1.6,38350.0,192.168.1.4,21.0,tcp,9.895153045654297,118.0,188.0,SF,1.0,1.0,0.0,ShAdDafrF,18.0,1062.0,17.0,1056.0,FTP
1720730337.129649,CdqHsQpgYaJLJZ84d,192.168.1.6,35414.0,192.168.1.4,21.0,tcp,10.222355127334597,125.0,188.0,SF,1.0,1.0,0.0,ShAdDafrF,18.0,1069.0,17.0,1056.0,FTP
1720729864.514097,CrFseq16L2inwUzvY8,192.168.1.6,51862.0,192.168.1.4,21.0,tcp,10.406091928482056,138.0,188.0,SF,1.0,1.0,0.0,ShAdDafrF,18.0,1082.0,17.0,1056.0,FTP
1720728837.550885,CBh7RK2mOEh0ujNyFc,192.168.1.6,51732.0,192.168.1.4,21.0,tcp,10.70948314666748,120.0,188.0,SF,1.0,1.0,0.0,ShAdDafrF,18.0,1064.0,17.0,1056.0,FTP
1720729558.387164,C16uM912t7gup1kE25,192.168.1.6,56778.0,192.168.1.4,21.0,tcp,9.577627897262571,114.0,188.0,SF,1.0,1.0,0.0,ShAdDafrF,18.0,1058.0,17.0,1056.0,FTP
1720730890.831137,CKpqj944Xk2MN7SwLe,192.168.1.6,43408.0,192.168.1.4,21.0,tcp,10.908403158187866,123.0,188.0,SF,1.0,1.0,0.0,ShAdDafrF,18.0,1067.0,17.0,1056.0,FTP
1720729461.408958,C3lQ7drUJysxPRWIf,192.168.1.6,56494.0,192.168.1.4,21.0,tcp,10.778033018112184,131.0,188.0,SF,1.0,1.0,0.0,ShAdDafrF,18.0,1075.0,17.0,1056.0,FTP
1720727793.160878,CxmlPh3nVxIa9zlK8e,192.168.1.4,52336.0,192.168.1.1,53.0,udp,10.778033018112184,131.0,188.0,SF,1.0,1.0,0.0,ShAdDafrF,18.0,1075.0,17.0,1056.0,DNS
1720728081.78159,CmXtQK1WsLLr5ywPKk,192.168.1.6,52134.0,192.168.1.4,21.0,tcp,9.55186891555786,118.0,188.0,SF,1.0,1.0,0.0,ShAdDafrF,18.0,1062.0,17.0,1056.0,FTP
1720727915.120384,CfTOI74RGDql8ztBxl,192.168.1.4,43479.0,192.168.1.1,53.0,udp,0.001142978668212,48.0,98.0,SF,1.0,1.0,0.0,Dd,1.0,76.0,1.0,126.0,DNS
1720728275.827785,CuOXwXyZz2cQztNGd,192.168.1.4,54244.0,192.168.1.1,53.0,udp,0.001142978668212,48.0,98.0,SF,1.0,1.0,0.0,Dd,1.0,76.0,1.0,126.0,DNS
1720728736.591787,CBm9dz27RIkSsPO66i,192.168.1.6,49664.0,192.168.1.4,21.0,tcp,9.988204956054688,124.0,188.0,SF,1.0,1.0,0.0,ShAdDafrF,18.0,1068.0,17.0,1056.0,FTP
1720727974.020386,C2KGgm1WWqsQ3fIkF3,192.168.1.4,38108.0,204.235.147.206,443.0,tcp,9.988204956054688,124.0,188.0,SF,1.0,1.0,0.0,ShAdDafrF,18.0,1068.0,17.0,1056.0,HTTPS
1720730689.402951,CTorzq22F5ZHIWU5zk,192.168.1.6,33210.0,192.168.1.4,21.0,tcp,9.82817006111145,128.0,188.0,SF,1.0,1.0,0.0,ShAdDafrF,18.0,1072.0,17.0,1056.0,FTP
1720728298.863639,CQA80q3scU91whwYva,192.168.1.6,60728.0,192.168.1.4,21.0,tcp,9.92461395263672,118.0,188.0,SF,1.0,1.0,0.0,ShAdDafrF,18.0,1062.0,17.0,1056.0,FTP
1720728934.290776,CETMQH3IgN2VsyuZHb,192.168.1.6,42372.0,192.168.1.4,21.0,tcp,9.090357065200806,139.0,188.0,SF,1.0,1.0,0.0,ShAdDafrF,18.0,1083.0,17.0,1056.0,FTP
1720727915.083388,CpznlQCtt3VH64akk,192.168.1.4,42312.0,104.96.238.138,443.0,tcp,120.12873792648315,2347.0,5517.0,SF,1.0,0.0,0.0,ShADadfF,17.0,3239.0,18.0,6461.0,HTTPS
1720729912.529696,CueuLFQkfejuUfOH4,192.168.1.6,43534.0,192.168.1.4,21.0,tcp,9.90340495109558,127.0,188.0,SF,1.0,1.0,0.0,ShAdDafrF,18.0,1071.0,17.0,1056.0,FTP
1720728094.304039,CiGF5A4ds0oJrpNiwc,192.168.1.4,33203.0,192.168.1.1,53.0,udp,9.90340495109558,127.0,188.0,SF,1.0,1.0,0.0,ShAdDafrF,18.0,1071.0,17.0,1056.0,DNS
1720731915.869779,CxISFs3btA9kw3o9C6,192.168.1.6,38522.0,192.168.1.4,21.0,tcp,10.048978805541992,167.0,188.0,SF,1.0,1.0,0.0,ShAdDafrF,18.0,1111.0,17.0,1056.0,FTP
1720728035.024774,CyJb6WilrBnDpRTe8,192.168.1.4,50312.0,31.13.71.7,443.0,tcp,10.048978805541992,167.0,188.0,SF,1.0,1.0,0.0,IIishhhHHh,18.0,1111.0,17.0,1056.0,HTTPS
1720728246.242731,Cdsz9F2JKawvsvXFw7,192.168.1.4,44051.0,192.168.1.1,53.0,udp,10.048978805541992,167.0,188.0,SF,1.0,1.0,0.0,IIishhhHHh,18.0,1111.0,17.0,1056.0,DNS
1720728305.102941,CzBmaQ31vslpEjXlo7,192.168.1.4,52207.0,192.168.1.1,53.0,udp,10.048978805541992,167.0,188.0,SF,1.0,1.0,0.0,IIishhhHHh,18.0,1111.0,17.0,1056.0,DNS
1720728094.359767,ChfzIEODovgjVSgKc,192.168.1.4,35702.0,192.168.1.1,53.0,udp,10.048978805541992,167.0,188.0,SF,1.0,1.0,0.0,IIishhhHHh,18.0,1111.0,17.0,1056.0,DNS
1720728071.820081,CwslMp4UzI1JazOZr9,192.168.1.6,56312.0,192.168.1.4,21.0,tcp,10.099805116653442,118.0,188.0,SF,1.0,1.0,0.0,ShAdDafrF,18.0,1062.0,17.0,1056.0,FTP
1720730883.892433,Cd0Q9L23DS7Vr35Zt5,192.168.1.6,43320.0,192.168.1.4,21.0,tcp,10.338171005249023,127.0,188.0,SF,1.0,1.0,0.0,ShAdDafrF,18.0,1071.0,17.0,1056.0,FTP
1720727915.961363,C8fGUQVECKvHwSiL7,192.168.1.6,39896.0,192.168.1.4,21.0,tcp,11.127629041671751,118.0,188.0,SF,1.0,1.0,0.0,ShAdDafFr,18.0,1062.0,17.0,1056.0,FTP
1720728177.381474,C6kslA4BMLcwr1Gut1,192.168.1.6,37118.0,192.168.1.4,21.0,tcp,9.790673017501833,116.0,188.0,SF,1.0,1.0,0.0,ShAdDafFr,18.0,1060.0,17.0,1056.0,FTP
1720730750.595809,CNrNcv3ZyRCoT5tT6a,192.168.1.6,60546.0,192.168.1.4,21.0,tcp,9.155774116516112,132.0,188.0,SF,1.0,1.0,0.0,ShAdDafFr,18.0,1076.0,17.0,1056.0,FTP
1720727677.355338,CEu8Xd3vsGhqYySRs6,192.168.1.4,41176.0,35.181.74.140,443.0,tcp,306.0437088012696,2675.0,4720.0,SF,1.0,0.0,0.0,ShADadFfR,18.0,3595.0,16.0,5560.0,HTTPS
1720729953.727473,CcIKH6TGZkgJ32oCl,192.168.1.6,48450.0,192.168.1.4,21.0,tcp,11.34239101409912,119.0,188.0,SF,1.0,1.0,0.0,ShAdDafrF,18.0,1063.0,17.0,1056.0,FTP
1720729858.282273,Cafmjw33fsuhp1RgQl,192.168.1.6,47890.0,192.168.1.4,21.0,tcp,10.587719917297363,136.0,188.0,SF,1.0,1.0,0.0,ShAdDafrF,18.0,1080.0,17.0,1056.0,FTP
1720728125.056999,CTuxSGxel8hIIiVjb,192.168.1.4,46786.0,192.168.1.1,53.0,udp,10.587719917297363,136.0,188.0,SF,1.0,1.0,0.0,ShAdDafrF,18.0,1080.0,17.0,1056.0,DNS
1720731433.075591,CwSnmf4tyWRx6OYnwk,192.168.1.6,52952.0,192.168.1.4,21.0,tcp,11.11386489868164,149.0,188.0,SF,1.0,1.0,0.0,ShAdDafrF,18.0,1093.0,17.0,1056.0,FTP
1720731685.441967,C21Yxs4st0U0aGIQU3,192.168.1.6,52612.0,192.168.1.4,21.0,tcp,10.37498688697815,179.0,188.0,SF,1.0,1.0,0.0,ShAdDafFr,18.0,1123.0,17.0,1056.0,FTP
1720729661.354833,ConhEs3CtmN9X6j9O3,192.168.1.6,55846.0,192.168.1.4,21.0,tcp,10.465988159179688,136.0,188.0,SF,1.0,1.0,0.0,ShAdDafFr,18.0,1080.0,17.0,1056.0,FTP
1720728358.056646,CFh55x4RnoVhayWklc,192.168.1.6,36032.0,192.168.1.4,21.0,tcp,10.49496078491211,118.0,188.0,SF,1.0,1.0,0.0,ShAdDafrF,18.0,1062.0,17.0,1056.0,FTP
1720731939.823517,ClsUNPnJ5sqb1rf2i,192.168.1.6,33132.0,192.168.1.4,21.0,tcp,9.4639630317688,150.0,188.0,SF,1.0,1.0,0.0,ShAdDafFr,18.0,1094.0,17.0,1056.0,FTP
1720728215.669344,Ce0VWL17xoxHQFRxWa,192.168.1.4,38862.0,192.168.1.1,53.0,udp,9.4639630317688,150.0,188.0,SF,1.0,1.0,0.0,ShAdDafFr,18.0,1094.0,17.0,1056.0,DNS
1720730961.337798,CMSgJO1JxWQOKr81Jl,192.168.1.6,51496.0,192.168.1.4,21.0,tcp,10.061203956604004,119.0,188.0,SF,1.0,1.0,0.0,ShAdDafrF,18.0,1063.0,17.0,1056.0,FTP
1720728021.264699,Cw3tRk9gKzW4knDl4,192.168.1.6,55402.0,192.168.1.4,21.0,tcp,9.900399923324583,118.0,188.0,SF,1.0,1.0,0.0,ShAdDafrF,18.0,1062.0,17.0,1056.0,FTP
1720727913.797798,CqvkCh3qRDdRpExcCj,192.168.1.4,32778.0,18.238.4.118,443.0,tcp,9.900399923324583,118.0,188.0,SF,1.0,1.0,0.0,ShAdDafrF,18.0,1062.0,17.0,1056.0,HTTPS
1720727915.178245,C8LFDm7BwW2atXJWd,192.168.1.4,33758.0,13.224.214.65,443.0,tcp,9.900399923324583,118.0,188.0,SF,1.0,1.0,0.0,ShAdDafrF,18.0,1062.0,17.0,1056.0,HTTPS
1720728184.685582,CS7roW9S90ne6NIl6,192.168.1.4,47116.0,23.48.104.69,443.0,tcp,24.05667805671692,1900.0,4713.0,SF,1.0,0.0,0.0,ShADadfF,11.0,2492.0,12.0,5345.0,HTTPS
1720731275.91703,CgT46y2WAM98VlC7Ih,192.168.1.6,39830.0,192.168.1.4,21.0,tcp,10.326673984527588,150.0,188.0,SF,1.0,1.0,0.0,ShAdDafrF,18.0,1094.0,17.0,1056.0,FTP
1720728305.133874,Cscq0IJ5pFt2t5Y7,192.168.1.4,58104.0,192.168.1.1,53.0,udp,10.326673984527588,150.0,188.0,SF,1.0,1.0,0.0,ShAdDafrF,18.0,1094.0,17.0,1056.0,DNS
1720728186.721095,CXm2Hi40bGqfFAWfx4,192.168.1.4,37875.0,192.168.1.1,53.0,udp,0.001539945602416,43.0,59.0,SF,1.0,1.0,0.0,Dd,1.0,71.0,1.0,87.0,DNS
1720729941.096396,CCXWb1uafzHw5TgRf,192.168.1.6,47756.0,192.168.1.4,21.0,tcp,9.501521110534668,122.0,188.0,SF,1.0,1.0,0.0,ShAdDafrF,18.0,1066.0,17.0,1056.0,FTP
1720731280.182281,CHiksy2vJssiJ2Nd53,192.168.1.6,39960.0,192.168.1.4,21.0,tcp,10.43142294883728,180.0,188.0,SF,1.0,1.0,0.0,ShAdDafrF,18.0,1124.0,17.0,1056.0,FTP
1720728124.825999,CcxhqDBa92ua6xfa6,192.168.1.4,39130.0,18.238.4.35,443.0,tcp,30.125452041625977,1943.0,395.0,SF,1.0,0.0,0.0,ShADadfF,9.0,2419.0,8.0,819.0,HTTPS
1720728096.473707,CZK5GW1BKBCwA0NEl2,192.168.1.4,35051.0,142.250.80.68,443.0,tcp,30.125452041625977,1943.0,395.0,SF,1.0,0.0,0.0,ShADadfF,9.0,2419.0,8.0,819.0,HTTPS
1720728017.308975,CuzSS846OL9Eb7bsff,192.168.1.4,52831.0,192.168.1.1,53.0,udp,30.125452041625977,1943.0,395.0,SF,1.0,0.0,0.0,ShADadfF,9.0,2419.0,8.0,819.0,DNS
1720730995.6056,CTWbejPSZuEYqalU6,192.168.1.6,44268.0,192.168.1.4,21.0,tcp,11.01755690574646,122.0,188.0,SF,1.0,1.0,0.0,ShAdDafrF,18.0,1066.0,17.0,1056.0,FTP
1720730254.022215,C7aJ604JwhO3CqDEK5,192.168.1.6,40282.0,192.168.1.4,21.0,tcp,11.233537197113035,126.0,188.0,SF,1.0,1.0,0.0,ShAdDafrF,18.0,1070.0,17.0,1056.0,FTP
1720728719.268277,C0rkfP1uoxpeqqOkaf,192.168.1.6,45228.0,192.168.1.4,21.0,tcp,10.504929065704346,142.0,188.0,SF,1.0,1.0,0.0,ShAdDafrF,18.0,1086.0,17.0,1056.0,FTP
1720730194.719086,CxmDV82IMe8cBU3bcc,192.168.1.6,45060.0,192.168.1.4,21.0,tcp,10.44406795501709,128.0,188.0,SF,1.0,1.0,0.0,ShAdDafrF,18.0,1072.0,17.0,1056.0,FTP
1720727979.260591,CP4dWF4t0vxILj9Ph5,192.168.1.6,55082.0,192.168.1.4,21.0,tcp,10.146897077560425,116.0,188.0,SF,1.0,1.0,0.0,ShAdDafrF,18.0,1060.0,17.0,1056.0,FTP
1720728966.567951,CzP8Ls3d8Iz19KQdpl,192.168.1.6,43100.0,192.168.1.4,21.0,tcp,9.69400691986084,138.0,188.0,SF,1.0,1.0,0.0,ShAdDafFr,18.0,1082.0,17.0,1056.0,FTP
1720728274.989768,Ce0aKR35jWgztI2klj,192.168.1.4,33989.0,192.168.1.1,53.0,udp,9.69400691986084,138.0,188.0,SF,1.0,1.0,0.0,ShAdDafFr,18.0,1082.0,17.0,1056.0,DNS
1720730929.234176,Ccexwx5bU2OGpS0a5,192.168.1.6,43428.0,192.168.1.4,21.0,tcp,11.363919019699097,148.0,188.0,SF,1.0,1.0,0.0,ShAdDafrF,18.0,1092.0,17.0,1056.0,FTP
1720729594.547766,CZycmL37qsGGXk14Pa,192.168.1.6,51102.0,192.168.1.4,21.0,tcp,9.26229691505432,112.0,188.0,SF,1.0,1.0,0.0,ShAdDafrF,18.0,1056.0,17.0,1056.0,FTP
1720728471.462713,CSLNHw35x1ZswevaJ9,192.168.1.6,41022.0,192.168.1.4,21.0,tcp,9.40970492362976,118.0,188.0,SF,1.0,1.0,0.0,ShAdDafrF,18.0,1062.0,17.0,1056.0,FTP
1720727667.669207,CbKa5WGYh641N0ij7,192.168.1.4,58810.0,20.42.65.89,443.0,tcp,124.15872478485107,5659.0,6907.0,RSTR,1.0,0.0,0.0,ShADadr,15.0,6447.0,17.0,7799.0,HTTPS
1720727881.31146,CqocbR3EPkrN51qhwf,192.168.1.4,34024.0,192.168.1.1,53.0,udp,124.15872478485107,5659.0,6907.0,RSTR,1.0,0.0,0.0,ShADadr,15.0,6447.0,17.0,7799.0,DNS
1720727884.265014,CyWzTP3Dp9xCCSKYak,192.168.1.4,33776.0,192.168.1.1,53.0,udp,124.15872478485107,5659.0,6907.0,RSTR,1.0,0.0,0.0,ShADadr,15.0,6447.0,17.0,7799.0,DNS
1720729377.77838,CnFyVy2nXFeFbFsHng,192.168.1.6,47830.0,192.168.1.4,21.0,tcp,9.98160719871521,129.0,188.0,SF,1.0,1.0,0.0,ShAdDafrF,18.0,1073.0,17.0,1056.0,FTP
1720727885.045556,Cu02zT3jF9UoqmJPp5,192.168.1.4,56440.0,192.168.1.1,53.0,udp,0.024451971054077,41.0,388.0,SF,1.0,1.0,0.0,Dd,1.0,69.0,1.0,416.0,DNS
1720728215.692192,ClloDS3VPRDUyuM71a,192.168.1.4,39724.0,142.250.176.195,443.0,udp,0.024451971054077,41.0,388.0,SF,1.0,1.0,0.0,Dd,1.0,69.0,1.0,416.0,HTTPS
1720727793.449975,CG365D2oYs08wDJP29,192.168.1.4,54415.0,192.168.1.1,53.0,udp,0.047400951385498,58.0,275.0,SF,1.0,1.0,0.0,Dd,1.0,86.0,1.0,303.0,DNS
1720730688.703496,C4lEah3y2RwhG7hQbk,192.168.1.6,33172.0,192.168.1.4,21.0,tcp,10.233384132385254,135.0,188.0,SF,1.0,1.0,0.0,ShAdDafrF,18.0,1079.0,17.0,1056.0,FTP
1720727763.940384,COKiGt1Uqf2paDry4g,192.168.1.4,34883.0,192.168.1.1,53.0,udp,0.002677202224731,41.0,447.0,SF,1.0,1.0,0.0,Dd,1.0,69.0,1.0,475.0,DNS
1720727906.136834,C5R0nU1BPL5DCLY9l5,192.168.1.6,47688.0,192.168.1.4,21.0,tcp,9.879170179367064,118.0,188.0,SF,1.0,1.0,0.0,ShAdDafFr,18.0,1062.0,17.0,1056.0,FTP
1720728035.167381,CLkdBV3FwlPE6N0wvb,192.168.1.4,56132.0,192.168.1.1,53.0,udp,0.033661842346191,48.0,219.0,SF,1.0,1.0,0.0,Dd,1.0,76.0,1.0,247.0,DNS
1720728263.563236,CLsmlb3AyVl2R5doAk,192.168.1.6,34616.0,192.168.1.4,21.0,tcp,10.180812120437622,118.0,188.0,SF,1.0,1.0,0.0,ShAdDafrF,18.0,1062.0,17.0,1056.0,FTP
1720729240.486458,CqBHjl4ULuNKcgGo31,192.168.1.6,38388.0,192.168.1.4,21.0,tcp,9.280345916748049,134.0,188.0,SF,1.0,1.0,0.0,ShAdDafrF,18.0,1078.0,17.0,1056.0,FTP
1720730807.543149,Cch84j4rqiFs98uAg2,192.168.1.6,53316.0,192.168.1.4,21.0,tcp,9.74748992919922,125.0,188.0,SF,1.0,1.0,0.0,ShAdDafrF,18.0,1069.0,17.0,1056.0,FTP
1720727763.143885,Ciy3OA4yjFht983aT1,192.168.1.4,33630.0,192.168.1.1,53.0,udp,0.0019211769104,52.0,113.0,SF,1.0,1.0,0.0,Dd,1.0,80.0,1.0,141.0,DNS
1720728319.150834,CN1cHv2V1UyuSbf132,192.168.1.6,35678.0,192.168.1.4,21.0,tcp,10.77922797203064,118.0,188.0,SF,1.0,1.0,0.0,ShAdDafrF,18.0,1062.0,17.0,1056.0,FTP
1720730692.946943,CdWVLs3Sd8o2980bD6,192.168.1.6,33260.0,192.168.1.4,21.0,tcp,10.198571920394896,130.0,188.0,SF,1.0,1.0,0.0,ShAdDafrF,18.0,1074.0,17.0,1056.0,FTP
1720727765.863997,CRZfMqzEJjSzf94z4,192.168.1.4,44958.0,192.168.1.1,53.0,udp,0.007108926773071,127.0,127.0,SF,1.0,1.0,0.0,Dd,3.0,211.0,3.0,211.0,DNS
1720727765.783583,C1LvDA43nUAUSdySBe,192.168.1.4,49445.0,192.168.1.1,53.0,udp,0.007108926773071,127.0,127.0,SF,1.0,1.0,0.0,Dd,3.0,211.0,3.0,211.0,DNS
1720731227.420134,CBqq9T3pcs9JutRhc9,192.168.1.6,48718.0,192.168.1.4,21.0,tcp,9.961529970169067,124.0,188.0,SF,1.0,1.0,0.0,ShAdDafrF,18.0,1068.0,17.0,1056.0,FTP
1720728035.13197,CNJYZb1wi5huTmyD0k,192.168.1.4,36555.0,192.168.1.1,53.0,udp,0.021574974060058,49.0,229.0,SF,1.0,1.0,0.0,Dd,1.0,77.0,1.0,257.0,DNS
1720727825.182475,CHgNa24tyYnlqoVdDj,192.168.1.4,49317.0,192.168.1.1,53.0,udp,0.0187828540802,50.0,107.0,SF,1.0,1.0,0.0,Dd,1.0,78.0,1.0,135.0,DNS
1720728996.606888,CTpX1Y32FlbKz8mfh6,192.168.1.6,51444.0,192.168.1.4,21.0,tcp,10.71703600883484,127.0,188.0,SF,1.0,1.0,0.0,ShAdDafrF,18.0,1071.0,17.0,1056.0,FTP
1720727943.769938,Ck81NVVL4QYScuTAa,192.168.1.4,33174.0,104.16.148.244,443.0,tcp,60.20269203186035,2084.0,1903.0,SF,1.0,0.0,0.0,ShADadFf,9.0,2560.0,7.0,2275.0,HTTPS
1720728124.820273,Cf8Pr34Z2vBSrNXCca,192.168.1.4,39116.0,142.251.32.104,443.0,tcp,83.9337329864502,2480.0,233575.0,SF,1.0,0.0,0.0,ShADadFf,128.0,9144.0,170.0,242423.0,HTTPS
1720728799.474409,CK6wpP2AH0WITCbfK6,192.168.1.6,45152.0,192.168.1.4,21.0,tcp,9.846572875976562,120.0,188.0,SF,1.0,1.0,0.0,ShAdDafrF,18.0,1064.0,17.0,1056.0,FTP
1720727884.849714,Cc3req20jQiLQkNIM4,192.168.1.4,47782.0,192.168.1.1,53.0,udp,9.846572875976562,120.0,188.0,SF,1.0,1.0,0.0,ShAdDafrF,18.0,1064.0,17.0,1056.0,DNS
1720728094.425321,CZTP1s4iUiNWOknXO8,192.168.1.4,50788.0,45.60.73.43,443.0,udp,9.846572875976562,120.0,188.0,SF,1.0,1.0,0.0,ShAdDafrF,18.0,1064.0,17.0,1056.0,HTTPS
1720727825.070822,CI4EV4ZZs5tmIjtP1,192.168.1.4,38514.0,142.250.80.110,443.0,udp,9.846572875976562,120.0,188.0,SF,1.0,1.0,0.0,IIiiiIhhHhHhH,18.0,1064.0,17.0,1056.0,HTTPS
1720730245.848125,CrEzM831rZGF02GyX1,192.168.1.6,59280.0,192.168.1.4,21.0,tcp,10.248496055603027,119.0,188.0,SF,1.0,1.0,0.0,ShAdDafrF,18.0,1063.0,17.0,1056.0,FTP
1720728335.295632,C9gKjD2aQxyEl9aDYj,192.168.1.4,58373.0,104.18.32.115,443.0,udp,16.134483098983765,21747.0,34981.0,SF,1.0,0.0,0.0,Dd,46.0,23035.0,51.0,36409.0,HTTPS
1720728243.518426,Cp17uJv0dReVzBxxj,192.168.1.6,50778.0,192.168.1.4,21.0,tcp,10.333263158798218,118.0,188.0,SF,1.0,1.0,0.0,ShAdDafrF,18.0,1062.0,17.0,1056.0,FTP
1720728064.613184,Clqdew1N8qK8NFkZzj,192.168.1.4,50490.0,13.224.214.54,443.0,tcp,10.333263158798218,118.0,188.0,SF,1.0,1.0,0.0,ShAdDafrF,18.0,1062.0,17.0,1056.0,HTTPS
1720727915.695965,C5sY4mBC3ykmseHu7,192.168.1.4,40714.0,18.238.4.5,443.0,tcp,0.050626039505004,1787.0,5006.0,SF,1.0,0.0,0.0,ShADadFfRR,10.0,2279.0,8.0,5430.0,HTTPS
1720728271.938811,C8mUpZ2oNN6Npod1C1,192.168.1.4,42400.0,104.96.220.105,80.0,tcp,0.013236999511718,1787.0,5006.0,SF,0.0,0.0,0.0,ShADadFfRR,10.0,2279.0,8.0,5430.0,HTTP
1720729577.52553,C1BdR54uAupzyhKoPa,192.168.1.6,51916.0,192.168.1.4,21.0,tcp,10.540462970733644,112.0,188.0,SF,1.0,1.0,0.0,ShAdDafFr,18.0,1056.0,17.0,1056.0,FTP
1720728186.46772,CdqAoK2j1AgWLCJ8mk,192.168.1.4,56091.0,192.168.1.1,53.0,udp,0.038415908813476,54.0,311.0,SF,1.0,1.0,0.0,Dd,1.0,82.0,1.0,339.0,DNS
1720731817.812575,CdWWqfsVwUukFmPC4,192.168.1.6,42344.0,192.168.1.4,21.0,tcp,10.556741952896118,166.0,188.0,SF,1.0,1.0,0.0,ShAdDafrF,18.0,1110.0,17.0,1056.0,FTP
1720728433.233953,CaK30m3hsJEfySytEi,192.168.1.4,45193.0,192.168.1.1,53.0,udp,10.556741952896118,166.0,188.0,SF,1.0,1.0,0.0,ShAdDafrF,18.0,1110.0,17.0,1056.0,DNS
1720729753.574065,CjBdUA305GFOJNWiYi,192.168.1.6,43542.0,192.168.1.4,21.0,tcp,10.16093397140503,122.0,188.0,SF,1.0,1.0,0.0,ShAdDafFr,18.0,1066.0,17.0,1056.0,FTP
1720727733.96023,CUUm021uSUDkYPHJwd,192.168.1.4,45763.0,142.251.40.196,443.0,tcp,10.16093397140503,122.0,188.0,SF,1.0,1.0,0.0,ShAdDafFr,18.0,1066.0,17.0,1056.0,HTTPS
1720729762.860012,CmlQqK3TkiGGpIiKf7,192.168.1.6,43658.0,192.168.1.4,21.0,tcp,10.215941905975342,114.0,188.0,SF,1.0,1.0,0.0,ShAdDafrF,18.0,1058.0,17.0,1056.0,FTP
1720730857.158704,CF0Q592IIeTwFXU3Vh,192.168.1.6,41916.0,192.168.1.4,21.0,tcp,10.56690502166748,128.0,188.0,SF,1.0,1.0,0.0,ShAdDafFr,18.0,1072.0,17.0,1056.0,FTP
1720727825.172719,C98Ie91aeZTshjJsgh,192.168.1.4,49481.0,192.168.1.1,53.0,udp,10.56690502166748,128.0,188.0,SF,1.0,1.0,0.0,ShAdDafFr,18.0,1072.0,17.0,1056.0,DNS
1720731118.167564,CGhbEQ2JqRV1FOsg2f,192.168.1.6,57602.0,192.168.1.4,21.0,tcp,10.055962085723875,108.0,188.0,SF,1.0,1.0,0.0,ShAdDafFr,18.0,1052.0,17.0,1056.0,FTP
1720728305.985729,CMaPNdGYN7odxkTAa,192.168.1.4,33151.0,192.168.1.1,53.0,udp,0.006164073944091,41.0,206.0,SF,1.0,1.0,0.0,Dd,1.0,69.0,1.0,234.0,DNS
1720728642.758793,CxlBpr16PAJ3WrKjb5,192.168.1.6,45598.0,192.168.1.4,21.0,tcp,11.061773777008057,133.0,188.0,SF,1.0,1.0,0.0,ShAdDafrF,18.0,1077.0,17.0,1056.0,FTP
1720731411.093422,C8l3jj5ff8TEpHlNd,192.168.1.6,47714.0,192.168.1.4,21.0,tcp,9.917999982833862,152.0,188.0,SF,1.0,1.0,0.0,ShAdDafrF,18.0,1096.0,17.0,1056.0,FTP
1720728520.943667,CcQJLp2uDPjoNuq91l,192.168.1.6,48370.0,192.168.1.4,21.0,tcp,10.01711916923523,116.0,188.0,SF,1.0,1.0,0.0,ShAdDafrF,18.0,1060.0,17.0,1056.0,FTP
1720731340.149134,CgHoozSLZoQyz3aJd,192.168.1.6,38414.0,192.168.1.4,21.0,tcp,9.69127917289734,152.0,188.0,SF,1.0,1.0,0.0,ShAdDafrF,18.0,1096.0,17.0,1056.0,FTP
1720728768.199048,C2yOTD1hYH4kVEBJC6,192.168.1.6,33030.0,192.168.1.4,21.0,tcp,10.691643953323364,127.0,188.0,SF,1.0,1.0,0.0,ShAdDafrF,18.0,1071.0,17.0,1056.0,FTP
1720731274.884686,CmyZLT2VCpI7HL12Lf,192.168.1.6,39808.0,192.168.1.4,21.0,tcp,11.062077045440674,170.0,188.0,SF,1.0,1.0,0.0,ShAdDafFr,18.0,1114.0,17.0,1056.0,FTP
1720729480.566825,Ci2P5s2VuE291MkVDa,192.168.1.6,50088.0,192.168.1.4,21.0,tcp,11.066429138183594,118.0,188.0,SF,1.0,1.0,0.0,ShAdDafrF,18.0,1062.0,17.0,1056.0,FTP
1720729746.672863,ClCF0mo4ZLvw9pLJe,192.168.1.6,60726.0,192.168.1.4,21.0,tcp,9.45981788635254,115.0,188.0,SF,1.0,1.0,0.0,ShAdDafrF,18.0,1059.0,17.0,1056.0,FTP
1720728081.920056,ChdBSS36bW4uccxvS5,192.168.1.6,52186.0,192.168.1.4,21.0,tcp,9.55380082130432,118.0,188.0,SF,1.0,1.0,0.0,ShAdDafrF,18.0,1062.0,17.0,1056.0,FTP
1720728197.197118,CuOJFm414Rduqn8QEd,192.168.1.6,53856.0,192.168.1.4,21.0,tcp,10.381649017333984,118.0,188.0,SF,1.0,1.0,0.0,ShAdDafFr,18.0,1062.0,17.0,1056.0,FTP
1720728305.678697,CptbYtAEUs408ULRg,192.168.1.4,48840.0,192.168.1.1,53.0,udp,0.017623901367187,44.0,269.0,SF,1.0,1.0,0.0,Dd,1.0,72.0,1.0,297.0,DNS
1720731400.394287,CA2KNp2hOPW3rLRQGc,192.168.1.6,48482.0,192.168.1.4,21.0,tcp,10.667588949203491,185.0,188.0,SF,1.0,1.0,0.0,ShAdDafrF,18.0,1129.0,17.0,1056.0,FTP
1720728211.93228,ConFid2cEesFwA3fBc,192.168.1.4,39446.0,192.168.1.1,53.0,udp,0.001962900161743,83.0,157.0,SF,1.0,1.0,0.0,Dd,1.0,111.0,1.0,185.0,DNS
1720728139.793903,CO70qc1nK99had2DW3,192.168.1.6,37336.0,192.168.1.4,21.0,tcp,8.751637935638428,118.0,188.0,SF,1.0,1.0,0.0,ShAdDafrF,18.0,1062.0,17.0,1056.0,FTP
1720731752.118894,CAJMd1wOSOUBlUC8a,192.168.1.6,40486.0,192.168.1.4,21.0,tcp,11.442577838897703,165.0,188.0,SF,1.0,1.0,0.0,ShAdDafrF,18.0,1109.0,17.0,1056.0,FTP
1720729116.466759,C6iaw14w00f7wCTNt3,192.168.1.6,41738.0,192.168.1.4,21.0,tcp,10.677978992462158,115.0,188.0,SF,1.0,1.0,0.0,ShAdDafrF,18.0,1059.0,17.0,1056.0,FTP
1720728125.231731,C7UqW33S0wJraI7413,192.168.1.4,43772.0,192.168.1.1,53.0,udp,0.005236148834228,49.0,313.0,SF,1.0,1.0,0.0,Dd,1.0,77.0,1.0,341.0,DNS
1720729218.738129,CnI4Tqkv7TR3X7Mp4,192.168.1.6,40218.0,192.168.1.4,21.0,tcp,9.829724073410034,119.0,188.0,SF,1.0,1.0,0.0,ShAdDafFr,18.0,1063.0,17.0,1056.0,FTP
1720729198.432562,C0tScr1tQN5HKyJot8,192.168.1.6,39106.0,192.168.1.4,21.0,tcp,9.846756935119627,130.0,188.0,SF,1.0,1.0,0.0,ShAdDafrF,18.0,1074.0,17.0,1056.0,FTP
1720728526.177373,CE3JLO3QT2Vsvx4Lr,192.168.1.6,54528.0,192.168.1.4,21.0,tcp,9.078303098678589,116.0,188.0,SF,1.0,1.0,0.0,ShAdDafrF,18.0,1060.0,17.0,1056.0,FTP
1720729595.902096,C4ZIsX2gqRVezNG0Tk,192.168.1.6,51144.0,192.168.1.4,21.0,tcp,10.574578046798706,111.0,188.0,SF,1.0,1.0,0.0,ShAdDafrF,18.0,1055.0,17.0,1056.0,FTP
1720728065.052521,C81G2C4o2wLmgK6syg,192.168.1.4,42590.0,34.193.69.252,443.0,tcp,60.08916091918945,2528.0,3535.0,RSTO,1.0,0.0,0.0,ShADadfR,11.0,3120.0,14.0,4271.0,HTTPS
1720731871.060593,Cx6GQd2cAiXDoYK7bi,192.168.1.6,58124.0,192.168.1.4,21.0,tcp,10.196424007415771,132.0,188.0,SF,1.0,1.0,0.0,ShAdDafFr,18.0,1076.0,17.0,1056.0,FTP
1720728335.956503,CEdaMm2yG1hlf7Jxl6,192.168.1.4,53254.0,104.18.32.115,443.0,tcp,10.196424007415771,132.0,188.0,SF,1.0,1.0,0.0,ShAdDafFr,18.0,1076.0,17.0,1056.0,HTTPS
1720728887.998468,CUa6n54pUN5mUdtin,192.168.1.6,55522.0,192.168.1.4,21.0,tcp,8.690716981887817,137.0,188.0,SF,1.0,1.0,0.0,ShAdDafrF,18.0,1081.0,17.0,1056.0,FTP
1720730961.347912,CqJoAg3F8RecVRvGLd,192.168.1.6,51512.0,192.168.1.4,21.0,tcp,10.061267852783203,136.0,188.0,SF,1.0,1.0,0.0,ShAdDafrF,18.0,1080.0,17.0,1056.0,FTP
1720730831.357578,CSb7upVeK06Ea7s5d,192.168.1.6,34352.0,192.168.1.4,21.0,tcp,9.847271919250488,125.0,188.0,SF,1.0,1.0,0.0,ShAdDafrF,18.0,1069.0,17.0,1056.0,FTP
1720730992.354832,C6HKcD2bGQ3f2TJIb5,192.168.1.6,55782.0,192.168.1.4,21.0,tcp,10.635492086410522,118.0,188.0,SF,1.0,1.0,0.0,ShAdDafrF,18.0,1062.0,17.0,1056.0,FTP
1720728094.675192,CL4dfQHJeBdCwqKjg,192.168.1.4,60741.0,192.168.1.1,53.0,udp,0.075421810150146,47.0,176.0,SF,1.0,1.0,0.0,Dd,1.0,75.0,1.0,204.0,DNS
1720728846.263758,CEZWuySlZ0I844jW,192.168.1.6,39698.0,192.168.1.4,21.0,tcp,9.999644994735718,128.0,188.0,SF,1.0,1.0,0.0,ShAdDafrF,18.0,1072.0,17.0,1056.0,FTP
1720731755.881423,CVOxiEDBJQKKHUN62,192.168.1.6,51780.0,192.168.1.4,21.0,tcp,11.297089099884031,163.0,188.0,SF,1.0,1.0,0.0,ShAdDafrF,18.0,1107.0,17.0,1056.0,FTP
1720728684.669455,CPtPuF1KFGmbavVgCk,192.168.1.6,55036.0,192.168.1.4,21.0,tcp,10.560142040252686,136.0,188.0,SF,1.0,1.0,0.0,ShAdDafFr,18.0,1080.0,17.0,1056.0,FTP
1720729187.928429,CTEumChRLkK51L9D6,192.168.1.6,50154.0,192.168.1.4,21.0,tcp,10.532607078552246,127.0,188.0,SF,1.0,1.0,0.0,ShAdDafrF,18.0,1071.0,17.0,1056.0,FTP
1720730851.03104,C6wkdVNfcx8AJMuZ6,192.168.1.6,45138.0,192.168.1.4,21.0,tcp,9.626111030578612,122.0,188.0,SF,1.0,1.0,0.0,ShAdDafrF,18.0,1066.0,17.0,1056.0,FTP
1720731035.760514,C7Tadn1nmHR73nsSbf,192.168.1.6,56824.0,192.168.1.4,21.0,tcp,10.346072912216188,127.0,188.0,SF,1.0,1.0,0.0,ShAdDafrF,18.0,1071.0,17.0,1056.0,FTP
1720728245.14491,CDGzw92nZQauY0drB3,192.168.1.4,38925.0,192.168.1.1,53.0,udp,10.346072912216188,127.0,188.0,SF,1.0,1.0,0.0,ShAdDafrF,18.0,1071.0,17.0,1056.0,DNS
1720728154.593092,CZnYcR2Jp2FOh1eiZ6,192.168.1.4,57364.0,192.168.1.1,53.0,udp,10.346072912216188,127.0,188.0,SF,1.0,1.0,0.0,ShAdDafrF,18.0,1071.0,17.0,1056.0,DNS
1720727763.867159,CqpqVT3dsgfQ5Blzca,192.168.1.4,54851.0,192.168.1.1,53.0,udp,0.024091005325317,45.0,435.0,SF,1.0,1.0,0.0,Dd,1.0,73.0,1.0,463.0,DNS
1720730265.245697,ClCGr03UsUmLVoCSf8,192.168.1.6,45302.0,192.168.1.4,21.0,tcp,11.01466989517212,126.0,188.0,SF,1.0,1.0,0.0,ShAdDafrF,18.0,1070.0,17.0,1056.0,FTP
1720728034.878203,CM1w67391iV35Cklhl,192.168.1.4,38852.0,192.168.1.1,53.0,udp,11.01466989517212,126.0,188.0,SF,1.0,1.0,0.0,ShAdDafrF,18.0,1070.0,17.0,1056.0,DNS
1720729347.735874,CPmIidpK3KNB8IPrl,192.168.1.6,32900.0,192.168.1.4,21.0,tcp,9.949763059616089,118.0,188.0,SF,1.0,1.0,0.0,ShAdDafrF,18.0,1062.0,17.0,1056.0,FTP
1720730877.474011,CJDsu428CCnJ3Vtuw8,192.168.1.6,60152.0,192.168.1.4,21.0,tcp,9.800246953964232,134.0,188.0,SF,1.0,1.0,0.0,ShAdDafrF,18.0,1078.0,17.0,1056.0,FTP
1720728750.747304,C8CMSV1BknzOe6eqzj,192.168.1.6,54242.0,192.168.1.4,21.0,tcp,10.413347005844116,129.0,188.0,SF,1.0,1.0,0.0,ShAdDafrF,18.0,1073.0,17.0,1056.0,FTP
1720727884.865977,ClAylE3XSMojt9RUwa,192.168.1.4,52756.0,192.168.1.1,53.0,udp,0.008156061172485,37.0,122.0,SF,1.0,1.0,0.0,Dd,1.0,65.0,1.0,150.0,DNS
1720730750.623033,Cak819HUi8yfVEI6g,192.168.1.6,60548.0,192.168.1.4,21.0,tcp,9.16616988182068,133.0,188.0,SF,1.0,1.0,0.0,ShAdDafrF,18.0,1077.0,17.0,1056.0,FTP
1720731574.311543,CDzGAr1D8FtJ9q8VG2,192.168.1.6,57202.0,192.168.1.4,21.0,tcp,9.05676794052124,147.0,188.0,SF,1.0,1.0,0.0,ShAdDafFr,18.0,1091.0,17.0,1056.0,FTP
1720728096.293655,C5rin9EBSOhr6FYNa,192.168.1.4,51847.0,192.168.1.1,53.0,udp,0.034450054168701,40.0,288.0,SF,1.0,1.0,0.0,Dd,1.0,68.0,1.0,316.0,DNS
1720729337.396612,Ctqe6r2D5A4NfccQR,192.168.1.6,50770.0,192.168.1.4,21.0,tcp,10.363003015518188,121.0,188.0,SF,1.0,1.0,0.0,ShAdDafFr,18.0,1065.0,17.0,1056.0,FTP
1720728004.062842,Cs9Cx7B7R1CD8jYo1,192.168.1.4,37012.0,104.16.149.244,443.0,udp,0.546072006225585,7451.0,39406.0,SF,1.0,0.0,0.0,Dd,28.0,8235.0,41.0,40554.0,HTTPS
1720728306.401601,CzXPwl2AlNdjPARes3,192.168.1.4,55403.0,192.168.1.1,53.0,udp,0.015902042388916,45.0,110.0,SF,1.0,1.0,0.0,Dd,1.0,73.0,1.0,138.0,DNS
1720727824.833695,CbhwRQ2Q9eNqDkEXcb,192.168.1.4,35576.0,192.168.1.1,53.0,udp,0.001665115356445,65.0,122.0,SF,1.0,1.0,0.0,Dd,1.0,93.0,1.0,150.0,DNS
1720729269.398543,CZ7imc18zmBC9Mqrxb,192.168.1.6,34420.0,192.168.1.4,21.0,tcp,10.02702522277832,123.0,188.0,SF,1.0,1.0,0.0,ShAdDafFr,18.0,1067.0,17.0,1056.0,FTP
1720729995.571272,CdXfql26i56Zh3LERi,192.168.1.6,52120.0,192.168.1.4,21.0,tcp,10.971374034881592,137.0,188.0,SF,1.0,1.0,0.0,ShAdDafrF,18.0,1081.0,17.0,1056.0,FTP
1720730639.192574,CLYNZV3eH6Mg4rTDKe,192.168.1.6,48678.0,192.168.1.4,21.0,tcp,10.29847002029419,140.0,188.0,SF,1.0,1.0,0.0,ShAdDafFr,18.0,1084.0,17.0,1056.0,FTP
1720728245.219705,C3kQHo2g5PO3D1bA3,192.168.1.4,52103.0,192.168.1.1,53.0,udp,10.29847002029419,140.0,188.0,SF,1.0,1.0,0.0,ShAdDafFr,18.0,1084.0,17.0,1056.0,DNS
1720729175.258301,CPTuue3lZfxfrv9jGk,192.168.1.6,37240.0,192.168.1.4,21.0,tcp,10.379474878311155,126.0,188.0,SF,1.0,1.0,0.0,ShAdDafrF,18.0,1070.0,17.0,1056.0,FTP
1720728305.159273,CpAaKg3LMKcKXUxvA9,192.168.1.4,45531.0,192.168.1.1,53.0,udp,0.061213016510009,43.0,484.0,SF,1.0,1.0,0.0,Dd,1.0,71.0,1.0,512.0,DNS
1720727793.91085,CQzAiXn5JRbsU4ofi,192.168.1.4,55132.0,13.224.214.83,443.0,tcp,414.83917593956,3652.0,15712.0,SF,1.0,0.0,0.0,ShADadFf,50.0,6260.0,65.0,19100.0,HTTPS
1720729432.356071,C8766V24PoiJ6SZZHk,192.168.1.4,51554.0,192.168.1.1,53.0,udp,414.83917593956,3652.0,15712.0,SF,1.0,0.0,0.0,ShADadFf,50.0,6260.0,65.0,19100.0,DNS
1720730922.033001,CmzSFO1NXcQokNvElh,192.168.1.6,34718.0,192.168.1.4,21.0,tcp,10.987070083618164,163.0,188.0,SF,1.0,1.0,0.0,ShAdDafrF,18.0,1107.0,17.0,1056.0,FTP
1720728085.366684,CK3uU4HzBGazlY5p9,192.168.1.4,33498.0,192.168.1.1,53.0,udp,0.001189947128295,74.0,139.0,SF,1.0,1.0,0.0,Dd,1.0,102.0,1.0,167.0,DNS
1720728094.675065,CHyXD93N1G8Oe1OHxd,192.168.1.4,58427.0,192.168.1.1,53.0,udp,0.001189947128295,74.0,139.0,SF,1.0,1.0,0.0,Dd,1.0,102.0,1.0,167.0,DNS
1720729030.87159,C2Vqoe1018WM92Sotl,192.168.1.6,47712.0,192.168.1.4,21.0,tcp,10.50740098953247,134.0,188.0,SF,1.0,1.0,0.0,ShAdDafrF,18.0,1078.0,17.0,1056.0,FTP
1720728511.631266,CHW9Ay1Tn1Eru3gR64,192.168.1.6,41990.0,192.168.1.4,21.0,tcp,10.32343292236328,118.0,188.0,SF,1.0,1.0,0.0,ShAdDafrF,18.0,1062.0,17.0,1056.0,FTP
1720731142.690044,CxfdQW3vVtRjxrfP6j,192.168.1.6,35600.0,192.168.1.4,21.0,tcp,10.35277009010315,109.0,188.0,SF,1.0,1.0,0.0,ShAdDafrF,18.0,1053.0,17.0,1056.0,FTP
1720727764.266416,CLHyZp2ry8qE3QoJI,192.168.1.4,43812.0,192.168.1.1,53.0,udp,0.029435873031616,39.0,319.0,SF,1.0,1.0,0.0,Dd,1.0,67.0,1.0,347.0,DNS
1720731286.840241,CpRX1B2ArnsUe137p4,192.168.1.6,50082.0,192.168.1.4,21.0,tcp,10.98844313621521,171.0,188.0,SF,1.0,1.0,0.0,ShAdDafrF,18.0,1115.0,17.0,1056.0,FTP
1720728185.113804,CR512u4VK2gCHXAWP1,192.168.1.4,59092.0,23.205.106.81,443.0,tcp,10.98844313621521,171.0,188.0,SF,1.0,1.0,0.0,ShAdDafrF,18.0,1115.0,17.0,1056.0,HTTPS
1720727914.010173,CxgNi03dT3nEeqcRQd,192.168.1.4,56180.0,192.168.1.1,53.0,udp,0.188885927200317,44.0,169.0,SF,1.0,1.0,0.0,Dd,1.0,72.0,1.0,197.0,DNS
1720730630.901994,CUijKm1GWrSncsIB68,192.168.1.6,45142.0,192.168.1.4,21.0,tcp,10.157907009124756,121.0,188.0,SF,1.0,1.0,0.0,ShAdDafrF,18.0,1065.0,17.0,1056.0,FTP
1720731391.221575,CJWN3F3EHBjQJ6LW44,192.168.1.6,40478.0,192.168.1.4,21.0,tcp,11.28255009651184,175.0,188.0,SF,1.0,1.0,0.0,ShAdDafFr,18.0,1119.0,17.0,1056.0,FTP
1720728120.299646,CVEadj3nHFyPeUhE83,192.168.1.6,53806.0,192.168.1.4,21.0,tcp,9.870330095291138,117.0,188.0,SF,1.0,1.0,0.0,ShAdDafFr,18.0,1061.0,17.0,1056.0,FTP
1720727915.774058,C9n8aq2ISWXNDbzidl,192.168.1.4,44412.0,142.250.81.225,443.0,tcp,9.870330095291138,117.0,188.0,SF,1.0,1.0,0.0,ShAdDafFr,18.0,1061.0,17.0,1056.0,HTTPS
1720728511.856469,ClJ4eF3FfBcChHXvdb,192.168.1.6,42014.0,192.168.1.4,21.0,tcp,10.111448049545288,118.0,188.0,SF,1.0,1.0,0.0,ShAdDafFr,18.0,1062.0,17.0,1056.0,FTP
1720728184.685449,CK5x4c1qH7tOaPEIb2,192.168.1.4,52049.0,192.168.1.1,53.0,udp,10.111448049545288,118.0,188.0,SF,1.0,1.0,0.0,ShAdDafFr,18.0,1062.0,17.0,1056.0,DNS
1720728276.1421,Co0hrC1LOeM3noiKR1,192.168.1.4,53149.0,192.168.1.1,53.0,udp,0.00215196609497,53.0,113.0,SF,1.0,1.0,0.0,Dd,1.0,81.0,1.0,141.0,DNS
1720728196.399307,CC1h1v4qCut3YlZxy5,192.168.1.6,53834.0,192.168.1.4,21.0,tcp,9.776263952255247,118.0,188.0,SF,1.0,1.0,0.0,ShAdDafrF,18.0,1062.0,17.0,1056.0,FTP
1720728894.290743,CHdeGv2P6CXA2kjwB9,192.168.1.6,35864.0,192.168.1.4,21.0,tcp,9.30530881881714,138.0,188.0,SF,1.0,1.0,0.0,ShAdDafrF,18.0,1082.0,17.0,1056.0,FTP
1720731846.69246,C5UDDv1ZCenQsTdb55,192.168.1.6,35348.0,192.168.1.4,21.0,tcp,9.492285013198853,130.0,188.0,SF,1.0,1.0,0.0,ShAdDafrF,18.0,1074.0,17.0,1056.0,FTP
1720730828.020452,C5gDCU2Bk4VqXLDJrb,192.168.1.6,34274.0,192.168.1.4,21.0,tcp,9.819644927978516,133.0,188.0,SF,1.0,1.0,0.0,ShAdDafrF,18.0,1077.0,17.0,1056.0,FTP
1720730610.10533,Cxb3de368xcWLTJGDe,192.168.1.6,41846.0,192.168.1.4,21.0,tcp,10.524781942367554,144.0,188.0,SF,1.0,1.0,0.0,ShAdDafrF,18.0,1088.0,17.0,1056.0,FTP
1720731197.721506,ChMnS79iczVBeNbsh,192.168.1.6,35178.0,192.168.1.4,21.0,tcp,9.528690814971924,114.0,188.0,SF,1.0,1.0,0.0,ShAdDafrF,18.0,1058.0,17.0,1056.0,FTP
1720727884.900205,CbUcDr4PW6RakhDU8f,192.168.1.4,39302.0,146.75.36.84,443.0,tcp,9.528690814971924,114.0,188.0,SF,1.0,1.0,0.0,ShAdDafrF,18.0,1058.0,17.0,1056.0,HTTPS
1720730880.721632,CU5bsn4ygi8M3tb7U,192.168.1.6,60190.0,192.168.1.4,21.0,tcp,10.6265709400177,127.0,188.0,SF,1.0,1.0,0.0,ShAdDafrF,18.0,1071.0,17.0,1056.0,FTP
1720728111.025155,CdNkFn2NnLJYobgDR2,192.168.1.6,37246.0,192.168.1.4,21.0,tcp,9.348810911178589,118.0,188.0,SF,1.0,1.0,0.0,ShAdDafrF,18.0,1062.0,17.0,1056.0,FTP
1720727733.460009,CnrrwA17VDUEKyvj75,192.168.1.4,58546.0,13.224.214.86,443.0,tcp,240.05954480171204,2345.0,167031.0,SF,1.0,0.0,0.0,ShADadfF,66.0,5785.0,99.0,172187.0,HTTPS
1720730709.937486,CEznRg3MiGi1KIcLad,192.168.1.6,57684.0,192.168.1.4,21.0,tcp,10.494922161102297,127.0,188.0,SF,1.0,1.0,0.0,ShAdDafrF,18.0,1071.0,17.0,1056.0,FTP
1720727853.443761,Cb9ZKu4DXigbU1nFel,192.168.1.4,34368.0,192.96.159.127,443.0,tcp,10.494922161102297,127.0,188.0,SF,1.0,1.0,0.0,ShAdDafrF,18.0,1071.0,17.0,1056.0,HTTPS
1720731195.173025,CdsGT1B3112fdiF89,192.168.1.6,35154.0,192.168.1.4,21.0,tcp,9.268726110458374,110.0,188.0,SF,1.0,1.0,0.0,ShAdDafFr,18.0,1054.0,17.0,1056.0,FTP
1720730837.850337,C0mt9V3RT8ELHKsdXk,192.168.1.6,40774.0,192.168.1.4,21.0,tcp,9.946208000183104,123.0,188.0,SF,1.0,1.0,0.0,ShAdDafrF,18.0,1067.0,17.0,1056.0,FTP
1720728125.352227,C1pqV6ZEgWdxTxj9d,192.168.1.4,38318.0,104.106.162.18,443.0,tcp,9.946208000183104,123.0,188.0,SF,1.0,1.0,0.0,ShAdDafrF,18.0,1067.0,17.0,1056.0,HTTPS
1720728603.574425,CVzcIwmsEps2K6JYk,192.168.1.6,34080.0,192.168.1.4,21.0,tcp,10.20643401145935,117.0,188.0,SF,1.0,1.0,0.0,ShAdDafFr,18.0,1061.0,17.0,1056.0,FTP
1720728215.669461,CGGsZ22yDicjKiTEMk,192.168.1.4,44039.0,192.168.1.1,53.0,udp,0.00384497642517,46.0,103.0,SF,1.0,1.0,0.0,Dd,1.0,74.0,1.0,131.0,DNS
1720727923.259145,C8PXCogjIfXWJkpab,192.168.1.6,33982.0,192.168.1.4,21.0,tcp,10.338125944137571,118.0,188.0,SF,1.0,1.0,0.0,ShAdDafFr,18.0,1062.0,17.0,1056.0,FTP
1720727884.87187,CoZLjv3DJ41fdX5dc7,192.168.1.4,41905.0,192.168.1.1,53.0,udp,10.338125944137571,118.0,188.0,SF,1.0,1.0,0.0,ShAdDafFr,18.0,1062.0,17.0,1056.0,DNS
1720728096.394153,CzcYRc3XaxMamGPD0b,192.168.1.4,37371.0,192.168.1.1,53.0,udp,0.035068988800048,53.0,114.0,SF,1.0,1.0,0.0,Dd,1.0,81.0,1.0,142.0,DNS
1720730745.091449,CHb2Rw3rficULVcKM8,192.168.1.6,60454.0,192.168.1.4,21.0,tcp,10.773912906646729,138.0,188.0,SF,1.0,1.0,0.0,ShAdDafFr,18.0,1082.0,17.0,1056.0,FTP
1720728094.75079,CPHsri3jDWIlpP2Nxf,192.168.1.4,52388.0,192.168.1.1,53.0,udp,0.003172874450683,54.0,118.0,SF,1.0,1.0,0.0,Dd,1.0,82.0,1.0,146.0,DNS
1720727914.258295,CIZH0p3lGkaFHxq932,192.168.1.4,35191.0,192.168.1.1,53.0,udp,0.033851861953735,53.0,110.0,SF,1.0,1.0,0.0,Dd,1.0,81.0,1.0,138.0,DNS
1720728186.588515,Ch92PQs2hRFjCpB5i,192.168.1.4,38498.0,13.224.214.125,443.0,udp,0.033851861953735,53.0,110.0,SF,1.0,1.0,0.0,IIishhhhHHHH,1.0,81.0,1.0,138.0,HTTPS
1720731774.325129,Cbfh312qneaTlXFrHj,192.168.1.6,50156.0,192.168.1.4,21.0,tcp,10.097940921783447,161.0,188.0,SF,1.0,1.0,0.0,ShAdDafrF,18.0,1105.0,17.0,1056.0,FTP
1720727885.293305,CkQQOv3wtLYYEsGjE,192.168.1.4,49091.0,192.168.1.1,53.0,udp,10.097940921783447,161.0,188.0,SF,1.0,1.0,0.0,ShAdDafrF,18.0,1105.0,17.0,1056.0,DNS
1720728705.665884,C4vG4Gdp2oHTytZf1,192.168.1.6,37354.0,192.168.1.4,21.0,tcp,10.071253061294556,138.0,188.0,SF,1.0,1.0,0.0,ShAdDafFr,18.0,1082.0,17.0,1056.0,FTP
1720728064.598741,Clqdew1N8qK8NFkZzj,192.168.1.4,50490.0,13.224.214.54,443.0,tcp,0.046320915222167,1797.0,5990.0,SF,1.0,0.0,0.0,ShADadFRfR,8.0,2197.0,7.0,6362.0,HTTPS
1720728186.342547,CrKb2G1Kz0LGah059l,192.168.1.4,40332.0,192.168.1.1,53.0,udp,0.7467269897460931,50.0,234.0,SF,1.0,1.0,0.0,Dd,1.0,78.0,1.0,262.0,DNS
1720730951.09049,CszF8i3tCLPbqUSdH9,192.168.1.6,56908.0,192.168.1.4,21.0,tcp,10.287680864334106,129.0,188.0,SF,1.0,1.0,0.0,ShAdDafFr,18.0,1073.0,17.0,1056.0,FTP
1720729504.340803,C0xaHY1ewsUzxkLTa,192.168.1.6,39544.0,192.168.1.4,21.0,tcp,10.68138313293457,118.0,188.0,SF,1.0,1.0,0.0,ShAdDafrF,18.0,1062.0,17.0,1056.0,FTP
1720727915.064001,CtjPxc2O2t3K96LMQ1,192.168.1.4,58924.0,192.168.1.1,53.0,udp,0.034101009368896,51.0,245.0,SF,1.0,1.0,0.0,Dd,1.0,79.0,1.0,273.0,DNS
1720728654.224935,Cd63DJ1Dv6h8XYWxde,192.168.1.6,57768.0,192.168.1.4,21.0,tcp,11.064303874969482,136.0,188.0,SF,1.0,1.0,0.0,ShAdDafFr,18.0,1080.0,17.0,1056.0,FTP
1720729122.386389,CcLq2p4HEhev4qCPZa,192.168.1.6,41800.0,192.168.1.4,21.0,tcp,9.78968906402588,116.0,188.0,SF,1.0,1.0,0.0,ShAdDafrF,18.0,1060.0,17.0,1056.0,FTP
1720730577.159946,CRZ5uJ33env9BQdHN6,192.168.1.6,39532.0,192.168.1.4,21.0,tcp,10.228572130203249,137.0,188.0,SF,1.0,1.0,0.0,ShAdDafrF,18.0,1081.0,17.0,1056.0,FTP
1720728037.573314,C8iBgz4JdOg2yLa0xg,192.168.1.6,56456.0,192.168.1.4,21.0,tcp,9.49994707107544,117.0,188.0,SF,1.0,1.0,0.0,ShAdDafrF,18.0,1061.0,17.0,1056.0,FTP
1720730321.424812,COvyT94KfXGT05Cd37,192.168.1.6,39216.0,192.168.1.4,21.0,tcp,10.28584885597229,120.0,188.0,SF,1.0,1.0,0.0,ShAdDafrF,18.0,1064.0,17.0,1056.0,FTP
1720731046.153221,CIALE53qtpeySoEfog,192.168.1.6,33130.0,192.168.1.4,21.0,tcp,10.738299131393433,125.0,188.0,SF,1.0,1.0,0.0,ShAdDafrF,18.0,1069.0,17.0,1056.0,FTP
1720731447.179013,CET7Hm3z6udd7TB5e,192.168.1.6,58892.0,192.168.1.4,21.0,tcp,10.352012872695925,168.0,188.0,SF,1.0,1.0,0.0,ShAdDafrF,18.0,1112.0,17.0,1056.0,FTP
1720731216.46516,Clpwci2ibwykj3QOz1,192.168.1.6,51886.0,192.168.1.4,21.0,tcp,9.41266703605652,121.0,188.0,SF,1.0,1.0,0.0,ShAdDafrF,18.0,1065.0,17.0,1056.0,FTP
1720729851.814004,CZFGDe4ZBuxO144nId,192.168.1.6,41882.0,192.168.1.4,21.0,tcp,9.518280982971191,140.0,188.0,SF,1.0,1.0,0.0,ShAdDafrF,18.0,1084.0,17.0,1056.0,FTP
1720730194.852372,CAcvtd4ibgwe1JBPXk,192.168.1.6,45066.0,192.168.1.4,21.0,tcp,10.451667070388794,126.0,188.0,SF,1.0,1.0,0.0,ShAdDafrF,18.0,1070.0,17.0,1056.0,FTP
1720728747.554467,CJxy9Uqoqw9WPLQbg,192.168.1.6,54158.0,192.168.1.4,21.0,tcp,9.697005033493042,118.0,188.0,SF,1.0,1.0,0.0,ShAdDafFr,18.0,1062.0,17.0,1056.0,FTP
1720728881.808097,CjG9Gd4EoCi5KhJQd5,192.168.1.6,38180.0,192.168.1.4,21.0,tcp,9.691299200057983,152.0,188.0,SF,1.0,1.0,0.0,ShAdDafrF,18.0,1096.0,17.0,1056.0,FTP
1720731318.339454,Ct25Oi4u79yvkieZ21,192.168.1.6,34658.0,192.168.1.4,21.0,tcp,10.891252040863035,165.0,188.0,SF,1.0,1.0,0.0,ShAdDafrF,18.0,1109.0,17.0,1056.0,FTP
1720727943.782244,Ck81NVVL4QYScuTAa,192.168.1.4,33174.0,104.16.148.244,443.0,tcp,10.891252040863035,165.0,188.0,SF,1.0,1.0,0.0,ShAdDafrF,18.0,1109.0,17.0,1056.0,HTTPS
1720728065.049674,CtlsIk6M9Ko6TFhl8,192.168.1.4,39911.0,142.250.65.170,443.0,udp,0.083675861358642,4027.0,8771.0,SF,1.0,0.0,0.0,Dd,7.0,4223.0,10.0,9051.0,HTTPS
1720728094.675065,CHyXD93N1G8Oe1OHxd,192.168.1.4,58427.0,192.168.1.1,53.0,udp,0.027525901794433,47.0,455.0,SF,1.0,1.0,0.0,Dd,1.0,75.0,1.0,483.0,DNS
1720727949.155313,CSwXbD3388wKeHkDs2,192.168.1.4,52330.0,216.239.38.178,443.0,udp,0.093009948730468,5065.0,9069.0,SF,1.0,0.0,0.0,Dd,9.0,5317.0,12.0,9405.0,HTTPS
1720731187.625853,CoDY6j2jlnQerupHZa,192.168.1.6,48938.0,192.168.1.4,21.0,tcp,10.080787897109984,109.0,188.0,SF,1.0,1.0,0.0,ShAdDafrF,18.0,1053.0,17.0,1056.0,FTP
1720730390.591824,CJI5SP2QLnfb7ykhM2,192.168.1.6,35222.0,192.168.1.4,21.0,tcp,8.899412870407104,137.0,188.0,SF,1.0,1.0,0.0,ShAdDafrF,18.0,1081.0,17.0,1056.0,FTP
1720727884.292601,CHnDBo4e5O2VPwUvI4,192.168.1.4,43408.0,142.251.32.104,443.0,tcp,240.29906487464905,3095.0,206526.0,SF,1.0,0.0,0.0,ShADadFf,99.0,8251.0,159.0,214802.0,HTTPS
1720731296.016315,CZTQUU1CwwfTWpN325,192.168.1.6,44842.0,192.168.1.4,21.0,tcp,10.033311128616331,176.0,188.0,SF,1.0,1.0,0.0,ShAdDafrF,18.0,1120.0,17.0,1056.0,FTP
1720728271.866772,C9GWQ53HOUOdCThzo,192.168.1.4,58215.0,192.168.1.1,53.0,udp,10.033311128616331,176.0,188.0,SF,1.0,1.0,0.0,ShAdDafrF,18.0,1120.0,17.0,1056.0,DNS
1720731908.451392,CNCd423GMZE69Sxxi,192.168.1.6,49952.0,192.168.1.4,21.0,tcp,9.279234170913696,148.0,188.0,SF,1.0,1.0,0.0,ShAdDafrF,18.0,1092.0,17.0,1056.0,FTP
1720727758.783895,CdtHo92BzlnVOV9Ijc,192.168.1.6,52078.0,192.168.1.4,21.0,tcp,9.853091955184937,118.0,188.0,SF,1.0,1.0,0.0,ShAdDafFr,18.0,1062.0,17.0,1056.0,FTP
1720730083.82859,CXwQnH2jcXSP9Da274,192.168.1.6,33548.0,192.168.1.4,21.0,tcp,9.068719148635864,129.0,188.0,SF,1.0,1.0,0.0,ShAdDafrF,18.0,1073.0,17.0,1056.0,FTP
1720729317.858408,CAM14O25toCF3XBZe5,192.168.1.6,33582.0,192.168.1.4,21.0,tcp,9.607578992843628,119.0,188.0,SF,1.0,1.0,0.0,ShAdDafFr,18.0,1063.0,17.0,1056.0,FTP
1720729953.650106,CrAPPa2uR1jctkJU5l,192.168.1.6,48434.0,192.168.1.4,21.0,tcp,11.329890966415403,134.0,188.0,SF,1.0,1.0,0.0,ShAdDafFr,18.0,1078.0,17.0,1056.0,FTP
1720730452.694369,CuzOLk2IL54LLEyCO4,192.168.1.6,44218.0,192.168.1.4,21.0,tcp,9.70401096343994,117.0,188.0,SF,1.0,1.0,0.0,ShAdDafrF,18.0,1061.0,17.0,1056.0,FTP
1720729588.078064,Cke4wkj1UAXSUd0wb,192.168.1.6,52524.0,192.168.1.4,21.0,tcp,10.067605018615724,112.0,188.0,SF,1.0,1.0,0.0,ShAdDafFr,18.0,1056.0,17.0,1056.0,FTP
1720729868.870106,C7AHtmBdBCqixz0Nb,192.168.1.6,51906.0,192.168.1.4,21.0,tcp,11.329976081848145,127.0,188.0,SF,1.0,1.0,0.0,ShAdDafFr,18.0,1071.0,17.0,1056.0,FTP
1720728244.926531,C3jjfE4DyChIpppwxe,192.168.1.4,42192.0,20.76.201.171,443.0,tcp,60.354748010635376,1815.0,7865.0,SF,1.0,0.0,0.0,ShADadFf,13.0,2499.0,11.0,8445.0,HTTPS
1720727676.386904,ClaJE63Rmykpw7VR25,192.168.1.4,51308.0,72.21.81.130,443.0,tcp,180.407644033432,3140.0,5215.0,SF,1.0,0.0,0.0,ShADadfF,18.0,4084.0,17.0,6107.0,HTTPS
1720727793.711228,CZmTOdZDM59UMgIij,192.168.1.4,52160.0,104.19.178.52,443.0,tcp,400.05979013442993,2453.0,4400.0,SF,1.0,0.0,0.0,ShADadFf,20.0,3501.0,20.0,5448.0,HTTPS
1720731569.859817,CaLw1E1zzoUbZW1Tq6,192.168.1.6,39866.0,192.168.1.4,21.0,tcp,9.38153886795044,140.0,188.0,SF,1.0,1.0,0.0,ShAdDafrF,18.0,1084.0,17.0,1056.0,FTP
1720731554.687145,CEAWhrqrk16vlt3Kj,192.168.1.6,35538.0,192.168.1.4,21.0,tcp,9.901798009872437,144.0,188.0,SF,1.0,1.0,0.0,ShAdDafrF,18.0,1088.0,17.0,1056.0,FTP
1720728621.522222,CXcsqL1vsQqU62QI1k,192.168.1.6,37370.0,192.168.1.4,21.0,tcp,9.67400598526001,117.0,188.0,SF,1.0,1.0,0.0,ShAdDafrF,18.0,1061.0,17.0,1056.0,FTP
1720727885.332228,CQUIwY1WbjpcQvSg46,192.168.1.4,44336.0,35.71.131.137,443.0,tcp,9.67400598526001,117.0,188.0,SF,1.0,1.0,0.0,ShAdDafrF,18.0,1061.0,17.0,1056.0,HTTPS
1720728656.450126,CSFnHe2vQ45rCtyoV2,192.168.1.6,57818.0,192.168.1.4,21.0,tcp,10.356641054153442,145.0,188.0,SF,1.0,1.0,0.0,ShAdDafrF,18.0,1089.0,17.0,1056.0,FTP
1720729515.012063,C9iNhU1wMlCxfzzco8,192.168.1.6,36462.0,192.168.1.4,21.0,tcp,10.540318965911863,113.0,188.0,SF,1.0,1.0,0.0,ShAdDafrF,18.0,1057.0,17.0,1056.0,FTP
1720728155.08597,CQUrrq33hiTuhoVGMc,192.168.1.4,50408.0,152.199.0.214,443.0,tcp,10.540318965911863,113.0,188.0,SF,1.0,1.0,0.0,ShAdDafrF,18.0,1057.0,17.0,1056.0,HTTPS
1720730369.620625,CJovly2wkGZ424tgVh,192.168.1.6,44872.0,192.168.1.4,21.0,tcp,10.18855094909668,135.0,188.0,SF,1.0,1.0,0.0,ShAdDafrF,18.0,1079.0,17.0,1056.0,FTP
1720729037.736663,CihVRv4s5ASuqzfuv,192.168.1.6,57790.0,192.168.1.4,21.0,tcp,9.929924011230469,126.0,188.0,SF,1.0,1.0,0.0,ShAdDafrF,18.0,1070.0,17.0,1056.0,FTP
1720727765.721802,CrOxWs4C1xQ80g7Lhd,192.168.1.4,33535.0,192.168.1.1,53.0,udp,0.016149044036865,71.0,468.0,SF,1.0,1.0,0.0,Dd,1.0,99.0,1.0,496.0,DNS
1720727914.207189,CgBX8qbdUtDIMNxuk,192.168.1.4,53830.0,13.224.214.108,443.0,udp,0.016149044036865,71.0,468.0,SF,1.0,1.0,0.0,Dd,1.0,99.0,1.0,496.0,HTTPS
1720730369.019524,CbTmff4muZESKQMjNa,192.168.1.6,44818.0,192.168.1.4,21.0,tcp,9.779245853424072,132.0,188.0,SF,1.0,1.0,0.0,ShAdDafrF,18.0,1076.0,17.0,1056.0,FTP
1720728305.985729,CMaPNdGYN7odxkTAa,192.168.1.4,33151.0,192.168.1.1,53.0,udp,9.779245853424072,132.0,188.0,SF,1.0,1.0,0.0,ShAdDafrF,18.0,1076.0,17.0,1056.0,DNS
1720728219.961705,CfWFxb4YGs2d02o4Ug,192.168.1.4,59336.0,23.73.207.10,443.0,udp,9.779245853424072,132.0,188.0,SF,1.0,1.0,0.0,IIiIishhhHHHiH,18.0,1076.0,17.0,1056.0,HTTPS
1720730985.321698,C3u2401HJ0u4XzbWL,192.168.1.6,55674.0,192.168.1.4,21.0,tcp,10.283731937408447,121.0,188.0,SF,1.0,1.0,0.0,ShAdDafrF,18.0,1065.0,17.0,1056.0,FTP
1720730957.427429,C9cAaDrWkeLqDCzr3,192.168.1.6,51442.0,192.168.1.4,21.0,tcp,10.219110012054443,124.0,188.0,SF,1.0,1.0,0.0,ShAdDafFr,18.0,1068.0,17.0,1056.0,FTP
1720728215.818586,CdLpu214THgKiAzw1k,192.168.1.4,47286.0,192.168.1.1,53.0,udp,0.001227855682373,40.0,405.0,SF,1.0,1.0,0.0,Dd,1.0,68.0,1.0,433.0,DNS
1720727835.236146,CDl8qD2LbhHtxk5g6,192.168.1.6,42418.0,192.168.1.4,21.0,tcp,9.952294111251833,118.0,188.0,SF,1.0,1.0,0.0,ShAdDafFr,18.0,1062.0,17.0,1056.0,FTP
1720730102.614516,CXV9tB1PkHE4tnWUsf,192.168.1.6,49030.0,192.168.1.4,21.0,tcp,9.557612895965576,128.0,188.0,SF,1.0,1.0,0.0,ShAdDafFr,18.0,1072.0,17.0,1056.0,FTP
1720727734.992346,CIkWr83lKt9jPiBFv3,192.168.1.4,32778.0,13.224.214.69,443.0,tcp,278.3453929424286,6760.0,7577.0,SF,1.0,0.0,0.0,ShADadfF,29.0,8276.0,25.0,8885.0,HTTPS
1720730436.27803,CnKWDk3NV43SdhaaK2,192.168.1.6,42666.0,192.168.1.4,21.0,tcp,9.717911005020142,130.0,188.0,SF,1.0,1.0,0.0,ShAdDafrF,18.0,1074.0,17.0,1056.0,FTP
1720731442.330386,C82AWV13TSqfgte6F,192.168.1.6,53036.0,192.168.1.4,21.0,tcp,10.142343044281006,142.0,188.0,SF,1.0,1.0,0.0,ShAdDafFr,18.0,1086.0,17.0,1056.0,FTP
1720727915.211245,CLXZbE1vNSW2y9Naua,192.168.1.4,43958.0,13.224.214.56,443.0,tcp,10.142343044281006,142.0,188.0,SF,1.0,1.0,0.0,ShAdDafFr,18.0,1086.0,17.0,1056.0,HTTPS
1720731905.647053,CTEhp7tgt4TTRWTs3,192.168.1.6,49928.0,192.168.1.4,21.0,tcp,10.2481050491333,171.0,188.0,SF,1.0,1.0,0.0,ShAdDafrF,18.0,1115.0,17.0,1056.0,FTP
1720727915.923006,CN4kMz1CY4CwXW2o3g,192.168.1.4,34470.0,192.168.1.1,53.0,udp,10.2481050491333,171.0,188.0,SF,1.0,1.0,0.0,ShAdDafrF,18.0,1115.0,17.0,1056.0,DNS
1720729438.010451,CPpQPQ1rskAKMDylr5,192.168.1.6,51836.0,192.168.1.4,21.0,tcp,10.949538946151732,136.0,188.0,SF,1.0,1.0,0.0,ShAdDafrF,18.0,1080.0,17.0,1056.0,FTP
1720730877.502802,CYBJ5d4fUCDXXzhgG1,192.168.1.6,60168.0,192.168.1.4,21.0,tcp,9.783717155456545,134.0,188.0,SF,1.0,1.0,0.0,ShAdDafFr,18.0,1078.0,17.0,1056.0,FTP
1720728275.585184,CsrriO2T9iof3zqrj4,192.168.1.4,47980.0,192.168.1.1,53.0,udp,0.000700950622558,43.0,356.0,SF,1.0,1.0,0.0,Dd,1.0,71.0,1.0,384.0,DNS
1720731614.346504,CyzeEsWlWBmGt7FJ4,192.168.1.6,45140.0,192.168.1.4,21.0,tcp,10.48243498802185,152.0,188.0,SF,1.0,1.0,0.0,ShAdDafrF,18.0,1096.0,17.0,1056.0,FTP
1720729179.009645,CT7EZ1NFVCozPD7ci,192.168.1.6,37320.0,192.168.1.4,21.0,tcp,9.826466083526611,121.0,188.0,SF,1.0,1.0,0.0,ShAdDafrF,18.0,1065.0,17.0,1056.0,FTP
1720728245.092367,C5YrRn8R1THPwqb68,192.168.1.4,39838.0,192.168.1.1,53.0,udp,0.001362085342407,50.0,50.0,SF,1.0,1.0,0.0,Dd,1.0,78.0,1.0,78.0,DNS
1720731157.467589,CNfL8Q1miQ1dbF3qNa,192.168.1.6,59848.0,192.168.1.4,21.0,tcp,9.923423051834106,105.0,188.0,SF,1.0,1.0,0.0,ShAdDafFr,18.0,1049.0,17.0,1056.0,FTP
1720728095.566181,CpeWNp4WqHOLgnTdef,192.168.1.4,57322.0,216.239.36.181,443.0,udp,5.017702102661133,10404.0,9874.0,SF,1.0,0.0,0.0,Dd,17.0,10880.0,18.0,10378.0,HTTPS
1720731177.692937,CtTvZc2nhyHUSV70G2,192.168.1.6,44616.0,192.168.1.4,21.0,tcp,9.962751150131226,115.0,188.0,SF,1.0,1.0,0.0,ShAdDafrF,18.0,1059.0,17.0,1056.0,FTP
1720730529.557236,C5vJzV2Xgz5CzElCg,192.168.1.6,49650.0,192.168.1.4,21.0,tcp,10.09114408493042,125.0,188.0,SF,1.0,1.0,0.0,ShAdDafFr,18.0,1069.0,17.0,1056.0,FTP
1720729037.826741,C8nRPB2bIJZ1zkcG,192.168.1.6,57816.0,192.168.1.4,21.0,tcp,9.941920042037964,125.0,188.0,SF,1.0,1.0,0.0,ShAdDafrF,18.0,1069.0,17.0,1056.0,FTP
1720728095.278688,C8miyhThoxKQZ6Dbh,192.168.1.4,49871.0,192.168.1.1,53.0,udp,9.941920042037964,125.0,188.0,SF,1.0,1.0,0.0,ShAdDafrF,18.0,1069.0,17.0,1056.0,DNS
1720727958.208119,CQGTsrkCtIQ3yPRei,192.168.1.6,56572.0,192.168.1.4,21.0,tcp,11.092095136642456,118.0,188.0,SF,1.0,1.0,0.0,ShAdDafFr,18.0,1062.0,17.0,1056.0,FTP
1720731763.64384,CZPp291j4yuHaVqEt3,192.168.1.6,47944.0,192.168.1.4,21.0,tcp,10.442869901657104,166.0,188.0,SF,1.0,1.0,0.0,ShAdDafFr,18.0,1110.0,17.0,1056.0,FTP
1720729386.566655,CO0DKv2TvBU6r38HWk,192.168.1.6,36136.0,192.168.1.4,21.0,tcp,9.54894518852234,121.0,188.0,SF,1.0,1.0,0.0,ShAdDafFr,18.0,1065.0,17.0,1056.0,FTP
1720728389.25407,Ca7Uzt1JipOoqKxoVb,192.168.1.6,56596.0,192.168.1.4,21.0,tcp,10.929486989974976,118.0,188.0,SF,1.0,1.0,0.0,ShAdDafFr,18.0,1062.0,17.0,1056.0,FTP
1720727884.996745,CRXHAcOPmCOkQu7ki,192.168.1.4,48610.0,192.168.1.1,53.0,udp,10.929486989974976,118.0,188.0,SF,1.0,1.0,0.0,ShAdDafFr,18.0,1062.0,17.0,1056.0,DNS
1720727763.992354,C0tc8r2uDVgL5oc5r,192.168.1.4,41168.0,192.168.1.1,53.0,udp,0.009351968765258,54.0,622.0,SF,1.0,1.0,0.0,Dd,1.0,82.0,1.0,650.0,DNS
1720730808.389768,CIAoqZ1Q0wCIH0Hpya,192.168.1.6,53388.0,192.168.1.4,21.0,tcp,9.58216404914856,126.0,188.0,SF,1.0,1.0,0.0,ShAdDafFr,18.0,1070.0,17.0,1056.0,FTP
1720731633.766377,CWBaqv2oTCRZnWDpO6,192.168.1.6,42182.0,192.168.1.4,21.0,tcp,9.43970012664795,158.0,188.0,SF,1.0,1.0,0.0,ShAdDafFr,18.0,1102.0,17.0,1056.0,FTP
1720731701.336301,CbJUkZ1AOkTRV8ZzR9,192.168.1.6,35588.0,192.168.1.4,21.0,tcp,9.345736980438232,190.0,188.0,SF,1.0,1.0,0.0,ShAdDafrF,18.0,1134.0,17.0,1056.0,FTP
1720728572.492568,CsIE3j48Ott0yWFETk,192.168.1.6,38176.0,192.168.1.4,21.0,tcp,9.6282479763031,118.0,188.0,SF,1.0,1.0,0.0,ShAdDafFr,18.0,1062.0,17.0,1056.0,FTP
1720729078.227895,Czij1XFSyKw5buYmk,192.168.1.6,49058.0,192.168.1.4,21.0,tcp,10.549853086471558,115.0,188.0,SF,1.0,1.0,0.0,ShAdDafrF,18.0,1059.0,17.0,1056.0,FTP
1720727947.371881,CTvpDO1f5tnvAfVXCh,192.168.1.6,60210.0,192.168.1.4,21.0,tcp,10.690640926361084,118.0,188.0,SF,1.0,1.0,0.0,ShAdDafFr,18.0,1062.0,17.0,1056.0,FTP
1720730789.541592,ChFL5u14bmMNSyRgD2,192.168.1.6,45424.0,192.168.1.4,21.0,tcp,10.22693920135498,128.0,188.0,SF,1.0,1.0,0.0,ShAdDafrF,18.0,1072.0,17.0,1056.0,FTP
1720727850.907577,Chtm8U2QEMsv6UEbi3,192.168.1.4,43331.0,192.168.1.1,53.0,udp,10.22693920135498,128.0,188.0,SF,1.0,1.0,0.0,ShAdDafrF,18.0,1072.0,17.0,1056.0,DNS
1720728096.497962,CEJlhK2nW9vfG47NF6,192.168.1.4,42400.0,192.168.1.1,53.0,udp,0.058860063552856,65.0,162.0,SF,1.0,1.0,0.0,Dd,1.0,93.0,1.0,190.0,DNS
1720727733.960717,CTHa2A1yG8fH8alYc6,192.168.1.4,51945.0,142.250.80.34,443.0,udp,0.058860063552856,65.0,162.0,SF,1.0,1.0,0.0,Dd,1.0,93.0,1.0,190.0,HTTPS
1720731002.899117,CHqZeE3pO7Xjwm26g9,192.168.1.6,44312.0,192.168.1.4,21.0,tcp,10.705275058746338,122.0,188.0,SF,1.0,1.0,0.0,ShAdDafrF,18.0,1066.0,17.0,1056.0,FTP
1720728096.49112,CX0KZpZrCfwPlY4Ji,192.168.1.4,51281.0,192.168.1.1,53.0,udp,10.705275058746338,122.0,188.0,SF,1.0,1.0,0.0,ShAdDafrF,18.0,1066.0,17.0,1056.0,DNS
1720728125.055342,CTwSvT1bDer6UxnCI9,192.168.1.4,60677.0,192.168.1.1,53.0,udp,10.705275058746338,122.0,188.0,SF,1.0,1.0,0.0,ShAdDafrF,18.0,1066.0,17.0,1056.0,DNS
1720728219.802923,CMAr2M4aJ4HeWac75,192.168.1.4,34248.0,204.79.197.203,443.0,tcp,127.92993593215942,5195.0,77054.0,RSTR,1.0,0.0,0.0,ShADadr,36.0,6655.0,54.0,79226.0,HTTPS
1720729127.123373,CB046M3avq3GVWTUw3,192.168.1.6,45768.0,192.168.1.4,21.0,tcp,11.403470993041992,130.0,188.0,SF,1.0,1.0,0.0,ShAdDafrF,18.0,1074.0,17.0,1056.0,FTP
1720728186.761805,ChAUnv3xWw14MLCSP7,192.168.1.4,43820.0,192.168.1.1,53.0,udp,11.403470993041992,130.0,188.0,SF,1.0,1.0,0.0,ShAdDafrF,18.0,1074.0,17.0,1056.0,DNS
1720729331.825508,CW73Ji3KGUkw4i8qgh,192.168.1.6,54870.0,192.168.1.4,21.0,tcp,10.68283987045288,111.0,188.0,SF,1.0,1.0,0.0,ShAdDafrF,18.0,1055.0,17.0,1056.0,FTP
1720731728.959063,CPgb8b1xmIMDrHy8ih,192.168.1.6,34618.0,192.168.1.4,21.0,tcp,10.369225978851318,182.0,188.0,SF,1.0,1.0,0.0,ShAdDafFr,18.0,1126.0,17.0,1056.0,FTP
1720727882.307564,CzSJhq2mVuF52lKjKi,192.168.1.4,33933.0,192.168.1.1,53.0,udp,10.369225978851318,182.0,188.0,SF,1.0,1.0,0.0,ShAdDafFr,18.0,1126.0,17.0,1056.0,DNS
1720727971.015819,Cm3SH43DlQRZZauS39,192.168.1.4,43756.0,192.168.1.1,53.0,udp,10.369225978851318,182.0,188.0,SF,1.0,1.0,0.0,ShAdDafFr,18.0,1126.0,17.0,1056.0,DNS
1720729649.177323,CCwY3M1z4Tve0bDSra,192.168.1.6,46100.0,192.168.1.4,21.0,tcp,9.259971857070925,112.0,188.0,SF,1.0,1.0,0.0,ShAdDafrF,18.0,1056.0,17.0,1056.0,FTP
1720728802.506675,CcUj4528VsI55YdOr6,192.168.1.6,45184.0,192.168.1.4,21.0,tcp,10.00548791885376,128.0,188.0,SF,1.0,1.0,0.0,ShAdDafFr,18.0,1072.0,17.0,1056.0,FTP
1720728837.357732,Ctejwp26El809p6Lxk,192.168.1.6,51688.0,192.168.1.4,21.0,tcp,8.82834506034851,117.0,188.0,SF,1.0,1.0,0.0,ShAdDafrF,18.0,1061.0,17.0,1056.0,FTP
1720731583.315269,CaYU1e3Nt16LXI50l3,192.168.1.6,47594.0,192.168.1.4,21.0,tcp,9.428792953491213,163.0,188.0,SF,1.0,1.0,0.0,ShAdDafFr,18.0,1107.0,17.0,1056.0,FTP
1720728970.985118,CfSnRVkakrd8Scnqf,192.168.1.6,43196.0,192.168.1.4,21.0,tcp,10.149906158447266,146.0,188.0,SF,1.0,1.0,0.0,ShAdDafrF,18.0,1090.0,17.0,1056.0,FTP
1720727765.783264,CQEP36367YGsX9Wx86,192.168.1.4,52227.0,192.168.1.1,53.0,udp,0.011672973632812,49.0,323.0,SF,1.0,1.0,0.0,Dd,1.0,77.0,1.0,351.0,DNS
1720730426.931737,CU94X93bKAUx4VDtU,192.168.1.6,58850.0,192.168.1.4,21.0,tcp,9.346100091934204,129.0,188.0,SF,1.0,1.0,0.0,ShAdDafrF,18.0,1073.0,17.0,1056.0,FTP
1720729845.118002,CAxAPqQoKM9ROdgMh,192.168.1.6,41758.0,192.168.1.4,21.0,tcp,9.790929079055786,133.0,188.0,SF,1.0,1.0,0.0,ShAdDafrF,18.0,1077.0,17.0,1056.0,FTP
1720731777.288257,Cf5pGT22ciZE3jFZHf,192.168.1.6,50184.0,192.168.1.4,21.0,tcp,10.457306146621704,164.0,188.0,SF,1.0,1.0,0.0,ShAdDafrF,18.0,1108.0,17.0,1056.0,FTP
1720727853.966941,Cyt4L7cI92zkzJVvd,192.168.1.4,50621.0,192.168.1.1,53.0,udp,10.457306146621704,164.0,188.0,SF,1.0,1.0,0.0,ShAdDafrF,18.0,1108.0,17.0,1056.0,DNS
1720727853.842136,CG2k2QBGZRWY28Flf,192.168.1.4,55244.0,142.251.32.104,443.0,tcp,0.063501119613647,1766.0,5975.0,SF,1.0,0.0,0.0,ShADaFdRfR,9.0,2182.0,8.0,6399.0,HTTPS
1720731159.037556,C6lstR3E3x3FvBr5oe,192.168.1.6,59928.0,192.168.1.4,21.0,tcp,8.79270601272583,106.0,188.0,SF,1.0,1.0,0.0,ShAdDafFr,18.0,1050.0,17.0,1056.0,FTP
1720731927.969688,CDULYT1IActtV2fqR5,192.168.1.6,37650.0,192.168.1.4,21.0,tcp,10.131957054138184,166.0,188.0,SF,1.0,1.0,0.0,ShAdDafFr,18.0,1110.0,17.0,1056.0,FTP
1720730918.200358,C1T2egZwqKBmfDoY2,192.168.1.6,34676.0,192.168.1.4,21.0,tcp,11.164690017700195,148.0,188.0,SF,1.0,1.0,0.0,ShAdDafrF,18.0,1092.0,17.0,1056.0,FTP
1720728139.816549,CsK8S322MKWRImw15g,192.168.1.6,37352.0,192.168.1.4,21.0,tcp,8.772317886352539,118.0,188.0,SF,1.0,1.0,0.0,ShAdDafrF,18.0,1062.0,17.0,1056.0,FTP
1720729884.914234,CdRg0p4AOtZIJXnjf3,192.168.1.6,52130.0,192.168.1.4,21.0,tcp,10.424254179000854,124.0,188.0,SF,1.0,1.0,0.0,ShAdDafrF,18.0,1068.0,17.0,1056.0,FTP
1720729450.493539,C1cix02BjF6v2DgkQj,192.168.1.6,55642.0,192.168.1.4,21.0,tcp,10.915349960327148,142.0,188.0,SF,1.0,1.0,0.0,ShAdDafFr,18.0,1086.0,17.0,1056.0,FTP
1720728306.158539,CekrgB277vHR08tuZ9,192.168.1.4,34990.0,192.168.1.1,53.0,udp,10.915349960327148,142.0,188.0,SF,1.0,1.0,0.0,ShAdDafFr,18.0,1086.0,17.0,1056.0,DNS
1720728324.175644,CMkVAL2l2qwUiSJCt7,192.168.1.6,52188.0,192.168.1.4,21.0,tcp,11.154211044311523,118.0,188.0,SF,1.0,1.0,0.0,ShAdDafFr,18.0,1062.0,17.0,1056.0,FTP
1720730191.399814,CRqD8B4ypbkSzEX1Th,192.168.1.6,53672.0,192.168.1.4,21.0,tcp,11.199336051940918,125.0,188.0,SF,1.0,1.0,0.0,ShAdDafFr,18.0,1069.0,17.0,1056.0,FTP
1720727884.507167,CwOr43mZXBtakhD3j,192.168.1.4,56932.0,192.168.1.1,53.0,udp,0.025844812393188,51.0,248.0,SF,1.0,1.0,0.0,Dd,1.0,79.0,1.0,276.0,DNS
1720729630.497206,C3xhb62AlhF6inpgHe,192.168.1.6,32948.0,192.168.1.4,21.0,tcp,9.07406210899353,123.0,188.0,SF,1.0,1.0,0.0,ShAdDafFr,18.0,1067.0,17.0,1056.0,FTP
1720731856.171803,CTI7Sc2tPsW8TaJGqj,192.168.1.6,40946.0,192.168.1.4,21.0,tcp,9.862519025802612,107.0,188.0,SF,1.0,1.0,0.0,ShAdDafrF,18.0,1051.0,17.0,1056.0,FTP
1720730268.837647,CEXmh82vLp0a4M8TVb,192.168.1.6,45386.0,192.168.1.4,21.0,tcp,10.205233097076416,118.0,188.0,SF,1.0,1.0,0.0,ShAdDafFr,18.0,1062.0,17.0,1056.0,FTP
1720730918.113365,CcPiI83KQgdt4Y7AA5,192.168.1.6,34638.0,192.168.1.4,21.0,tcp,11.1560800075531,150.0,188.0,SF,1.0,1.0,0.0,ShAdDafrF,18.0,1094.0,17.0,1056.0,FTP
1720727824.829033,CbuQJTBMb9sRDbxDi,192.168.1.4,32844.0,192.168.1.1,53.0,udp,0.003867149353027,54.0,354.0,SF,1.0,1.0,0.0,Dd,1.0,82.0,1.0,382.0,DNS
1720727915.815059,CIwmX1IxqUgWO4PNb,192.168.1.4,49194.0,13.224.214.45,443.0,udp,0.003867149353027,54.0,354.0,SF,1.0,1.0,0.0,Dd,1.0,82.0,1.0,382.0,HTTPS
1720729460.028775,C1yBUftHaPS0cYpDh,192.168.1.6,56464.0,192.168.1.4,21.0,tcp,10.070281982421877,142.0,188.0,SF,1.0,1.0,0.0,ShAdDafrF,18.0,1086.0,17.0,1056.0,FTP
1720731882.565438,CKsRONtskm0vz8Fk5,192.168.1.6,46466.0,192.168.1.4,21.0,tcp,9.641149044036863,208.0,188.0,SF,1.0,1.0,0.0,ShAdDafrF,18.0,1152.0,17.0,1056.0,FTP
1720727733.458045,CkvqknwgqOZAoknzi,192.168.1.4,54726.0,18.238.4.72,443.0,tcp,60.05286407470703,1853.0,6183.0,SF,1.0,0.0,0.0,ShADadFf,10.0,2381.0,10.0,6711.0,HTTPS
1720728185.189203,C83gJ62i6P1xbDEpAg,192.168.1.4,49402.0,192.168.1.1,53.0,udp,60.05286407470703,1853.0,6183.0,SF,1.0,0.0,0.0,ShADadFf,10.0,2381.0,10.0,6711.0,DNS
1720727915.248861,CKmLYC1qUzSSaotAj6,192.168.1.4,40867.0,192.168.1.1,53.0,udp,0.001698970794677,52.0,113.0,SF,1.0,1.0,0.0,Dd,1.0,80.0,1.0,141.0,DNS
1720731233.096751,CyJvih4doPWUCreFWg,192.168.1.6,34980.0,192.168.1.4,21.0,tcp,9.606467962265016,133.0,188.0,SF,1.0,1.0,0.0,ShAdDafrF,18.0,1077.0,17.0,1056.0,FTP
1720727937.010218,CxknfC2EXV6dNvX5xb,192.168.1.6,41468.0,192.168.1.4,21.0,tcp,10.302683115005491,117.0,188.0,SF,1.0,1.0,0.0,ShAdDafrF,18.0,1061.0,17.0,1056.0,FTP
1720729840.063037,CWKzrb3xGNeJ3ROJVf,192.168.1.6,43468.0,192.168.1.4,21.0,tcp,10.224359035491943,122.0,188.0,SF,1.0,1.0,0.0,ShAdDafrF,18.0,1066.0,17.0,1056.0,FTP
1720727794.504712,C4UfKG3YwmRWeVeY29,192.168.1.4,44209.0,192.168.1.1,53.0,udp,10.224359035491943,122.0,188.0,SF,1.0,1.0,0.0,ShAdDafrF,18.0,1066.0,17.0,1056.0,DNS
1720729061.660563,CZTt5Z3xMe1KBmnDGf,192.168.1.6,59986.0,192.168.1.4,21.0,tcp,10.493973970413208,139.0,188.0,SF,1.0,1.0,0.0,ShAdDafrF,18.0,1083.0,17.0,1056.0,FTP
1720728219.951559,CO5INo23pfiWBcA8hb,192.168.1.4,53701.0,192.168.1.1,53.0,udp,0.003221988677978,43.0,561.0,SF,1.0,1.0,0.0,Dd,1.0,71.0,1.0,589.0,DNS
1720727765.81605,CRC9fbpN0dxB9yqmg,192.168.1.4,38485.0,192.168.1.1,53.0,udp,0.06960391998291,43.0,215.0,SF,1.0,1.0,0.0,Dd,1.0,71.0,1.0,243.0,DNS
1720727763.163743,CvnGT91YkYgsfv3g1k,192.168.1.4,40703.0,23.212.250.81,443.0,udp,1.617268085479736,5679.0,198163.0,SF,1.0,0.0,0.0,Dd,62.0,7415.0,171.0,202951.0,HTTPS
1720727985.832686,Cq9ZpdTumF3mKqmba,192.168.1.6,48538.0,192.168.1.4,21.0,tcp,10.494127035140991,117.0,188.0,SF,1.0,1.0,0.0,ShAdDafrF,18.0,1061.0,17.0,1056.0,FTP
1720727915.358721,CQ8rOL1K4YJoDle5dg,192.168.1.4,51482.0,18.238.4.53,443.0,tcp,10.494127035140991,117.0,188.0,SF,1.0,1.0,0.0,ShAdDafrF,18.0,1061.0,17.0,1056.0,HTTPS
1720728675.214689,CYgTfW3RzFOIJOYWw9,192.168.1.6,41450.0,192.168.1.4,21.0,tcp,9.44443392753601,138.0,188.0,SF,1.0,1.0,0.0,ShAdDafFr,18.0,1082.0,17.0,1056.0,FTP
1720727895.672086,ClINmg3Wf6MBvGjY9c,192.168.1.6,46106.0,192.168.1.4,21.0,tcp,10.420095920562744,118.0,188.0,SF,1.0,1.0,0.0,ShAdDafrF,18.0,1062.0,17.0,1056.0,FTP
1720731227.554778,Cjj3VD4rIxbU77vFn,192.168.1.6,48720.0,192.168.1.4,21.0,tcp,9.415334939956663,108.0,188.0,SF,1.0,1.0,0.0,ShAdDafrF,18.0,1052.0,17.0,1056.0,FTP
1720728155.192365,CieAdw2qjLB4CYA0Zc,192.168.1.4,60670.0,192.168.1.1,53.0,udp,9.415334939956663,108.0,188.0,SF,1.0,1.0,0.0,ShAdDafrF,18.0,1052.0,17.0,1056.0,DNS
1720728125.056527,C97tyk2uAgHj4LmmVg,192.168.1.4,54251.0,192.168.1.1,53.0,udp,0.063529014587402,43.0,318.0,SF,1.0,1.0,0.0,Dd,1.0,71.0,1.0,346.0,DNS
1720728427.156601,CfFcU23Ak0cJd0Nkef,192.168.1.6,50524.0,192.168.1.4,21.0,tcp,10.789391040802002,118.0,188.0,SF,1.0,1.0,0.0,ShAdDafrF,18.0,1062.0,17.0,1056.0,FTP
1720730662.846193,CpYclV2CWNYQbojI51,192.168.1.6,44752.0,192.168.1.4,21.0,tcp,10.443987846374512,131.0,188.0,SF,1.0,1.0,0.0,ShAdDafrF,18.0,1075.0,17.0,1056.0,FTP
1720728843.100803,CjqvUJ3IU5ESE9INik,192.168.1.6,39668.0,192.168.1.4,21.0,tcp,9.635329008102415,136.0,188.0,SF,1.0,1.0,0.0,ShAdDafrF,18.0,1080.0,17.0,1056.0,FTP
1720730514.634666,Cdy0eE2mowGSnyJaLj,192.168.1.6,46236.0,192.168.1.4,21.0,tcp,10.579319953918455,133.0,188.0,SF,1.0,1.0,0.0,ShAdDafrF,18.0,1077.0,17.0,1056.0,FTP
1720731483.279753,CQlRhW1Ge4gT56ORO3,192.168.1.6,60674.0,192.168.1.4,21.0,tcp,10.52009105682373,178.0,188.0,SF,1.0,1.0,0.0,ShAdDafrF,18.0,1122.0,17.0,1056.0,FTP
1720729803.993596,CdT2Pu2GCbxeYlaL0g,192.168.1.6,40362.0,192.168.1.4,21.0,tcp,10.09909200668335,119.0,188.0,SF,1.0,1.0,0.0,ShAdDafrF,18.0,1063.0,17.0,1056.0,FTP
1720727912.415926,CPqwpE10xV7CgUO9J2,192.168.1.6,47706.0,192.168.1.4,21.0,tcp,10.820446014404297,118.0,188.0,SF,1.0,1.0,0.0,ShAdDafrF,18.0,1062.0,17.0,1056.0,FTP
1720728654.211792,Cs5fvv1hLhgN8HqOu1,192.168.1.6,57760.0,192.168.1.4,21.0,tcp,11.055057048797607,141.0,188.0,SF,1.0,1.0,0.0,ShAdDafFr,18.0,1085.0,17.0,1056.0,FTP
1720728898.384442,CUOmBZHBKJM38i7e,192.168.1.6,35942.0,192.168.1.4,21.0,tcp,9.417907953262327,155.0,188.0,SF,1.0,1.0,0.0,ShAdDafrF,18.0,1099.0,17.0,1056.0,FTP
1720731901.602484,Cufs5J3ScrmW1T8Mmk,192.168.1.6,37096.0,192.168.1.4,21.0,tcp,9.478126049041748,172.0,188.0,SF,1.0,1.0,0.0,ShAdDafrF,18.0,1116.0,17.0,1056.0,FTP
1720728096.468265,C4jc3F4asEDJwBvgt5,192.168.1.4,60171.0,192.168.1.1,53.0,udp,0.003197908401489,43.0,59.0,SF,1.0,1.0,0.0,Dd,1.0,71.0,1.0,87.0,DNS
1720728052.936098,CDTERg1VptFTP7j5C6,192.168.1.6,51054.0,192.168.1.4,21.0,tcp,9.596757888793944,118.0,188.0,SF,1.0,1.0,0.0,ShAdDafrF,18.0,1062.0,17.0,1056.0,FTP
1720731400.541711,C1BUD83DyFOAM1OZ37,192.168.1.6,48506.0,192.168.1.4,21.0,tcp,10.661309957504272,157.0,188.0,SF,1.0,1.0,0.0,ShAdDafFr,18.0,1101.0,17.0,1056.0,FTP
1720727915.85797,Cb7BZP2Y5SrkYjULlf,192.168.1.4,42065.0,192.168.1.1,53.0,udp,10.661309957504272,157.0,188.0,SF,1.0,1.0,0.0,ShAdDafFr,18.0,1101.0,17.0,1056.0,DNS
1720730217.089859,CDEU4w4xJPZpo7Gg07,192.168.1.6,38126.0,192.168.1.4,21.0,tcp,10.315310001373293,123.0,188.0,SF,1.0,1.0,0.0,ShAdDafrF,18.0,1067.0,17.0,1056.0,FTP
1720728155.193196,CTuJ2b18GFk81TcKSe,192.168.1.4,35469.0,192.168.1.1,53.0,udp,10.315310001373293,123.0,188.0,SF,1.0,1.0,0.0,ShAdDafrF,18.0,1067.0,17.0,1056.0,DNS
1720728411.396197,C2EZFR2tl2WXRPW00k,192.168.1.6,38538.0,192.168.1.4,21.0,tcp,10.64616584777832,118.0,188.0,SF,1.0,1.0,0.0,ShAdDafrF,18.0,1062.0,17.0,1056.0,FTP
1720731513.637753,C7lwlt4sHGXtrpb2fb,192.168.1.6,47100.0,192.168.1.4,21.0,tcp,10.342135906219482,152.0,188.0,SF,1.0,1.0,0.0,ShAdDafrF,18.0,1096.0,17.0,1056.0,FTP
1720731583.325716,CbDUyO3d0rDgqexwY9,192.168.1.6,47608.0,192.168.1.4,21.0,tcp,9.441005945205688,168.0,188.0,SF,1.0,1.0,0.0,ShAdDafFr,18.0,1112.0,17.0,1056.0,FTP
1720727764.159401,CicwUC2I8Nt2wtBLLd,192.168.1.4,39066.0,13.107.253.40,443.0,tcp,60.25183916091919,2406.0,5397.0,RSTO,1.0,0.0,0.0,ShADadfR,14.0,3142.0,15.0,6185.0,HTTPS
1720731370.914493,ClAPKB1mTtiTze6oWg,192.168.1.6,56814.0,192.168.1.4,21.0,tcp,10.91533589363098,158.0,188.0,SF,1.0,1.0,0.0,ShAdDafrF,18.0,1102.0,17.0,1056.0,FTP
1720728351.182019,CPcZYccPHqtGOlptk,192.168.1.6,46320.0,192.168.1.4,21.0,tcp,10.811232089996338,118.0,188.0,SF,1.0,1.0,0.0,ShAdDafrF,18.0,1062.0,17.0,1056.0,FTP
1720727764.855207,C9sHu143XfWzSn1iMg,192.168.1.4,37746.0,35.208.249.213,443.0,tcp,0.041012048721313,0.0,0.0,RSTO,1.0,0.0,0.0,ShR,2.0,100.0,1.0,60.0,HTTPS
1720728275.051474,CTsLhAQK8xtvP8iyi,192.168.1.4,54990.0,13.107.253.40,443.0,tcp,76.39221000671387,3302.0,220245.0,SF,1.0,0.0,0.0,ShADadFf,85.0,7730.0,115.0,226233.0,HTTPS
1720728095.546424,Cxdz4c2JCPiLMxHoA1,192.168.1.4,44135.0,192.168.1.1,53.0,udp,76.39221000671387,3302.0,220245.0,SF,1.0,0.0,0.0,ShADadFf,85.0,7730.0,115.0,226233.0,DNS
1720729546.200283,C1imgQubeHT8ekjh7,192.168.1.6,48890.0,192.168.1.4,21.0,tcp,9.957213878631592,119.0,188.0,SF,1.0,1.0,0.0,ShAdDafFr,18.0,1063.0,17.0,1056.0,FTP
1720729744.337763,Cj6ia14NtMhf5xpZkf,192.168.1.6,60692.0,192.168.1.4,21.0,tcp,9.378500938415527,121.0,188.0,SF,1.0,1.0,0.0,ShAdDafFr,18.0,1065.0,17.0,1056.0,FTP
1720728216.086467,CzeLiY2OoraWnFv3ng,192.168.1.4,39819.0,192.168.1.1,53.0,udp,0.002439022064208,41.0,252.0,SF,1.0,1.0,0.0,Dd,1.0,69.0,1.0,280.0,DNS
1720727980.183262,CkjGwE28Q3JJ1qb5H2,192.168.1.6,55126.0,192.168.1.4,21.0,tcp,10.476814985275269,118.0,188.0,SF,1.0,1.0,0.0,ShAdDafrF,18.0,1062.0,17.0,1056.0,FTP
1720729933.277551,CYUfjh1cR0fbmV2ME6,192.168.1.4,56010.0,91.189.91.48,80.0,tcp,10.476814985275269,118.0,188.0,SF,1.0,1.0,0.0,ShAdDafrF,18.0,1062.0,17.0,1056.0,HTTP
1720728374.655857,CcvKfQ3v2nUtYqNVki,192.168.1.6,56892.0,192.168.1.4,21.0,tcp,10.54093599319458,118.0,188.0,SF,1.0,1.0,0.0,ShAdDafrF,18.0,1062.0,17.0,1056.0,FTP
1720730202.689978,Cdn9ep4WubQfzYLDUk,192.168.1.6,45190.0,192.168.1.4,21.0,tcp,10.860954999923706,122.0,188.0,SF,1.0,1.0,0.0,ShAdDafrF,18.0,1066.0,17.0,1056.0,FTP
1720728530.960927,CPufdWCRRPSM6nZNd,192.168.1.6,54558.0,192.168.1.4,21.0,tcp,9.476592063903809,118.0,188.0,SF,1.0,1.0,0.0,ShAdDafFr,18.0,1062.0,17.0,1056.0,FTP
1720728125.056641,CB4x0u1tTV2Y3UqqOh,192.168.1.4,60019.0,192.168.1.1,53.0,udp,9.476592063903809,118.0,188.0,SF,1.0,1.0,0.0,ShAdDafFr,18.0,1062.0,17.0,1056.0,DNS
1720727884.433945,CU7mND32PvtFxZfsX1,192.168.1.4,50454.0,104.18.32.90,443.0,tcp,0.039003133773803,1852.0,4739.0,SF,1.0,0.0,0.0,ShADadFRfR,10.0,2356.0,8.0,5163.0,HTTPS
1720727971.013215,CZuKtI1maVcrzs2zMh,192.168.1.4,60887.0,192.168.1.1,53.0,udp,0.039003133773803,1852.0,4739.0,SF,1.0,0.0,0.0,ShADadFRfR,10.0,2356.0,8.0,5163.0,DNS
1720727884.264898,CG3BG022gJvhwZxy9f,192.168.1.4,40283.0,192.168.1.1,53.0,udp,0.033066987991333,44.0,269.0,SF,1.0,1.0,0.0,Dd,1.0,72.0,1.0,297.0,DNS
1720730325.923105,CQYzqc9t7Nw8pU5mg,192.168.1.6,57416.0,192.168.1.4,21.0,tcp,11.1961030960083,121.0,188.0,SF,1.0,1.0,0.0,ShAdDafrF,18.0,1065.0,17.0,1056.0,FTP
1720728573.28901,CMmT6p3dK5rZNZntU,192.168.1.6,47522.0,192.168.1.4,21.0,tcp,9.571749925613403,118.0,188.0,SF,1.0,1.0,0.0,ShAdDafrF,18.0,1062.0,17.0,1056.0,FTP
1720728767.226035,CYP0mt3zPGvLukr4Y5,192.168.1.6,32992.0,192.168.1.4,21.0,tcp,9.978789806365969,124.0,188.0,SF,1.0,1.0,0.0,ShAdDafrF,18.0,1068.0,17.0,1056.0,FTP
1720731732.149986,CDonfz4gpaIckzWP,192.168.1.6,34638.0,192.168.1.4,21.0,tcp,10.064089059829712,172.0,188.0,SF,1.0,1.0,0.0,ShAdDafrF,18.0,1116.0,17.0,1056.0,FTP
1720728584.317076,CQTPom2RFqbjEO9aS4,192.168.1.6,45224.0,192.168.1.4,21.0,tcp,9.963655948638916,113.0,188.0,SF,1.0,1.0,0.0,ShAdDafrF,18.0,1057.0,17.0,1056.0,FTP
1720731713.945747,CY84NL2LTJhV9uJ3o1,192.168.1.6,38566.0,192.168.1.4,21.0,tcp,10.845027208328249,172.0,188.0,SF,1.0,1.0,0.0,ShAdDafrF,18.0,1116.0,17.0,1056.0,FTP
1720728822.391515,CryqB91U9UaLb4zcs3,192.168.1.6,57360.0,192.168.1.4,21.0,tcp,9.320154905319214,131.0,188.0,SF,1.0,1.0,0.0,ShAdDafrF,18.0,1075.0,17.0,1056.0,FTP
1720731046.106772,CzRikwXlXs6oUFyR9,192.168.1.6,33090.0,192.168.1.4,21.0,tcp,10.743844985961914,141.0,188.0,SF,1.0,1.0,0.0,ShAdDafrF,18.0,1085.0,17.0,1056.0,FTP
1720727902.387709,Cws1iy47PDyZ8bShAc,192.168.1.6,46138.0,192.168.1.4,21.0,tcp,10.862416982650757,118.0,188.0,SF,1.0,1.0,0.0,ShAdDafrF,18.0,1062.0,17.0,1056.0,FTP
1720731736.327295,CobilE1NFNTGV2R50j,192.168.1.6,52658.0,192.168.1.4,21.0,tcp,9.427928924560549,157.0,188.0,SF,1.0,1.0,0.0,ShAdDafrF,18.0,1101.0,17.0,1056.0,FTP
1720731342.380939,Crrwee4B1BgD4HPUqa,192.168.1.6,38438.0,192.168.1.4,21.0,tcp,10.31839108467102,151.0,188.0,SF,1.0,1.0,0.0,ShAdDafrF,18.0,1095.0,17.0,1056.0,FTP
1720728011.379457,CziOdd1OS3elIYxgzi,192.168.1.6,38364.0,192.168.1.4,21.0,tcp,9.905508041381836,118.0,188.0,SF,1.0,1.0,0.0,ShAdDafrF,18.0,1062.0,17.0,1056.0,FTP
1720729864.38711,CK1DYI1zD2ViNW4X6i,192.168.1.6,51850.0,192.168.1.4,21.0,tcp,10.417469024658203,140.0,188.0,SF,1.0,1.0,0.0,ShAdDafrF,18.0,1084.0,17.0,1056.0,FTP
1720731286.243955,CNLoYq3VmYq6zpPzH1,192.168.1.6,50072.0,192.168.1.4,21.0,tcp,9.77221417427063,191.0,188.0,SF,1.0,1.0,0.0,ShAdDafrF,18.0,1135.0,17.0,1056.0,FTP
1720728771.352703,C46lNF32TPdCxJyhH8,192.168.1.6,33044.0,192.168.1.4,21.0,tcp,9.77969479560852,126.0,188.0,SF,1.0,1.0,0.0,ShAdDafrF,18.0,1070.0,17.0,1056.0,FTP
1720731892.206763,C45wuP1krZywDUmYd3,192.168.1.6,59854.0,192.168.1.4,21.0,tcp,9.970340967178345,188.0,188.0,SF,1.0,1.0,0.0,ShAdDafrF,18.0,1132.0,17.0,1056.0,FTP
1720731035.800439,CDNVQu2jcIhOAbjmyl,192.168.1.6,56846.0,192.168.1.4,21.0,tcp,10.352598190307615,120.0,188.0,SF,1.0,1.0,0.0,ShAdDafrF,18.0,1064.0,17.0,1056.0,FTP
1720729571.686245,C40Epc69Jm2zFNHh2,192.168.1.6,55748.0,192.168.1.4,21.0,tcp,10.541463136672974,112.0,188.0,SF,1.0,1.0,0.0,ShAdDafFr,18.0,1056.0,17.0,1056.0,FTP
1720731859.604202,C8eWe12ihhgJNaURRl,192.168.1.6,41022.0,192.168.1.4,21.0,tcp,9.5034658908844,108.0,188.0,SF,1.0,1.0,0.0,ShAdDafrF,18.0,1052.0,17.0,1056.0,FTP
1720727956.308239,CegDNy1UOApwonuaxa,192.168.1.4,38201.0,192.168.1.1,53.0,udp,0.016649961471557,41.0,176.0,SF,1.0,1.0,0.0,Dd,1.0,69.0,1.0,204.0,DNS
1720727825.272235,CD00mI2BEX1ZHHk2q6,192.168.1.4,32978.0,192.168.1.1,53.0,udp,0.002662181854248,44.0,115.0,SF,1.0,1.0,0.0,Dd,1.0,72.0,1.0,143.0,DNS
1720727915.229107,Cm5HrS25D5F5Cw9mmf,192.168.1.4,35812.0,162.247.243.39,443.0,udp,0.002662181854248,44.0,115.0,SF,1.0,1.0,0.0,Dd,1.0,72.0,1.0,143.0,HTTPS
1720728004.062842,Cs9Cx7B7R1CD8jYo1,192.168.1.4,37012.0,104.16.149.244,443.0,udp,0.002662181854248,44.0,115.0,SF,1.0,1.0,0.0,Dd,1.0,72.0,1.0,143.0,HTTPS
1720727914.19391,CgBX8qbdUtDIMNxuk,192.168.1.4,53830.0,13.224.214.108,443.0,tcp,240.09108519554132,2418.0,866205.0,SF,1.0,0.0,42840.0,ShADadtgtfF,198.0,13138.0,309.0,882281.0,HTTPS
1720731306.8009,CcdAxr21CLDRV3Fs7a,192.168.1.6,55872.0,192.168.1.4,21.0,tcp,10.422183990478516,163.0,188.0,SF,1.0,1.0,0.0,ShAdDafrF,18.0,1107.0,17.0,1056.0,FTP
1720728062.532948,CXTpeK2PTNp9wzper1,192.168.1.6,46120.0,192.168.1.4,21.0,tcp,9.311191082000732,118.0,188.0,SF,1.0,1.0,0.0,ShAdDafrF,18.0,1062.0,17.0,1056.0,FTP
1720730847.785143,CPrHSF1Yan3O8cEFzl,192.168.1.6,45046.0,192.168.1.4,21.0,tcp,9.373428106307983,122.0,188.0,SF,1.0,1.0,0.0,ShAdDafrF,18.0,1066.0,17.0,1056.0,FTP
1720728746.569531,CCneaM2sBPkDOegXIi,192.168.1.6,54130.0,192.168.1.4,21.0,tcp,10.095749139785768,122.0,188.0,SF,1.0,1.0,0.0,ShAdDafrF,18.0,1066.0,17.0,1056.0,FTP
1720727855.148264,CnKRvOcakubSLZHKe,192.168.1.6,42232.0,192.168.1.4,21.0,tcp,10.533236980438232,118.0,188.0,SF,1.0,1.0,0.0,ShAdDafrF,18.0,1062.0,17.0,1056.0,FTP
1720728214.911678,CCerFJ2ABBZejdVTF4,192.168.1.4,42991.0,172.67.132.190,443.0,tcp,10.533236980438232,118.0,188.0,SF,1.0,1.0,0.0,IIiiiiIhhhhHHH,18.0,1062.0,17.0,1056.0,HTTPS
1720727854.239846,CxgAZt1aPgycZya0kl,192.168.1.4,34802.0,192.168.1.1,53.0,udp,0.01951789855957,46.0,317.0,SF,1.0,1.0,0.0,Dd,1.0,74.0,1.0,345.0,DNS
1720728095.636125,CCWnpZ2MBRlkrGTVx8,192.168.1.4,38230.0,192.168.1.1,53.0,udp,0.001683950424194,52.0,134.0,SF,1.0,1.0,0.0,Dd,1.0,80.0,1.0,162.0,DNS
1720727915.524627,C17E0d1tei5QHHukce,192.168.1.4,51999.0,192.168.1.1,53.0,udp,0.163080930709838,46.0,130.0,SF,1.0,1.0,0.0,Dd,1.0,74.0,1.0,158.0,DNS
1720729061.441686,CA5nK83FPfljT5C6Ja,192.168.1.6,59972.0,192.168.1.4,21.0,tcp,10.346508026123049,129.0,188.0,SF,1.0,1.0,0.0,ShAdDafrF,18.0,1073.0,17.0,1056.0,FTP
1720730857.246887,CFgfd51ZlhJ90WRT94,192.168.1.6,41966.0,192.168.1.4,21.0,tcp,10.570611000061035,129.0,188.0,SF,1.0,1.0,0.0,ShAdDafFr,18.0,1073.0,17.0,1056.0,FTP
1720727915.768422,CL45u1LDD6GkxKlK6,192.168.1.4,55463.0,192.168.1.1,53.0,udp,10.570611000061035,129.0,188.0,SF,1.0,1.0,0.0,ShAdDafFr,18.0,1073.0,17.0,1056.0,DNS
1720730688.729888,CkxDjs3FgOyEnbMBYd,192.168.1.6,33186.0,192.168.1.4,21.0,tcp,10.24147891998291,124.0,188.0,SF,1.0,1.0,0.0,ShAdDafrF,18.0,1068.0,17.0,1056.0,FTP
1720728383.49337,CGR50c1HPhJf3IIbV6,192.168.1.6,56528.0,192.168.1.4,21.0,tcp,9.7950119972229,118.0,188.0,SF,1.0,1.0,0.0,ShAdDafrF,18.0,1062.0,17.0,1056.0,FTP
1720728621.532336,C6FyE63oNHWxJteIYb,192.168.1.6,37376.0,192.168.1.4,21.0,tcp,9.674078941345217,129.0,188.0,SF,1.0,1.0,0.0,ShAdDafrF,18.0,1073.0,17.0,1056.0,FTP
1720727884.773802,Cs313G2vRJGXQxx5Ff,192.168.1.4,35706.0,192.168.1.1,53.0,udp,9.674078941345217,129.0,188.0,SF,1.0,1.0,0.0,ShAdDafrF,18.0,1073.0,17.0,1056.0,DNS
1720727763.09272,CNAuzd4gO6SRSqHB75,192.168.1.4,54834.0,192.168.1.1,53.0,udp,0.001379013061523,48.0,108.0,SF,1.0,1.0,0.0,Dd,1.0,76.0,1.0,136.0,DNS
1720730387.671863,CNI75R3G7CAqlr3QXi,192.168.1.6,35138.0,192.168.1.4,21.0,tcp,10.6058988571167,119.0,188.0,SF,1.0,1.0,0.0,ShAdDafrF,18.0,1063.0,17.0,1056.0,FTP
1720731817.668002,CZ8Yc11g5Bb2dRUp2g,192.168.1.6,42326.0,192.168.1.4,21.0,tcp,8.932425022125244,162.0,188.0,SF,1.0,1.0,0.0,ShAdDafrF,18.0,1106.0,17.0,1056.0,FTP
1720728096.408759,CGNGYV3W214N7x8bFh,192.168.1.4,38540.0,104.18.2.219,443.0,tcp,112.336895942688,2668.0,6509.0,SF,1.0,0.0,0.0,ShADadFf,19.0,3664.0,14.0,7245.0,HTTPS
1720728293.598916,CfvD4n3qDhFZlsZ6h3,192.168.1.6,60666.0,192.168.1.4,21.0,tcp,10.19694185256958,118.0,188.0,SF,1.0,1.0,0.0,ShAdDafrF,18.0,1062.0,17.0,1056.0,FTP
1720729074.377529,CF3PE3V7LlxJ33v37,192.168.1.6,48996.0,192.168.1.4,21.0,tcp,10.376497983932495,119.0,188.0,SF,1.0,1.0,0.0,ShAdDafFr,18.0,1063.0,17.0,1056.0,FTP
1720730042.326672,CK0snb2edJa0zBtvFi,192.168.1.6,34430.0,192.168.1.4,21.0,tcp,9.440603017807009,134.0,188.0,SF,1.0,1.0,0.0,ShAdDafrF,18.0,1078.0,17.0,1056.0,FTP
1720729189.052114,C7mK7r2h3UHnpSW9If,192.168.1.6,50198.0,192.168.1.4,21.0,tcp,10.735830068588257,135.0,188.0,SF,1.0,1.0,0.0,ShAdDafrF,18.0,1079.0,17.0,1056.0,FTP
1720727825.370241,CmB07q1hnZ39ZDTx0b,192.168.1.4,60165.0,142.250.80.110,443.0,tcp,10.735830068588257,135.0,188.0,SF,1.0,1.0,0.0,IIiiiIhhhHHhH,18.0,1079.0,17.0,1056.0,HTTPS
1720728818.294517,CfPuL84wQl63TLCCYd,192.168.1.6,57262.0,192.168.1.4,21.0,tcp,9.273849964141846,119.0,188.0,SF,1.0,1.0,0.0,ShAdDafFr,18.0,1063.0,17.0,1056.0,FTP
1720728095.480257,Ce93JP2bicMt6U6f0i,192.168.1.4,56964.0,104.17.245.203,443.0,tcp,9.273849964141846,119.0,188.0,SF,1.0,1.0,0.0,ShAdDafFr,18.0,1063.0,17.0,1056.0,HTTPS
1720728125.229924,CQP7Ma0q8ChW5ep87,192.168.1.4,55433.0,192.168.1.1,53.0,udp,9.273849964141846,119.0,188.0,SF,1.0,1.0,0.0,ShAdDafFr,18.0,1063.0,17.0,1056.0,DNS
1720728257.960809,CwXPjd2DCUY2LxjTP8,192.168.1.6,46764.0,192.168.1.4,21.0,tcp,10.974309921264648,118.0,188.0,SF,1.0,1.0,0.0,ShAdDafrF,18.0,1062.0,17.0,1056.0,FTP
1720729577.567181,ClhvG54d7h1YFAr4Z5,192.168.1.6,51948.0,192.168.1.4,21.0,tcp,10.343203783035278,112.0,188.0,SF,1.0,1.0,0.0,ShAdDafFr,18.0,1056.0,17.0,1056.0,FTP
1720731881.387185,CjL9wT3cjiUbfBVJCf,192.168.1.6,46458.0,192.168.1.4,21.0,tcp,9.78330397605896,177.0,188.0,SF,1.0,1.0,0.0,ShAdDafFr,18.0,1121.0,17.0,1056.0,FTP
1720729681.207342,C14vl43d0mAVwAD6N,192.168.1.6,54740.0,192.168.1.4,21.0,tcp,9.90353298187256,137.0,188.0,SF,1.0,1.0,0.0,ShAdDafrF,18.0,1081.0,17.0,1056.0,FTP
1720730162.865864,CPqZkiC3DJBjG6Lc9,192.168.1.6,40674.0,192.168.1.4,21.0,tcp,10.257916927337646,130.0,188.0,SF,1.0,1.0,0.0,ShAdDafrF,18.0,1074.0,17.0,1056.0,FTP
1720727854.289806,COOTxR1Q5i1MvomMuh,192.168.1.4,60810.0,108.139.29.86,443.0,tcp,10.257916927337646,130.0,188.0,SF,1.0,1.0,0.0,ShAdDafrF,18.0,1074.0,17.0,1056.0,HTTPS
1720727642.913516,Cu7WVM3a4naAzm94Ma,192.168.1.4,37100.0,23.205.106.154,443.0,tcp,300.8401370048523,5838.0,138715.0,SF,1.0,0.0,0.0,ShADadFRf,49.0,8370.0,71.0,142415.0,HTTPS
1720728277.951673,CAth7c6u4QZvn5DC4,192.168.1.4,54957.0,192.168.1.1,53.0,udp,300.8401370048523,5838.0,138715.0,SF,1.0,0.0,0.0,ShADadFRf,49.0,8370.0,71.0,142415.0,DNS
1720728492.161288,CXm9EX2LQzEjJPqF7a,192.168.1.6,36438.0,192.168.1.4,21.0,tcp,10.35312795639038,118.0,188.0,SF,1.0,1.0,0.0,ShAdDafrF,18.0,1062.0,17.0,1056.0,FTP
1720729737.374152,Cyq1no2sAYGk9PzGBk,192.168.1.6,42526.0,192.168.1.4,21.0,tcp,9.29851508140564,115.0,188.0,SF,1.0,1.0,0.0,ShAdDafrF,18.0,1059.0,17.0,1056.0,FTP
1720728610.97353,ClzgmJ3rVETIdEjTx8,192.168.1.6,34178.0,192.168.1.4,21.0,tcp,10.558640956878662,137.0,188.0,SF,1.0,1.0,0.0,ShAdDafrF,18.0,1081.0,17.0,1056.0,FTP
1720729792.173168,CLuOxqT6CxQHj1Fn1,192.168.1.6,60842.0,192.168.1.4,21.0,tcp,10.750447034835815,114.0,188.0,SF,1.0,1.0,0.0,ShAdDafrF,18.0,1058.0,17.0,1056.0,FTP
1720728154.595032,CWK9iQ2tCAJ7YXxyMd,192.168.1.4,36236.0,192.168.1.1,53.0,udp,0.001451015472412,49.0,105.0,SF,1.0,1.0,0.0,Dd,1.0,77.0,1.0,133.0,DNS
1720730048.659798,CESzYN27TrgRSZF0Ng,192.168.1.6,42384.0,192.168.1.4,21.0,tcp,9.664522171020508,121.0,188.0,SF,1.0,1.0,0.0,ShAdDafrF,18.0,1065.0,17.0,1056.0,FTP
1720728911.765316,COiLKV2qpOKcOGeUr9,192.168.1.6,43538.0,192.168.1.4,21.0,tcp,9.717022895812988,166.0,188.0,SF,1.0,1.0,0.0,ShAdDafrF,18.0,1110.0,17.0,1056.0,FTP
1720730525.82254,CWsv8M1D9Mud6aGQ2a,192.168.1.6,49582.0,192.168.1.4,21.0,tcp,10.915035963058472,127.0,188.0,SF,1.0,1.0,0.0,ShAdDafrF,18.0,1071.0,17.0,1056.0,FTP
1720728787.000935,CJsCMZ1IUxNHhBTnH2,192.168.1.6,33886.0,192.168.1.4,21.0,tcp,9.90008282661438,124.0,188.0,SF,1.0,1.0,0.0,ShAdDafrF,18.0,1068.0,17.0,1056.0,FTP
1720728305.961902,CqkSZ82R7kElkYSrQ,192.168.1.4,43487.0,192.168.1.1,53.0,udp,0.023296117782592,57.0,352.0,SF,1.0,1.0,0.0,Dd,1.0,85.0,1.0,380.0,DNS
1720729668.202075,CRPh171IMTA9ZC4Mz2,192.168.1.6,59890.0,192.168.1.4,21.0,tcp,10.004204034805298,155.0,188.0,SF,1.0,1.0,0.0,ShAdDafFr,18.0,1099.0,17.0,1056.0,FTP
1720727914.5048,CL3oZc2xggePNWnApb,192.168.1.4,57797.0,142.251.32.98,443.0,tcp,10.004204034805298,155.0,188.0,SF,1.0,1.0,0.0,IIiiiIhhhHHhH,18.0,1099.0,17.0,1056.0,HTTPS
1720728840.174137,CGe4bS1PDTfdb3TyD2,192.168.1.6,51806.0,192.168.1.4,21.0,tcp,9.385514974594116,134.0,188.0,SF,1.0,1.0,0.0,ShAdDafrF,18.0,1078.0,17.0,1056.0,FTP
1720728034.653929,CHpBxm1JpLODZyoLPj,192.168.1.4,37354.0,192.168.1.1,53.0,udp,9.385514974594116,134.0,188.0,SF,1.0,1.0,0.0,ShAdDafrF,18.0,1078.0,17.0,1056.0,DNS
1720729432.356007,C1bMbp4Z9JroZoEhLa,192.168.1.4,39084.0,192.168.1.1,53.0,udp,0.073896884918212,62.0,236.0,SF,1.0,1.0,0.0,Dd,1.0,90.0,1.0,264.0,DNS
1720728100.949852,CB3mqA2PspbLHen80a,192.168.1.6,40010.0,192.168.1.4,21.0,tcp,10.05753493309021,118.0,188.0,SF,1.0,1.0,0.0,ShAdDafrF,18.0,1062.0,17.0,1056.0,FTP
1720731327.894345,CnA77O3U4mkhu53jHd,192.168.1.6,35234.0,192.168.1.4,21.0,tcp,9.71144986152649,155.0,188.0,SF,1.0,1.0,0.0,ShAdDafrF,18.0,1099.0,17.0,1056.0,FTP
1720731217.116434,CklIII1BNDVZX9Q87l,192.168.1.6,51956.0,192.168.1.4,21.0,tcp,10.292361974716188,117.0,188.0,SF,1.0,1.0,0.0,ShAdDafrF,18.0,1061.0,17.0,1056.0,FTP
1720727824.96131,CFKKs51UwOd8giK7T,192.168.1.4,50376.0,142.251.32.118,443.0,tcp,10.292361974716188,117.0,188.0,SF,1.0,1.0,0.0,ShAdDafrF,18.0,1061.0,17.0,1056.0,HTTPS
1720729648.871777,CFPPJT2aMZDIyGq4Xh,192.168.1.6,46088.0,192.168.1.4,21.0,tcp,9.262303829193115,120.0,188.0,SF,1.0,1.0,0.0,ShAdDafrF,18.0,1064.0,17.0,1056.0,FTP
1720727884.542746,CKWKjz17MBiAWJHnQi,192.168.1.4,57546.0,216.239.32.178,443.0,tcp,9.262303829193115,120.0,188.0,SF,1.0,1.0,0.0,ShAdDafrF,18.0,1064.0,17.0,1056.0,HTTPS
1720728737.257699,CozcSi3KRqYHZOK0L1,192.168.1.6,49708.0,192.168.1.4,21.0,tcp,10.426851034164429,120.0,188.0,SF,1.0,1.0,0.0,ShAdDafFr,18.0,1064.0,17.0,1056.0,FTP
1720728245.202816,CAsmjV3RQHUgrQQ1g1,192.168.1.4,50738.0,192.168.1.1,53.0,udp,0.005620956420898,46.0,130.0,SF,1.0,1.0,0.0,Dd,1.0,74.0,1.0,158.0,DNS
1720727765.812318,C3AILd101BoxqLaO23,192.168.1.4,59012.0,192.168.1.1,53.0,udp,0.011642932891845,127.0,127.0,SF,1.0,1.0,0.0,Dd,3.0,211.0,3.0,211.0,DNS
1720728831.711841,Csd8I24tcZBjMNBJX8,192.168.1.6,48022.0,192.168.1.4,21.0,tcp,8.462065935134888,133.0,188.0,SF,1.0,1.0,0.0,ShAdDafrF,18.0,1077.0,17.0,1056.0,FTP
1720729943.39285,CMaHQM3NnzSeAKoSS4,192.168.1.6,56036.0,192.168.1.4,21.0,tcp,10.257097005844116,129.0,188.0,SF,1.0,1.0,0.0,ShAdDafrF,18.0,1073.0,17.0,1056.0,FTP
1720731067.040373,C1v67M2q9MB77dXNrb,192.168.1.6,38650.0,192.168.1.4,21.0,tcp,10.263089895248411,128.0,188.0,SF,1.0,1.0,0.0,ShAdDafrF,18.0,1072.0,17.0,1056.0,FTP
1720728266.981357,CF5EoW8OvsnwWd2Sf,192.168.1.6,34670.0,192.168.1.4,21.0,tcp,10.189857006072998,118.0,188.0,SF,1.0,1.0,0.0,ShAdDafrF,18.0,1062.0,17.0,1056.0,FTP
1720728788.740046,CK7lRz1mIRu8KFfeyf,192.168.1.6,33942.0,192.168.1.4,21.0,tcp,9.579680919647217,125.0,188.0,SF,1.0,1.0,0.0,ShAdDafrF,18.0,1069.0,17.0,1056.0,FTP
1720730779.383508,Cphgxq2kOXgyqIvUfk,192.168.1.6,58044.0,192.168.1.4,21.0,tcp,10.259115934371948,130.0,188.0,SF,1.0,1.0,0.0,ShAdDafrF,18.0,1074.0,17.0,1056.0,FTP
1720728353.499652,CAir8z4qZu1Wz2GGdk,192.168.1.6,35958.0,192.168.1.4,21.0,tcp,9.793915033340454,118.0,188.0,SF,1.0,1.0,0.0,ShAdDafrF,18.0,1062.0,17.0,1056.0,FTP
1720727915.63771,CXGoZC3Wrx1hjycMH8,192.168.1.6,39842.0,192.168.1.4,21.0,tcp,11.326125860214232,118.0,188.0,SF,1.0,1.0,0.0,ShAdDafrF,18.0,1062.0,17.0,1056.0,FTP
1720728096.493534,CljFyF2bEmGLzsbYL,192.168.1.4,58878.0,142.250.64.102,443.0,udp,0.234931945800781,6572.0,11274.0,SF,1.0,0.0,0.0,Dd,24.0,7244.0,24.0,11946.0,HTTPS
1720728492.542876,CSUxrk3VtVbFVbfuZe,192.168.1.6,36458.0,192.168.1.4,21.0,tcp,10.319425106048584,118.0,188.0,SF,1.0,1.0,0.0,ShAdDafrF,18.0,1062.0,17.0,1056.0,FTP
1720727915.844022,C9pFl13LR6izQ95BC,192.168.1.4,41658.0,34.215.63.240,443.0,tcp,10.319425106048584,118.0,188.0,SF,1.0,1.0,0.0,ShAdDafrF,18.0,1062.0,17.0,1056.0,HTTPS
1720727885.014935,CMOd6Sv6HKDcNmije,192.168.1.4,57978.0,142.251.32.102,443.0,tcp,10.319425106048584,118.0,188.0,SF,1.0,1.0,0.0,IIiiiIhhhHH,18.0,1062.0,17.0,1056.0,HTTPS
1720728096.527216,Ckcnsp22MBHshugrt4,192.168.1.4,40827.0,64.233.180.156,443.0,tcp,10.319425106048584,118.0,188.0,SF,1.0,1.0,0.0,IIiiiIhhhHH,18.0,1062.0,17.0,1056.0,HTTPS
1720729661.110259,CcfgRQ2APuNDVW9XYh,192.168.1.6,55822.0,192.168.1.4,21.0,tcp,9.527549028396606,154.0,188.0,SF,1.0,1.0,0.0,ShAdDafFr,18.0,1098.0,17.0,1056.0,FTP
1720728963.654909,CwCqKv3JIyZ1j95HNf,192.168.1.6,43042.0,192.168.1.4,21.0,tcp,9.455451011657717,136.0,188.0,SF,1.0,1.0,0.0,ShAdDafrF,18.0,1080.0,17.0,1056.0,FTP
1720728306.01342,CGJn3U3kh6ZUTXAdck,192.168.1.4,55646.0,216.34.207.41,443.0,tcp,45.43205189704895,3807.0,17946.0,SF,1.0,0.0,0.0,ShADadFf,20.0,4855.0,18.0,18890.0,HTTPS
1720728275.023054,Ci9eQX2mNk24sAJlYi,192.168.1.4,53208.0,144.80.128.33,80.0,tcp,30.101776123046875,0.0,0.0,SF,1.0,0.0,0.0,ShAfFa,4.0,216.0,3.0,164.0,HTTP
1720727914.312466,CgBX8qbdUtDIMNxuk,192.168.1.4,53830.0,13.224.214.108,443.0,tcp,30.101776123046875,0.0,0.0,SF,1.0,0.0,0.0,ShAfFa,4.0,216.0,3.0,164.0,HTTPS
1720728305.133874,Cscq0IJ5pFt2t5Y7,192.168.1.4,58104.0,192.168.1.1,53.0,udp,0.00248098373413,45.0,343.0,SF,1.0,1.0,0.0,Dd,1.0,73.0,1.0,371.0,DNS
1720729902.558503,CddlWq1IIsu3rPzC3b,192.168.1.6,59762.0,192.168.1.4,21.0,tcp,10.194826126098633,120.0,188.0,SF,1.0,1.0,0.0,ShAdDafrF,18.0,1064.0,17.0,1056.0,FTP
1720728245.204277,CM5k2a2tToX0dz1Fbd,192.168.1.4,48593.0,192.168.1.1,53.0,udp,10.194826126098633,120.0,188.0,SF,1.0,1.0,0.0,ShAdDafrF,18.0,1064.0,17.0,1056.0,DNS
1720728035.132604,CWnf9r3yf3MomaoLKd,192.168.1.4,52146.0,192.168.1.1,53.0,udp,0.151787042617797,52.0,407.0,SF,1.0,1.0,0.0,Dd,1.0,80.0,1.0,435.0,DNS
1720728653.297092,CAOZFL1BJxHOOS7ew,192.168.1.6,57728.0,192.168.1.4,21.0,tcp,10.535032987594604,140.0,188.0,SF,1.0,1.0,0.0,ShAdDafrF,18.0,1084.0,17.0,1056.0,FTP
1720731745.262903,Cmouuv2pSZVG9EMEF1,192.168.1.6,40416.0,192.168.1.4,21.0,tcp,10.628497123718262,163.0,188.0,SF,1.0,1.0,0.0,ShAdDafrF,18.0,1107.0,17.0,1056.0,FTP
1720729861.33242,CfYQLV36pjnZ0mRTT3,192.168.1.6,47946.0,192.168.1.4,21.0,tcp,10.040987968444824,125.0,188.0,SF,1.0,1.0,0.0,ShAdDafFr,18.0,1069.0,17.0,1056.0,FTP
1720728185.355397,Cc5vsW3ooeBUjJer8j,192.168.1.4,42424.0,23.205.106.86,443.0,tcp,10.040987968444824,125.0,188.0,SF,1.0,1.0,0.0,ShAdDafFr,18.0,1069.0,17.0,1056.0,HTTPS
1720729179.09558,CcDU3b2ZBU3ouTWGAe,192.168.1.6,37350.0,192.168.1.4,21.0,tcp,9.956349849700928,121.0,188.0,SF,1.0,1.0,0.0,ShAdDafrF,18.0,1065.0,17.0,1056.0,FTP
1720729123.340321,Cc52o4PpUDMCnHt6k,192.168.1.6,45742.0,192.168.1.4,21.0,tcp,11.556243896484377,134.0,188.0,SF,1.0,1.0,0.0,ShAdDafFr,18.0,1078.0,17.0,1056.0,FTP
1720729805.81048,CIXtAf3i4uc1pw4CE7,192.168.1.6,40408.0,192.168.1.4,21.0,tcp,10.524194955825806,118.0,188.0,SF,1.0,1.0,0.0,ShAdDafrF,18.0,1062.0,17.0,1056.0,FTP
1720729765.795622,CMva5w3ThVzi7MDKR6,192.168.1.6,59046.0,192.168.1.4,21.0,tcp,9.985259771347046,114.0,188.0,SF,1.0,1.0,0.0,ShAdDafrF,18.0,1058.0,17.0,1056.0,FTP
1720728003.992359,CsYcEE1nSXFsi32Fag,192.168.1.4,41163.0,192.168.1.1,53.0,udp,0.069360017776489,40.0,467.0,SF,1.0,1.0,0.0,Dd,1.0,68.0,1.0,495.0,DNS
1720727884.897174,CGBajn4qh9bmaHoLS6,192.168.1.4,50750.0,192.168.1.1,53.0,udp,0.012601137161254,51.0,111.0,SF,1.0,1.0,0.0,Dd,1.0,79.0,1.0,139.0,DNS
1720730378.788571,CIbreU1WQCPjSgOQdi,192.168.1.6,33400.0,192.168.1.4,21.0,tcp,8.960867166519165,130.0,188.0,SF,1.0,1.0,0.0,ShAdDafrF,18.0,1074.0,17.0,1056.0,FTP
1720728095.651773,C0A86L3OJ3hxf2sq59,192.168.1.4,58738.0,54.166.54.182,443.0,tcp,60.046289920806885,2814.0,6780.0,SF,1.0,0.0,0.0,ShADadFf,17.0,3706.0,18.0,7724.0,HTTPS
1720730123.174596,CezAEu25O7jCJ14Ls4,192.168.1.6,52686.0,192.168.1.4,21.0,tcp,9.592634916305542,133.0,188.0,SF,1.0,1.0,0.0,ShAdDafrF,18.0,1077.0,17.0,1056.0,FTP
1720727824.770001,CIrUuD4POlcKqAe6Pj,192.168.1.4,43696.0,192.168.1.1,53.0,udp,0.016724109649658,54.0,140.0,SF,1.0,1.0,0.0,Dd,1.0,82.0,1.0,168.0,DNS
1720730583.520912,C5GjI82Ru4mbazpj43,192.168.1.6,34916.0,192.168.1.4,21.0,tcp,10.845261096954346,127.0,188.0,SF,1.0,1.0,0.0,ShAdDafrF,18.0,1071.0,17.0,1056.0,FTP
1720731348.230354,CRyzqd2i0uRgYuAI75,192.168.1.6,55248.0,192.168.1.4,21.0,tcp,10.925581932067873,151.0,188.0,SF,1.0,1.0,0.0,ShAdDafrF,18.0,1095.0,17.0,1056.0,FTP
1720731664.256512,CfnbS7w96JePJEGxi,192.168.1.6,43406.0,192.168.1.4,21.0,tcp,10.5920991897583,159.0,188.0,SF,1.0,1.0,0.0,ShAdDafrF,18.0,1103.0,17.0,1056.0,FTP
1720727764.875361,C0ABE93H3zhNcvrCi4,192.168.1.4,46904.0,192.168.1.1,53.0,udp,0.003345012664794,52.0,353.0,SF,1.0,1.0,0.0,Dd,1.0,80.0,1.0,381.0,DNS
1720727914.030231,CYTtmz1WPCKeLohWUc,192.168.1.4,35511.0,192.168.1.1,53.0,udp,0.003345012664794,52.0,353.0,SF,1.0,1.0,0.0,Dd,1.0,80.0,1.0,381.0,DNS
1720728096.49761,Cm7iFv3odeMFsqiQw3,192.168.1.4,47275.0,142.251.41.10,443.0,udp,0.003345012664794,52.0,353.0,SF,1.0,1.0,0.0,IIiiiIhhhHHhH,1.0,80.0,1.0,381.0,HTTPS
1720730887.192887,C7yXKa1lJSQnved334,192.168.1.6,43346.0,192.168.1.4,21.0,tcp,11.048341035842896,134.0,188.0,SF,1.0,1.0,0.0,ShAdDafrF,18.0,1078.0,17.0,1056.0,FTP
1720728244.927142,Cfajf43jc71Lclygki,192.168.1.4,50690.0,192.168.1.1,53.0,udp,0.015372037887573,42.0,159.0,SF,1.0,1.0,0.0,Dd,1.0,70.0,1.0,187.0,DNS
1720727943.73602,CxPaqUvPJJ7EpvG7,192.168.1.4,32770.0,34.120.195.249,443.0,udp,0.059727907180786,2732.0,5038.0,SF,1.0,0.0,0.0,Dd,5.0,2872.0,7.0,5234.0,HTTPS
1720728155.5728,CqrkqM3cuVxJgmjTje,192.168.1.4,38234.0,192.168.1.1,53.0,udp,0.005268096923828,50.0,114.0,SF,1.0,1.0,0.0,Dd,1.0,78.0,1.0,142.0,DNS
1720728242.788889,CBSdarU9fOdBVaDC4,192.168.1.6,39228.0,192.168.1.4,21.0,tcp,9.860895156860352,115.0,188.0,SF,1.0,1.0,0.0,ShAdDafrF,18.0,1059.0,17.0,1056.0,FTP
1720727914.205905,CaOrpJ1zMHboOryyYl,192.168.1.4,51732.0,13.224.214.32,443.0,tcp,0.030678987503051,1821.0,4798.0,RSTO,1.0,0.0,0.0,ShADadFR,8.0,2233.0,7.0,5170.0,HTTPS
1720731157.652462,CyWqzz2HRoZdFHBBB7,192.168.1.6,59868.0,192.168.1.4,21.0,tcp,9.72845196723938,109.0,188.0,SF,1.0,1.0,0.0,ShAdDafrF,18.0,1053.0,17.0,1056.0,FTP
1720727915.727341,CaiRIO3TETHmts9Zli,192.168.1.4,48983.0,192.168.1.1,53.0,udp,0.04049015045166,93.0,186.0,SF,1.0,1.0,0.0,Dd,1.0,121.0,1.0,214.0,DNS
1720728126.450682,CCRf7ipusJxmqUQf3,192.168.1.6,46868.0,192.168.1.4,21.0,tcp,9.944123029708862,117.0,188.0,SF,1.0,1.0,0.0,ShAdDafFr,18.0,1061.0,17.0,1056.0,FTP
1720727824.769216,CSFLZT1oPGpTEY3qKh,192.168.1.4,51899.0,192.168.1.1,53.0,udp,0.013622045516967,44.0,582.0,SF,1.0,1.0,0.0,Dd,1.0,72.0,1.0,610.0,DNS
1720728186.398418,CbG53gi7UcAKy6f2c,192.168.1.4,40848.0,192.168.1.1,53.0,udp,0.003005981445312,58.0,139.0,SF,1.0,1.0,0.0,Dd,1.0,86.0,1.0,167.0,DNS
1720731286.93727,CpuLmw3YltFHi6bIIg,192.168.1.6,50100.0,192.168.1.4,21.0,tcp,11.000964164733888,181.0,188.0,SF,1.0,1.0,0.0,ShAdDafFr,18.0,1125.0,17.0,1056.0,FTP
1720727884.737072,Cmp2Xf2dIMwNpgyhpg,192.168.1.4,45945.0,216.239.32.178,443.0,tcp,11.000964164733888,181.0,188.0,SF,1.0,1.0,0.0,IIiiiIhhhHHhH,18.0,1125.0,17.0,1056.0,HTTPS
1720728606.002916,C0D2l129ggQvOlhBEk,192.168.1.6,34144.0,192.168.1.4,21.0,tcp,9.998997926712036,117.0,188.0,SF,1.0,1.0,0.0,ShAdDafrF,18.0,1061.0,17.0,1056.0,FTP
1720728096.396641,CnOZ0A4CRMtS0WBvs9,192.168.1.4,46757.0,192.168.1.1,53.0,udp,9.998997926712036,117.0,188.0,SF,1.0,1.0,0.0,ShAdDafrF,18.0,1061.0,17.0,1056.0,DNS
1720728124.839117,CcxhqDBa92ua6xfa6,192.168.1.4,39130.0,18.238.4.35,443.0,udp,9.998997926712036,117.0,188.0,SF,1.0,1.0,0.0,ShAdDafrF,18.0,1061.0,17.0,1056.0,HTTPS
1720729713.290964,CAbxCi1tcYKjjPkvc,192.168.1.6,56500.0,192.168.1.4,21.0,tcp,10.082555055618286,108.0,188.0,SF,1.0,1.0,0.0,ShAdDafrF,18.0,1052.0,17.0,1056.0,FTP
1720730359.376042,CRjXYJ2BSWz24gRqMi,192.168.1.6,56798.0,192.168.1.4,21.0,tcp,10.244445085525513,130.0,188.0,SF,1.0,1.0,0.0,ShAdDafFr,18.0,1074.0,17.0,1056.0,FTP
1720728215.669344,Ce0VWL17xoxHQFRxWa,192.168.1.4,38862.0,192.168.1.1,53.0,udp,0.002522945404052,48.0,105.0,SF,1.0,1.0,0.0,Dd,1.0,76.0,1.0,133.0,DNS
1720728442.643827,CpcyNq4IBvVjqx8ha1,192.168.1.6,44300.0,192.168.1.4,21.0,tcp,10.029834985733032,117.0,188.0,SF,1.0,1.0,0.0,ShAdDafrF,18.0,1061.0,17.0,1056.0,FTP
1720731649.679845,CIpKQK3A041TWNTs1a,192.168.1.6,40712.0,192.168.1.4,21.0,tcp,10.029803991317747,171.0,188.0,SF,1.0,1.0,0.0,ShAdDafrF,18.0,1115.0,17.0,1056.0,FTP
1720730951.059946,CtN2j020ONXBpD1lul,192.168.1.6,56876.0,192.168.1.4,21.0,tcp,10.287894010543823,132.0,188.0,SF,1.0,1.0,0.0,ShAdDafFr,18.0,1076.0,17.0,1056.0,FTP
1720730440.694322,CVphVH2E8iawPBkml6,192.168.1.6,42738.0,192.168.1.4,21.0,tcp,9.771182775497437,129.0,188.0,SF,1.0,1.0,0.0,ShAdDafrF,18.0,1073.0,17.0,1056.0,FTP
1720728000.72456,Cf2wxC25HotNTdVEt7,192.168.1.6,51336.0,192.168.1.4,21.0,tcp,10.64440894126892,117.0,188.0,SF,1.0,1.0,0.0,ShAdDafrF,18.0,1061.0,17.0,1056.0,FTP
1720729243.580156,CwTNcF1PjKLQZTcr38,192.168.1.6,43902.0,192.168.1.4,21.0,tcp,9.520134925842283,140.0,188.0,SF,1.0,1.0,0.0,ShAdDafrF,18.0,1084.0,17.0,1056.0,FTP
1720728219.961705,CfWFxb4YGs2d02o4Ug,192.168.1.4,59336.0,23.73.207.10,443.0,udp,5.605031967163086,10061.0,602927.0,SF,1.0,0.0,0.0,Dd,119.0,13393.0,515.0,617347.0,HTTPS
1720728154.788541,CTyIXr4qs32ok9ONsl,192.168.1.4,59186.0,142.251.32.104,443.0,tcp,53.9693558216095,2548.0,236772.0,SF,1.0,0.0,0.0,ShADadFf,97.0,7600.0,159.0,245048.0,HTTPS
1720727794.472161,CcBEdp2avuWWV8epwl,192.168.1.4,45266.0,142.251.32.104,443.0,tcp,53.9693558216095,2548.0,236772.0,SF,1.0,0.0,0.0,ShADadFf,97.0,7600.0,159.0,245048.0,HTTPS
1720728155.555035,C2XDhD6ne2naQzlgc,192.168.1.4,56143.0,192.168.1.1,53.0,udp,0.016828775405883,64.0,496.0,SF,1.0,1.0,0.0,Dd,1.0,92.0,1.0,524.0,DNS
1720728125.358279,CVgzxp38mniDRrhPt1,192.168.1.4,56160.0,192.168.1.1,53.0,udp,0.011202096939086,49.0,320.0,SF,1.0,1.0,0.0,Dd,1.0,77.0,1.0,348.0,DNS
1720731537.703564,CgefQa465VBAmFpwt,192.168.1.6,44966.0,192.168.1.4,21.0,tcp,8.951804161071777,142.0,188.0,SF,1.0,1.0,0.0,ShAdDafrF,18.0,1086.0,17.0,1056.0,FTP
1720728186.439074,CX9zvD4RriWsXGB5oi,192.168.1.4,54764.0,64.233.180.155,443.0,tcp,22.309908866882324,2539.0,6953.0,SF,1.0,0.0,0.0,ShADadFf,15.0,3327.0,15.0,7741.0,HTTPS
1720730567.209831,CzEhxm3XpvuyQkMNM3,192.168.1.6,33690.0,192.168.1.4,21.0,tcp,9.66714596748352,138.0,188.0,SF,1.0,1.0,0.0,ShAdDafrF,18.0,1082.0,17.0,1056.0,FTP
1720730833.233364,CacQvvnM6BcDLLXc2,192.168.1.4,34384.0,192.168.1.1,53.0,udp,0.001497983932495,58.0,418.0,SF,1.0,1.0,0.0,Dd,1.0,86.0,1.0,446.0,DNS
1720729995.358942,C6LcCF21aP5sig0eWi,192.168.1.6,52096.0,192.168.1.4,21.0,tcp,9.39734387397766,140.0,188.0,SF,1.0,1.0,0.0,ShAdDafrF,18.0,1084.0,17.0,1056.0,FTP
1720731237.381832,CzVTBD3IzCGMlxYRv4,192.168.1.6,35118.0,192.168.1.4,21.0,tcp,9.738805055618286,151.0,188.0,SF,1.0,1.0,0.0,ShAdDafrF,18.0,1095.0,17.0,1056.0,FTP
1720730010.5439,CjN4lg2Sds7QYxKHa2,192.168.1.6,41256.0,192.168.1.4,21.0,tcp,9.880934953689575,120.0,188.0,SF,1.0,1.0,0.0,ShAdDafrF,18.0,1064.0,17.0,1056.0,FTP
1720729432.356007,C1bMbp4Z9JroZoEhLa,192.168.1.4,39084.0,192.168.1.1,53.0,udp,9.880934953689575,120.0,188.0,SF,1.0,1.0,0.0,ShAdDafrF,18.0,1064.0,17.0,1056.0,DNS
1720729743.701807,CrYaY51IpOyi4M1tGl,192.168.1.6,60660.0,192.168.1.4,21.0,tcp,9.59454607963562,115.0,188.0,SF,1.0,1.0,0.0,ShAdDafrF,18.0,1059.0,17.0,1056.0,FTP
1720729652.201239,C3wA1W2Djp033SWyQ,192.168.1.6,46142.0,192.168.1.4,21.0,tcp,9.153469800949097,114.0,188.0,SF,1.0,1.0,0.0,ShAdDafrF,18.0,1058.0,17.0,1056.0,FTP
1720729541.364583,CNdwWKSLwUlXl02Fi,192.168.1.6,37744.0,192.168.1.4,21.0,tcp,10.391174077987673,117.0,188.0,SF,1.0,1.0,0.0,ShAdDafrF,18.0,1061.0,17.0,1056.0,FTP
1720729256.155037,CTlaNBhw6F2rACuAb,192.168.1.6,54456.0,192.168.1.4,21.0,tcp,9.858724117279053,124.0,188.0,SF,1.0,1.0,0.0,ShAdDafrF,18.0,1068.0,17.0,1056.0,FTP
1720728852.53258,ClmixLJHlgntgd6R6,192.168.1.6,39808.0,192.168.1.4,21.0,tcp,9.2881760597229,132.0,188.0,SF,1.0,1.0,0.0,ShAdDafrF,18.0,1076.0,17.0,1056.0,FTP
1720731179.404146,C8wFs02xyTCDChSIGi,192.168.1.6,44704.0,192.168.1.4,21.0,tcp,9.976782083511353,125.0,188.0,SF,1.0,1.0,0.0,ShAdDafFr,18.0,1069.0,17.0,1056.0,FTP
1720728271.921392,Cxn3rE3wuHtbMeHx9g,192.168.1.4,44856.0,35.190.80.1,443.0,tcp,79.52199292182922,4407.0,4070.0,SF,1.0,0.0,0.0,ShADadFf,19.0,5403.0,16.0,4910.0,HTTPS
1720729279.545455,CHKbVHQMYw25dc2wa,192.168.1.6,60092.0,192.168.1.4,21.0,tcp,9.334048986434937,117.0,188.0,SF,1.0,1.0,0.0,ShAdDafrF,18.0,1061.0,17.0,1056.0,FTP
1720729315.477425,CEQDdb30M5ecxZtao2,192.168.1.6,33548.0,192.168.1.4,21.0,tcp,9.831326961517334,119.0,188.0,SF,1.0,1.0,0.0,ShAdDafrF,18.0,1063.0,17.0,1056.0,FTP
1720728219.952158,CgQTJq10DKJTr6ifcd,192.168.1.4,37521.0,192.168.1.1,53.0,udp,9.831326961517334,119.0,188.0,SF,1.0,1.0,0.0,ShAdDafrF,18.0,1063.0,17.0,1056.0,DNS
1720727824.938542,Cz5UO3lmtGCVybxg2,192.168.1.4,48109.0,192.168.1.1,53.0,udp,0.00316309928894,40.0,97.0,SF,1.0,1.0,0.0,Dd,1.0,68.0,1.0,125.0,DNS
1720730918.210616,CbEbK81YWVB66Ns5ai,192.168.1.6,34692.0,192.168.1.4,21.0,tcp,11.16461181640625,141.0,188.0,SF,1.0,1.0,0.0,ShAdDafrF,18.0,1085.0,17.0,1056.0,FTP
1720727793.866039,Cf82PN3lbrgHXPvAuh,192.168.1.4,41150.0,192.168.1.1,53.0,udp,0.0691819190979,48.0,330.0,SF,1.0,1.0,0.0,Dd,1.0,76.0,1.0,358.0,DNS
1720728822.780501,C6AUGs2tGJJVK3QaIi,192.168.1.6,57378.0,192.168.1.4,21.0,tcp,11.199202060699465,124.0,188.0,SF,1.0,1.0,0.0,ShAdDafrF,18.0,1068.0,17.0,1056.0,FTP
1720727914.060646,CQHOB81rASPWfGFh12,192.168.1.4,59408.0,192.168.1.1,53.0,udp,0.001214027404785,58.0,139.0,SF,1.0,1.0,0.0,Dd,1.0,86.0,1.0,167.0,DNS
1720728187.307737,ClMrLVRBXwCk3k2Lh,192.168.1.4,57899.0,192.168.1.1,53.0,udp,0.031438827514648,76.0,155.0,SF,1.0,1.0,0.0,Dd,1.0,104.0,1.0,183.0,DNS
1720729888.624417,CevrRC3frimUvu4Gf,192.168.1.6,52158.0,192.168.1.4,21.0,tcp,10.432766914367676,135.0,188.0,SF,1.0,1.0,0.0,ShAdDafrF,18.0,1079.0,17.0,1056.0,FTP
1720729912.743161,C4wIPm3MUXj189zahk,192.168.1.6,43562.0,192.168.1.4,21.0,tcp,10.3093581199646,131.0,188.0,SF,1.0,1.0,0.0,ShAdDafrF,18.0,1075.0,17.0,1056.0,FTP
1720731559.877701,Ca0KfB2D1WIkfNHaff,192.168.1.6,35618.0,192.168.1.4,21.0,tcp,9.951228857040403,142.0,188.0,SF,1.0,1.0,0.0,ShAdDafrF,18.0,1086.0,17.0,1056.0,FTP
1720728807.665956,ChY2Xd1SPRr5z8mxBf,192.168.1.6,37354.0,192.168.1.4,21.0,tcp,10.539613008499146,122.0,188.0,SF,1.0,1.0,0.0,ShAdDafrF,18.0,1066.0,17.0,1056.0,FTP
1720728340.258837,CEF9Ab3farmcZ8MqR8,192.168.1.6,38762.0,192.168.1.4,21.0,tcp,10.937400102615356,118.0,188.0,SF,1.0,1.0,0.0,ShAdDafrF,18.0,1062.0,17.0,1056.0,FTP
1720729514.967622,CRS4ZrMSRcSd7tFuc,192.168.1.6,36440.0,192.168.1.4,21.0,tcp,10.536668062210085,112.0,188.0,SF,1.0,1.0,0.0,ShAdDafFr,18.0,1056.0,17.0,1056.0,FTP
1720727754.944942,CiH5wb2iFVdnSDU8oi,192.168.1.6,52060.0,192.168.1.4,21.0,tcp,10.54918098449707,118.0,188.0,SF,1.0,1.0,0.0,ShAdDafrF,18.0,1062.0,17.0,1056.0,FTP
1720730613.234534,C0lzXM2IHp6sfBSiz6,192.168.1.6,38836.0,192.168.1.4,21.0,tcp,10.547141075134276,130.0,188.0,SF,1.0,1.0,0.0,ShAdDafFr,18.0,1074.0,17.0,1056.0,FTP
1720728275.775785,CgJ4ZN3DUiuT3gAPA5,192.168.1.4,33434.0,40.126.24.149,443.0,tcp,10.547141075134276,130.0,188.0,SF,1.0,1.0,0.0,ShAdDafFr,18.0,1074.0,17.0,1056.0,HTTPS
1720728094.565571,CUSOIH2NZHOQxtPr8f,192.168.1.4,59312.0,192.168.1.1,53.0,udp,0.00248384475708,68.0,146.0,SF,1.0,1.0,0.0,Dd,1.0,96.0,1.0,174.0,DNS
1720729817.065614,CuCfgP2ftDNpe5MZ0h,192.168.1.6,34356.0,192.168.1.4,21.0,tcp,10.112451076507568,127.0,188.0,SF,1.0,1.0,0.0,ShAdDafrF,18.0,1071.0,17.0,1056.0,FTP
1720730877.422951,CTuOtG1JFgrMyG3HU5,192.168.1.6,60102.0,192.168.1.4,21.0,tcp,9.808941125869753,143.0,188.0,SF,1.0,1.0,0.0,ShAdDafrF,18.0,1087.0,17.0,1056.0,FTP
1720729985.312931,C5Cylg3TwqSWg9Qf7i,192.168.1.6,44510.0,192.168.1.4,21.0,tcp,10.23619794845581,121.0,188.0,SF,1.0,1.0,0.0,ShAdDafrF,18.0,1065.0,17.0,1056.0,FTP
1720731148.019689,CGkkBc3Dr1RhxpeEA7,192.168.1.6,58572.0,192.168.1.4,21.0,tcp,9.608214855194092,107.0,188.0,SF,1.0,1.0,0.0,ShAdDafFr,18.0,1051.0,17.0,1056.0,FTP
1720727884.442664,CvCW051KwatMG3Xtc6,192.168.1.4,54701.0,142.251.32.104,443.0,tcp,9.608214855194092,107.0,188.0,SF,1.0,1.0,0.0,IIiiiIhhhHHhH,18.0,1051.0,17.0,1056.0,HTTPS
1720728747.670883,C8fAh24kfkKfAtnvy3,192.168.1.6,54174.0,192.168.1.4,21.0,tcp,9.504755973815918,125.0,188.0,SF,1.0,1.0,0.0,ShAdDafFr,18.0,1069.0,17.0,1056.0,FTP
1720728096.351176,CFfegn37PS89K9Er68,192.168.1.4,37483.0,142.250.81.238,443.0,tcp,9.504755973815918,125.0,188.0,SF,1.0,1.0,0.0,ShAdDafFr,18.0,1069.0,17.0,1056.0,HTTPS
1720729317.868633,Cl3xib2Rx3IZ8O1rL3,192.168.1.6,33592.0,192.168.1.4,21.0,tcp,9.586983919143677,119.0,188.0,SF,1.0,1.0,0.0,ShAdDafrF,18.0,1063.0,17.0,1056.0,FTP
1720730274.253022,CDcFzQn2YKeMpOAa,192.168.1.6,54016.0,192.168.1.4,21.0,tcp,10.93107295036316,138.0,188.0,SF,1.0,1.0,0.0,ShAdDafFr,18.0,1082.0,17.0,1056.0,FTP
1720727765.869331,CMWWIu3buuHCUmxFnd,192.168.1.4,56585.0,172.64.151.101,443.0,tcp,10.93107295036316,138.0,188.0,SF,1.0,1.0,0.0,ShAdDafFr,18.0,1082.0,17.0,1056.0,HTTPS
1720729594.680147,Cx5wE316hsKr9Te6Jh,192.168.1.6,51138.0,192.168.1.4,21.0,tcp,10.342978954315186,111.0,188.0,SF,1.0,1.0,0.0,ShAdDafrF,18.0,1055.0,17.0,1056.0,FTP
1720729639.571559,CSTp5a3HQtZkNQkT9k,192.168.1.6,47564.0,192.168.1.4,21.0,tcp,9.605602025985718,113.0,188.0,SF,1.0,1.0,0.0,ShAdDafFr,18.0,1057.0,17.0,1056.0,FTP
1720728125.120531,CSEgv82qiO4Jy8j2Zf,192.168.1.4,60419.0,192.168.1.1,53.0,udp,0.01717185974121,68.0,142.0,SF,1.0,1.0,0.0,Dd,1.0,96.0,1.0,170.0,DNS
1720729064.861205,CUjefq2Z0gq4dHgQWe,192.168.1.6,36986.0,192.168.1.4,21.0,tcp,9.861357927322388,123.0,188.0,SF,1.0,1.0,0.0,ShAdDafrF,18.0,1067.0,17.0,1056.0,FTP
1720728185.451354,CvZfj83qQRu6FjOIz6,192.168.1.4,54586.0,104.106.176.237,443.0,tcp,23.3301329612732,2643.0,94589.0,SF,1.0,0.0,0.0,ShADadtFRf,70.0,6351.0,75.0,101393.0,HTTPS
1720728595.196767,C4YK7m33DXWINZ9pV8,192.168.1.6,35534.0,192.168.1.4,21.0,tcp,10.78158688545227,114.0,188.0,SF,1.0,1.0,0.0,ShAdDafFr,18.0,1058.0,17.0,1056.0,FTP
1720731454.498651,CK2R1B420iBQIwTQVa,192.168.1.6,44256.0,192.168.1.4,21.0,tcp,9.918124914169312,143.0,188.0,SF,1.0,1.0,0.0,ShAdDafrF,18.0,1087.0,17.0,1056.0,FTP
1720727765.651246,C2BtFX2jKRthiIFeJb,192.168.1.4,57544.0,35.208.249.213,443.0,tcp,443.1233668327332,2564.0,5043.0,SF,1.0,0.0,0.0,ShADadFf,23.0,3768.0,21.0,6143.0,HTTPS
1720729407.18178,C2QftOBHoLKempzK,192.168.1.6,36818.0,192.168.1.4,21.0,tcp,9.386538982391356,124.0,188.0,SF,1.0,1.0,0.0,ShAdDafFr,18.0,1068.0,17.0,1056.0,FTP
1720727794.493567,CGF5NMTqDv46Kkcuh,192.168.1.4,37113.0,192.168.1.1,53.0,udp,9.386538982391356,124.0,188.0,SF,1.0,1.0,0.0,ShAdDafFr,18.0,1068.0,17.0,1056.0,DNS
1720731831.888614,C88ymr20K4ARJcZ367,192.168.1.6,45404.0,192.168.1.4,21.0,tcp,9.662440061569214,172.0,188.0,SF,1.0,1.0,0.0,ShAdDafrF,18.0,1116.0,17.0,1056.0,FTP
1720728502.514567,COIRP22M4eBSESiyVl,192.168.1.6,54906.0,192.168.1.4,21.0,tcp,9.341769218444824,118.0,188.0,SF,1.0,1.0,0.0,ShAdDafrF,18.0,1062.0,17.0,1056.0,FTP
1720727895.212543,CclRnQ2kTJCBvZBSy7,192.168.1.6,46020.0,192.168.1.4,21.0,tcp,10.006710052490234,118.0,188.0,SF,1.0,1.0,0.0,ShAdDafrF,18.0,1062.0,17.0,1056.0,FTP
1720729505.78327,CQhgBa2vvX6xMVUUM5,192.168.1.6,39556.0,192.168.1.4,21.0,tcp,10.633722066879272,128.0,188.0,SF,1.0,1.0,0.0,ShAdDafrF,18.0,1072.0,17.0,1056.0,FTP
1720731148.464794,CXFSjM2zahxUIn2id2,192.168.1.6,58646.0,192.168.1.4,21.0,tcp,10.553136110305786,108.0,188.0,SF,1.0,1.0,0.0,ShAdDafrF,18.0,1052.0,17.0,1056.0,FTP
1720728371.192163,CFmz3GoUMUSIoBz75,192.168.1.6,46806.0,192.168.1.4,21.0,tcp,10.53292989730835,118.0,188.0,SF,1.0,1.0,0.0,ShAdDafFr,18.0,1062.0,17.0,1056.0,FTP
1720728064.56179,CYQASL2VvWD9B5q7M7,192.168.1.4,57667.0,192.168.1.1,53.0,udp,0.036242961883544,52.0,269.0,SF,1.0,1.0,0.0,Dd,1.0,80.0,1.0,297.0,DNS
1720728782.169232,CQ9U221gdv0EK5hpL6,192.168.1.6,41630.0,192.168.1.4,21.0,tcp,9.770264148712158,131.0,188.0,SF,1.0,1.0,0.0,ShAdDafrF,18.0,1075.0,17.0,1056.0,FTP
1720728004.423377,Cb0BXK3Wf2VFXKXtOi,192.168.1.4,38876.0,216.239.32.181,443.0,udp,0.078144073486328,3724.0,4214.0,SF,1.0,0.0,0.0,Dd,9.0,3976.0,10.0,4494.0,HTTPS
1720727825.011176,C4XIads1v22YfUwW2,192.168.1.4,35758.0,142.250.64.97,443.0,udp,0.078144073486328,3724.0,4214.0,SF,1.0,0.0,0.0,Dd,9.0,3976.0,10.0,4494.0,HTTPS
1720728215.793037,CfjhlI2qleg4E1tSq1,192.168.1.4,47303.0,162.159.129.233,443.0,udp,0.078144073486328,3724.0,4214.0,SF,1.0,0.0,0.0,Dd,9.0,3976.0,10.0,4494.0,HTTPS
1720727763.140018,CsevCE4Sj9PJrVVAvd,192.168.1.4,45323.0,192.168.1.1,53.0,udp,0.002801895141601,43.0,561.0,SF,1.0,1.0,0.0,Dd,1.0,71.0,1.0,589.0,DNS
1720729396.711582,CLHLIC47IanDtE0vi7,192.168.1.6,49118.0,192.168.1.4,21.0,tcp,10.47004008293152,119.0,188.0,SF,1.0,1.0,0.0,ShAdDafrF,18.0,1063.0,17.0,1056.0,FTP
1720727824.946611,C23zSjZM7CxcE4SQ7,192.168.1.4,51982.0,142.250.80.110,443.0,tcp,10.47004008293152,119.0,188.0,SF,1.0,1.0,0.0,ShAdDafrF,18.0,1063.0,17.0,1056.0,HTTPS
1720727824.615433,C4XIads1v22YfUwW2,192.168.1.4,35758.0,142.250.64.97,443.0,tcp,240.3920509815216,2698.0,909609.0,SF,1.0,0.0,60200.0,ShADadgtFf,217.0,14026.0,347.0,927661.0,HTTPS
1720728149.359025,C2ob3C3ZRnBLtPFCk2,192.168.1.6,42200.0,192.168.1.4,21.0,tcp,9.46953010559082,118.0,188.0,SF,1.0,1.0,0.0,ShAdDafrF,18.0,1062.0,17.0,1056.0,FTP
1720730244.931978,CBh4tf1XaOAGjckopf,192.168.1.6,59266.0,192.168.1.4,21.0,tcp,10.652430057525637,129.0,188.0,SF,1.0,1.0,0.0,ShAdDafFr,18.0,1073.0,17.0,1056.0,FTP
1720727824.829033,CbuQJTBMb9sRDbxDi,192.168.1.4,32844.0,192.168.1.1,53.0,udp,10.652430057525637,129.0,188.0,SF,1.0,1.0,0.0,ShAdDafFr,18.0,1073.0,17.0,1056.0,DNS
1720727850.907577,Chtm8U2QEMsv6UEbi3,192.168.1.4,43331.0,192.168.1.1,53.0,udp,0.00229787826538,41.0,252.0,SF,1.0,1.0,0.0,Dd,1.0,69.0,1.0,280.0,DNS
1720731204.546727,CZJSjT3TBDyhUPYqE4,192.168.1.6,58360.0,192.168.1.4,21.0,tcp,9.473274946212769,117.0,188.0,SF,1.0,1.0,0.0,ShAdDafrF,18.0,1061.0,17.0,1056.0,FTP
1720727914.328781,CJpbVa4fAB8hWRU0yh,192.168.1.4,55291.0,192.168.1.1,53.0,udp,9.473274946212769,117.0,188.0,SF,1.0,1.0,0.0,ShAdDafrF,18.0,1061.0,17.0,1056.0,DNS
1720727883.720415,CjYrZX3Z9Caij8uIDd,192.168.1.4,60178.0,192.168.1.1,53.0,udp,0.043442964553833,51.0,115.0,SF,1.0,1.0,0.0,Dd,1.0,79.0,1.0,143.0,DNS
1720731479.723398,CO3WvTOClWUey84j6,192.168.1.6,42322.0,192.168.1.4,21.0,tcp,10.00637412071228,182.0,188.0,SF,1.0,1.0,0.0,ShAdDafrF,18.0,1126.0,17.0,1056.0,FTP
1720728125.056099,C1kU1T3jz0hLUocEJ3,192.168.1.4,46969.0,192.168.1.1,53.0,udp,10.00637412071228,182.0,188.0,SF,1.0,1.0,0.0,ShAdDafrF,18.0,1126.0,17.0,1056.0,DNS
1720728475.768699,CMWLcp2lQSRWguCNYc,192.168.1.6,53162.0,192.168.1.4,21.0,tcp,10.484627962112429,117.0,188.0,SF,1.0,1.0,0.0,ShAdDafrF,18.0,1061.0,17.0,1056.0,FTP
1720727854.239621,CClPE51VNv7vo3oaGa,192.168.1.4,56412.0,104.17.24.14,443.0,tcp,10.484627962112429,117.0,188.0,SF,1.0,1.0,0.0,IIiiiIhhhhHHH,18.0,1061.0,17.0,1056.0,HTTPS
1720727895.744972,CF5Ypu3VenS5zjnyZj,192.168.1.6,46116.0,192.168.1.4,21.0,tcp,10.391727924346924,118.0,188.0,SF,1.0,1.0,0.0,ShAdDafrF,18.0,1062.0,17.0,1056.0,FTP
1720728305.102855,C1nzSj4havobGO1Sj9,192.168.1.4,56658.0,192.168.1.1,53.0,udp,10.391727924346924,118.0,188.0,SF,1.0,1.0,0.0,ShAdDafrF,18.0,1062.0,17.0,1056.0,DNS
1720728305.159132,COBwVWwbp2jqCyk0e,192.168.1.4,46091.0,192.168.1.1,53.0,udp,10.391727924346924,118.0,188.0,SF,1.0,1.0,0.0,ShAdDafrF,18.0,1062.0,17.0,1056.0,DNS
1720731860.790283,C75PSm2q5hXwRG7bS,192.168.1.6,41046.0,192.168.1.4,21.0,tcp,10.270188093185425,114.0,188.0,SF,1.0,1.0,0.0,ShAdDafrF,18.0,1058.0,17.0,1056.0,FTP
1720730437.150367,CmffJQCJ1gnyZDHN2,192.168.1.6,42688.0,192.168.1.4,21.0,tcp,10.392827033996582,120.0,188.0,SF,1.0,1.0,0.0,ShAdDafrF,18.0,1064.0,17.0,1056.0,FTP
1720731670.373589,CHWJ3tUUTXydboQk,192.168.1.6,43452.0,192.168.1.4,21.0,tcp,9.59254789352417,154.0,188.0,SF,1.0,1.0,0.0,ShAdDafrF,18.0,1098.0,17.0,1056.0,FTP
1720729342.148961,CgEjWh1oQRqcfyUCJa,192.168.1.6,50826.0,192.168.1.4,21.0,tcp,10.749145030975342,114.0,188.0,SF,1.0,1.0,0.0,ShAdDafrF,18.0,1058.0,17.0,1056.0,FTP
1720731360.062724,C3c5LA2LmJs4CI0LJg,192.168.1.6,35778.0,192.168.1.4,21.0,tcp,10.85164189338684,163.0,188.0,SF,1.0,1.0,0.0,ShAdDafrF,18.0,1107.0,17.0,1056.0,FTP
1720727793.433462,CDE7tehikVuWkx3fj,192.168.1.4,52767.0,192.168.1.1,53.0,udp,10.85164189338684,163.0,188.0,SF,1.0,1.0,0.0,ShAdDafrF,18.0,1107.0,17.0,1056.0,DNS
1720728953.475541,CDWVOp3i66ReZiNWW3,192.168.1.6,60864.0,192.168.1.4,21.0,tcp,10.216079950332642,146.0,188.0,SF,1.0,1.0,0.0,ShAdDafrF,18.0,1090.0,17.0,1056.0,FTP
1720727824.394075,C8LSBf1eplOINCaMqc,192.168.1.4,34143.0,192.168.1.1,53.0,udp,0.016354084014892,45.0,309.0,SF,1.0,1.0,0.0,Dd,1.0,73.0,1.0,337.0,DNS
1720729661.307953,CvrgeKQH5hlDYwJR7,192.168.1.6,55828.0,192.168.1.4,21.0,tcp,10.461032152175903,152.0,188.0,SF,1.0,1.0,0.0,ShAdDafrF,18.0,1096.0,17.0,1056.0,FTP
1720727915.52416,CERt2V1Z7eLUnqSll4,192.168.1.4,54455.0,192.168.1.1,53.0,udp,10.461032152175903,152.0,188.0,SF,1.0,1.0,0.0,ShAdDafrF,18.0,1096.0,17.0,1056.0,DNS
1720730961.113191,Ccyytg2osuQN53u6na,192.168.1.6,51460.0,192.168.1.4,21.0,tcp,10.066011190414429,127.0,188.0,SF,1.0,1.0,0.0,ShAdDafFr,18.0,1071.0,17.0,1056.0,FTP
1720730087.846632,CRoaTq4PxuKyy8ILFj,192.168.1.6,33610.0,192.168.1.4,21.0,tcp,10.858628988265991,145.0,188.0,SF,1.0,1.0,0.0,ShAdDafrF,18.0,1089.0,17.0,1056.0,FTP
1720727794.428452,CsHzIN3IuWqXeli0Uh,192.168.1.4,60719.0,142.251.40.131,443.0,tcp,10.858628988265991,145.0,188.0,SF,1.0,1.0,0.0,IIiiiIhhhHHhhH,18.0,1089.0,17.0,1056.0,HTTPS
1720729327.515627,CwuzNw3Yn2D5JzAq4h,192.168.1.6,54836.0,192.168.1.4,21.0,tcp,9.92017102241516,117.0,188.0,SF,1.0,1.0,0.0,ShAdDafrF,18.0,1061.0,17.0,1056.0,FTP
1720728677.423449,CPQtCL3CfTPDDRsDMk,192.168.1.6,41512.0,192.168.1.4,21.0,tcp,10.550570011138916,136.0,188.0,SF,1.0,1.0,0.0,ShAdDafrF,18.0,1080.0,17.0,1056.0,FTP
1720730122.688602,CTfm0PXXo82YyNo53,192.168.1.6,48348.0,192.168.1.4,21.0,tcp,9.793358087539673,140.0,188.0,SF,1.0,1.0,0.0,ShAdDafrF,18.0,1084.0,17.0,1056.0,FTP
1720730014.877439,CJs1JKbSCIKiUtSg2,192.168.1.6,51500.0,192.168.1.4,21.0,tcp,9.627300024032593,130.0,188.0,SF,1.0,1.0,0.0,ShAdDafrF,18.0,1074.0,17.0,1056.0,FTP
1720727913.784408,CKF42Z17D2azz1VJqk,192.168.1.4,32774.0,18.238.4.118,443.0,tcp,60.07397699356079,1820.0,5021.0,SF,1.0,0.0,0.0,ShADadFf,12.0,2452.0,12.0,5653.0,HTTPS
1720730150.955613,CYTgL94VMi97HGSYZ8,192.168.1.6,55590.0,192.168.1.4,21.0,tcp,10.316131114959717,127.0,188.0,SF,1.0,1.0,0.0,ShAdDafrF,18.0,1071.0,17.0,1056.0,FTP
1720727884.849588,CDk0cD21DN6KjnCEl8,192.168.1.4,34614.0,192.168.1.1,53.0,udp,10.316131114959717,127.0,188.0,SF,1.0,1.0,0.0,ShAdDafrF,18.0,1071.0,17.0,1056.0,DNS
1720729109.743395,CSdq4g1BYmVJNTg695,192.168.1.6,46666.0,192.168.1.4,21.0,tcp,9.93420386314392,118.0,188.0,SF,1.0,1.0,0.0,ShAdDafrF,18.0,1062.0,17.0,1056.0,FTP
1720727854.247315,CB0Q9R1wbIGkSPv9kd,192.168.1.4,46884.0,13.225.63.31,443.0,tcp,9.93420386314392,118.0,188.0,SF,1.0,1.0,0.0,ShAdDafrF,18.0,1062.0,17.0,1056.0,HTTPS
1720730867.827638,CSSQwX3YNnE0QzqP1a,192.168.1.6,39184.0,192.168.1.4,21.0,tcp,9.625756025314333,133.0,188.0,SF,1.0,1.0,0.0,ShAdDafFr,18.0,1077.0,17.0,1056.0,FTP
1720727823.377858,Ce7oVE2ourjdBGsAt1,192.168.1.4,55436.0,44.196.6.106,80.0,tcp,30.015247106552124,0.0,0.0,SF,1.0,0.0,0.0,ShAfFa,4.0,216.0,3.0,164.0,HTTP
1720727885.419561,CtpM8aimU7W1nQLDb,192.168.1.4,44299.0,104.18.32.90,443.0,tcp,30.015247106552124,0.0,0.0,SF,1.0,0.0,0.0,ShAfFa,4.0,216.0,3.0,164.0,HTTPS
1720728761.160762,CbcwYfxeDYoBr6wm1,192.168.1.6,43690.0,192.168.1.4,21.0,tcp,10.328233003616331,123.0,188.0,SF,1.0,1.0,0.0,ShAdDafrF,18.0,1067.0,17.0,1056.0,FTP
1720728042.065184,C3wJ0i2r2U5OrmCVai,192.168.1.6,56524.0,192.168.1.4,21.0,tcp,10.80621886253357,117.0,188.0,SF,1.0,1.0,0.0,ShAdDafrF,18.0,1061.0,17.0,1056.0,FTP
1720730670.053196,CgAz2Z2wXmiS68U3xe,192.168.1.6,45668.0,192.168.1.4,21.0,tcp,9.778954029083252,119.0,188.0,SF,1.0,1.0,0.0,ShAdDafFr,18.0,1063.0,17.0,1056.0,FTP
1720730656.233319,CiZJhl2kwqJhLEm609,192.168.1.6,44644.0,192.168.1.4,21.0,tcp,10.923873901367188,128.0,188.0,SF,1.0,1.0,0.0,ShAdDafrF,18.0,1072.0,17.0,1056.0,FTP
1720731138.518115,CCP8BInyIkL5Mag87,192.168.1.6,35578.0,192.168.1.4,21.0,tcp,9.946513891220093,107.0,188.0,SF,1.0,1.0,0.0,ShAdDafrF,18.0,1051.0,17.0,1056.0,FTP
1720729545.370865,CVkbPA2vzC1srvqjB4,192.168.1.6,48876.0,192.168.1.4,21.0,tcp,9.880074977874756,117.0,188.0,SF,1.0,1.0,0.0,ShAdDafrF,18.0,1061.0,17.0,1056.0,FTP
1720731018.465279,CFBrbl01EjLngdeC3,192.168.1.6,35552.0,192.168.1.4,21.0,tcp,10.345335960388184,124.0,188.0,SF,1.0,1.0,0.0,ShAdDafrF,18.0,1068.0,17.0,1056.0,FTP
1720727765.831551,CY84SS1mRUdQSYnKL7,192.168.1.4,35013.0,192.168.1.1,53.0,udp,10.345335960388184,124.0,188.0,SF,1.0,1.0,0.0,ShAdDafrF,18.0,1068.0,17.0,1056.0,DNS
1720730725.628408,C47trkNGhLMqjqbG9,192.168.1.6,50862.0,192.168.1.4,21.0,tcp,9.140777111053469,126.0,188.0,SF,1.0,1.0,0.0,ShAdDafrF,18.0,1070.0,17.0,1056.0,FTP
1720730574.718464,CKhXnY348LA2szYpjc,192.168.1.6,39482.0,192.168.1.4,21.0,tcp,10.103731155395508,127.0,188.0,SF,1.0,1.0,0.0,ShAdDafFr,18.0,1071.0,17.0,1056.0,FTP
1720728154.581218,CzAcBl1Al8sOsgbJG2,192.168.1.4,56490.0,192.168.1.1,53.0,udp,10.103731155395508,127.0,188.0,SF,1.0,1.0,0.0,ShAdDafFr,18.0,1071.0,17.0,1056.0,DNS
1720731226.600182,CFNq8T3ALMpBS8neHe,192.168.1.6,48678.0,192.168.1.4,21.0,tcp,9.815464973449709,114.0,188.0,SF,1.0,1.0,0.0,ShAdDafrF,18.0,1058.0,17.0,1056.0,FTP
1720728452.673851,CUqKu627DQRV6pfke9,192.168.1.6,37954.0,192.168.1.4,21.0,tcp,9.350620031356812,118.0,188.0,SF,1.0,1.0,0.0,ShAdDafrF,18.0,1062.0,17.0,1056.0,FTP
1720728215.796071,CAqSkw3Wou2hikJY2f,192.168.1.4,50262.0,192.168.1.1,53.0,udp,0.013826847076416,40.0,436.0,SF,1.0,1.0,0.0,Dd,1.0,68.0,1.0,464.0,DNS
1720730035.688529,CUCE8x3ZvACZwLJQW1,192.168.1.6,34354.0,192.168.1.4,21.0,tcp,8.831844091415405,136.0,188.0,SF,1.0,1.0,0.0,ShAdDafrF,18.0,1080.0,17.0,1056.0,FTP
1720728611.003006,C4Q1eE2Qhys4b7cGi3,192.168.1.6,34182.0,192.168.1.4,21.0,tcp,10.5595440864563,123.0,188.0,SF,1.0,1.0,0.0,ShAdDafrF,18.0,1067.0,17.0,1056.0,FTP
1720727793.536664,CHpaHo3GsaGPCviyg,192.168.1.4,56218.0,192.168.1.1,53.0,udp,0.003673076629638,44.0,101.0,SF,1.0,1.0,0.0,Dd,1.0,72.0,1.0,129.0,DNS
1720728494.537251,C4JibYWhjnbEAHADd,192.168.1.6,54786.0,192.168.1.4,21.0,tcp,10.166697025299072,117.0,188.0,SF,1.0,1.0,0.0,ShAdDafFr,18.0,1061.0,17.0,1056.0,FTP
1720728553.823703,CESBtc1DEdHpMXaP9k,192.168.1.6,50726.0,192.168.1.4,21.0,tcp,9.734279870986938,118.0,188.0,SF,1.0,1.0,0.0,ShAdDafrF,18.0,1062.0,17.0,1056.0,FTP
1720728177.27506,CYEHX93PEoG9ZrN1b1,192.168.1.6,37094.0,192.168.1.4,21.0,tcp,9.808889150619509,117.0,188.0,SF,1.0,1.0,0.0,ShAdDafFr,18.0,1061.0,17.0,1056.0,FTP
1720730594.876022,C4SYaV2gq2Fc0XY5bb,192.168.1.6,41838.0,192.168.1.4,21.0,tcp,10.659039974212646,121.0,188.0,SF,1.0,1.0,0.0,ShAdDafrF,18.0,1065.0,17.0,1056.0,FTP
1720727765.849147,CiQOFp4SxuIxUQIO11,192.168.1.4,46372.0,192.168.1.1,53.0,udp,10.659039974212646,121.0,188.0,SF,1.0,1.0,0.0,ShAdDafrF,18.0,1065.0,17.0,1056.0,DNS
1720730173.591034,CV7NBR3Vw8qbnSmEDb,192.168.1.6,44938.0,192.168.1.4,21.0,tcp,9.987550973892212,124.0,188.0,SF,1.0,1.0,0.0,ShAdDafrF,18.0,1068.0,17.0,1056.0,FTP
1720729926.021378,CwPkYiZexx50smg0c,192.168.1.6,52130.0,192.168.1.4,21.0,tcp,10.76031494140625,128.0,188.0,SF,1.0,1.0,0.0,ShAdDafFr,18.0,1072.0,17.0,1056.0,FTP
1720728096.532089,Cu1F9q1eXeUYfJS7s2,192.168.1.4,42388.0,142.251.41.10,443.0,tcp,60.79369401931763,1835.0,6720.0,SF,1.0,0.0,0.0,ShADadFf,12.0,2467.0,10.0,7248.0,HTTPS
1720731010.194416,CYhn8P1bSsxf5v0mO5,192.168.1.6,35414.0,192.168.1.4,21.0,tcp,11.523051977157593,117.0,188.0,SF,1.0,1.0,0.0,ShAdDafrF,18.0,1061.0,17.0,1056.0,FTP
1720727734.40067,Cw9iS93DhTIuhjyA9e,192.168.1.4,37234.0,13.107.246.40,443.0,tcp,90.1366958618164,3146.0,6470.0,SF,1.0,0.0,0.0,ShADadfF,16.0,3986.0,20.0,7518.0,HTTPS
1720728155.772352,CLReJ01jgUS6Fx2wQ,192.168.1.4,56612.0,23.205.106.158,443.0,tcp,90.1366958618164,3146.0,6470.0,SF,1.0,0.0,0.0,ShADadfF,16.0,3986.0,20.0,7518.0,HTTPS
1720731452.396301,Ckd3cD3msVOvLlN6k8,192.168.1.6,58930.0,192.168.1.4,21.0,tcp,10.749456882476808,141.0,188.0,SF,1.0,1.0,0.0,ShAdDafrF,18.0,1085.0,17.0,1056.0,FTP
1720729982.693628,Cu1NXvg6wFVgu51vb,192.168.1.6,38354.0,192.168.1.4,21.0,tcp,9.334951877593994,132.0,188.0,SF,1.0,1.0,0.0,ShAdDafrF,18.0,1076.0,17.0,1056.0,FTP
1720731264.227251,CEgqAZ3z1ldr8y0OTj,192.168.1.6,60952.0,192.168.1.4,21.0,tcp,10.657245874404907,155.0,188.0,SF,1.0,1.0,0.0,ShAdDafrF,18.0,1099.0,17.0,1056.0,FTP
1720728035.129868,Cx6YmB4mqCW3yf8Ji7,192.168.1.4,57281.0,192.168.1.1,53.0,udp,10.657245874404907,155.0,188.0,SF,1.0,1.0,0.0,ShAdDafrF,18.0,1099.0,17.0,1056.0,DNS
1720727927.099398,CCoNE31CK7Xksm4PK4,192.168.1.6,34068.0,192.168.1.4,21.0,tcp,10.051696062088013,117.0,188.0,SF,1.0,1.0,0.0,ShAdDafrF,18.0,1061.0,17.0,1056.0,FTP
1720729432.331333,ClDfq74Ehe52PTv19,192.168.1.4,42307.0,192.168.1.1,53.0,udp,0.02316403388977,61.0,537.0,SF,1.0,1.0,0.0,Dd,1.0,89.0,1.0,565.0,DNS
1720731683.331865,CYXzmo3L1bzViB2i4,192.168.1.6,52586.0,192.168.1.4,21.0,tcp,10.879503011703491,151.0,188.0,SF,1.0,1.0,0.0,ShAdDafrF,18.0,1095.0,17.0,1056.0,FTP
1720728216.261039,Cm35tQ2Asj3Ui15UB2,192.168.1.4,55206.0,162.159.133.233,443.0,tcp,0.043304920196533,1792.0,3797.0,SF,1.0,0.0,0.0,ShADadFRfR,9.0,2244.0,7.0,4169.0,HTTPS
1720728035.315685,CsEXK2v4Ff22h37j6,192.168.1.4,34446.0,54.80.106.2,443.0,tcp,173.43385291099548,2772.0,6181.0,SF,1.0,0.0,0.0,ShADadFf,20.0,3820.0,21.0,7281.0,HTTPS
1720727766.715989,C2Q5X9KlzNkYjwvt8,192.168.1.4,33197.0,192.168.1.1,53.0,udp,0.005958795547485,127.0,127.0,SF,1.0,1.0,0.0,Dd,3.0,211.0,3.0,211.0,DNS
1720728125.079052,CqKlgZ1bpSA2fKJCp8,192.168.1.4,49378.0,142.250.81.238,443.0,udp,0.005958795547485,127.0,127.0,SF,1.0,1.0,0.0,Dd,3.0,211.0,3.0,211.0,HTTPS
1720731318.279407,CzQbJNl1H1MsPVSe,192.168.1.6,34646.0,192.168.1.4,21.0,tcp,10.900691986083984,170.0,188.0,SF,1.0,1.0,0.0,ShAdDafrF,18.0,1114.0,17.0,1056.0,FTP
1720730516.721827,CiiLFwalcA3k9Opbl,192.168.1.6,46300.0,192.168.1.4,21.0,tcp,10.076987981796265,129.0,188.0,SF,1.0,1.0,0.0,ShAdDafrF,18.0,1073.0,17.0,1056.0,FTP
1720730009.333236,CJDUqc3gW6PnOMf7vb,192.168.1.6,41236.0,192.168.1.4,21.0,tcp,9.652944087982178,129.0,188.0,SF,1.0,1.0,0.0,ShAdDafrF,18.0,1073.0,17.0,1056.0,FTP
1720728235.329504,CpdHKx1KZVXZU9cJXk,192.168.1.6,39146.0,192.168.1.4,21.0,tcp,10.644865036010742,117.0,188.0,SF,1.0,1.0,0.0,ShAdDafrF,18.0,1061.0,17.0,1056.0,FTP
1720729040.652769,C5y51ikgr9G4v8kbk,192.168.1.6,57848.0,192.168.1.4,21.0,tcp,9.37442684173584,123.0,188.0,SF,1.0,1.0,0.0,ShAdDafrF,18.0,1067.0,17.0,1056.0,FTP
1720729179.06621,CKkhjg1p3PvYjdTxW3,192.168.1.6,37336.0,192.168.1.4,21.0,tcp,9.961076021194458,114.0,188.0,SF,1.0,1.0,0.0,ShAdDafrF,18.0,1058.0,17.0,1056.0,FTP
1720731787.818377,CjT3LQ3vmFM7ody6Re,192.168.1.6,55046.0,192.168.1.4,21.0,tcp,10.666141033172607,179.0,188.0,SF,1.0,1.0,0.0,ShAdDafFr,18.0,1123.0,17.0,1056.0,FTP
1720727677.355261,CWEmvF3Pwx3EnmZ3B9,192.168.1.4,41166.0,35.181.74.140,443.0,tcp,531.4814479351044,10859.0,13746.0,SF,1.0,0.0,0.0,ShADadFRf,42.0,13027.0,30.0,15314.0,HTTPS
1720728096.368402,CEosPx1s8NE475c6kl,192.168.1.4,51314.0,142.250.81.238,443.0,udp,0.04596209526062,3992.0,7692.0,SF,1.0,0.0,0.0,Dd,6.0,4160.0,7.0,7888.0,HTTPS
1720728211.825323,C6NZZ21aZqhcVFDf8e,192.168.1.4,40522.0,192.168.1.1,53.0,udp,0.04596209526062,3992.0,7692.0,SF,1.0,0.0,0.0,Dd,6.0,4160.0,7.0,7888.0,DNS
1720729249.766918,CBMw7I100LSidyBrKd,192.168.1.6,44008.0,192.168.1.4,21.0,tcp,9.259546995162964,119.0,188.0,SF,1.0,1.0,0.0,ShAdDafrF,18.0,1063.0,17.0,1056.0,FTP
1720728305.875693,CWjBoP1T0ROW2EVqc1,192.168.1.4,49300.0,35.245.15.98,443.0,tcp,0.0,119.0,188.0,SF,0.0,1.0,0.0,ShAdDafrF,18.0,1063.0,17.0,1056.0,HTTPS
1720731602.306457,CzJPDS1WOUNxM8p9Yj,192.168.1.6,60966.0,192.168.1.4,21.0,tcp,10.510586977005005,148.0,188.0,SF,1.0,1.0,0.0,ShAdDafrF,18.0,1092.0,17.0,1056.0,FTP
1720728116.277709,CDxQul1D7MQQYhRW19,192.168.1.6,53698.0,192.168.1.4,21.0,tcp,8.88637399673462,118.0,188.0,SF,1.0,1.0,0.0,ShAdDafrF,18.0,1062.0,17.0,1056.0,FTP
1720731464.437678,CtbQxE3wrWr6YHJwKe,192.168.1.6,56674.0,192.168.1.4,21.0,tcp,10.688414812088013,164.0,188.0,SF,1.0,1.0,0.0,ShAdDafrF,18.0,1108.0,17.0,1056.0,FTP
1720727853.393319,Cb9ZKu4DXigbU1nFel,192.168.1.4,34368.0,192.96.159.127,443.0,tcp,37.93360209465027,1903.0,3207.0,SF,1.0,0.0,0.0,ShADadfF,9.0,2379.0,10.0,3735.0,HTTPS
1720728096.122574,CoyoTP2RCom96xfjBe,192.168.1.4,52656.0,146.75.38.133,443.0,tcp,60.27825999259949,1919.0,4937.0,SF,1.0,0.0,0.0,ShADadFRf,13.0,2579.0,13.0,5621.0,HTTPS
1720731756.503534,C1sGfTwGVNGO4X4y1,192.168.1.6,51820.0,192.168.1.4,21.0,tcp,11.086575031280518,186.0,188.0,SF,1.0,1.0,0.0,ShAdDafrF,18.0,1130.0,17.0,1056.0,FTP
1720730308.774333,CK5WXv3CPQUoI3tJRh,192.168.1.6,50296.0,192.168.1.4,21.0,tcp,10.404422998428345,128.0,188.0,SF,1.0,1.0,0.0,ShAdDafrF,18.0,1072.0,17.0,1056.0,FTP
1720731710.682176,CS4tlw1JnamUthmnXf,192.168.1.6,52966.0,192.168.1.4,21.0,tcp,10.607311964035034,177.0,188.0,SF,1.0,1.0,0.0,ShAdDafFr,18.0,1121.0,17.0,1056.0,FTP
1720731758.553535,Cltych4h3PTtSjtTjh,192.168.1.6,51834.0,192.168.1.4,21.0,tcp,10.139202117919922,165.0,188.0,SF,1.0,1.0,0.0,ShAdDafrF,18.0,1109.0,17.0,1056.0,FTP
1720729154.943989,CX68Km3fTKmqaoETH4,192.168.1.6,45806.0,192.168.1.4,21.0,tcp,9.926918983459473,122.0,188.0,SF,1.0,1.0,0.0,ShAdDafFr,18.0,1066.0,17.0,1056.0,FTP
1720729583.116791,C8l7m94H5n0m6vIS83,192.168.1.6,52382.0,192.168.1.4,21.0,tcp,9.73023796081543,112.0,188.0,SF,1.0,1.0,0.0,ShAdDafrF,18.0,1056.0,17.0,1056.0,FTP
1720731513.75818,C8ZhRf3CKVyTGugBl5,192.168.1.6,47158.0,192.168.1.4,21.0,tcp,10.332298994064333,157.0,188.0,SF,1.0,1.0,0.0,ShAdDafFr,18.0,1101.0,17.0,1056.0,FTP
1720731703.980678,CbR7W81YvlWzRL8U7,192.168.1.6,52848.0,192.168.1.4,21.0,tcp,9.935178995132446,185.0,188.0,SF,1.0,1.0,0.0,ShAdDafrF,18.0,1129.0,17.0,1056.0,FTP
1720727765.494254,CwTTiU14q0bmS6P2A4,192.168.1.6,53362.0,192.168.1.4,21.0,tcp,9.813967943191528,118.0,188.0,SF,1.0,1.0,0.0,ShAdDafrF,18.0,1062.0,17.0,1056.0,FTP
1720729159.725904,CLaNfq1upupFchYWH7,192.168.1.6,45866.0,192.168.1.4,21.0,tcp,9.97193193435669,113.0,188.0,SF,1.0,1.0,0.0,ShAdDafrF,18.0,1057.0,17.0,1056.0,FTP
1720730867.817747,CHfRgcuMlqlsevyv4,192.168.1.6,39178.0,192.168.1.4,21.0,tcp,9.64595890045166,135.0,188.0,SF,1.0,1.0,0.0,ShAdDafrF,18.0,1079.0,17.0,1056.0,FTP
1720730357.731186,Cu2Nec40N0SkccIcO1,192.168.1.6,56760.0,192.168.1.4,21.0,tcp,10.234004020690918,123.0,188.0,SF,1.0,1.0,0.0,ShAdDafrF,18.0,1067.0,17.0,1056.0,FTP
1720728096.379779,Czyq9G1nOct2hRSFL6,192.168.1.4,38915.0,192.168.1.1,53.0,udp,0.021436929702758,53.0,113.0,SF,1.0,1.0,0.0,Dd,1.0,81.0,1.0,141.0,DNS
1720728865.465023,C4IvAN2CuZngulws18,192.168.1.6,52332.0,192.168.1.4,21.0,tcp,9.959614992141724,140.0,188.0,SF,1.0,1.0,0.0,ShAdDafFr,18.0,1084.0,17.0,1056.0,FTP
1720728733.235348,CSqkv92aGP1NTVsE15,192.168.1.4,43448.0,192.168.1.1,53.0,udp,0.000701904296875,58.0,250.0,SF,1.0,1.0,0.0,Dd,1.0,86.0,1.0,278.0,DNS
1720728035.17362,CEi7qI2ftEkqnYkjui,192.168.1.4,57809.0,192.168.1.1,53.0,udp,0.027767896652221,80.0,150.0,SF,1.0,1.0,0.0,Dd,1.0,108.0,1.0,178.0,DNS
1720729141.574429,Cppokv4fYirTzSQHif,192.168.1.6,47462.0,192.168.1.4,21.0,tcp,11.38034701347351,119.0,188.0,SF,1.0,1.0,0.0,ShAdDafrF,18.0,1063.0,17.0,1056.0,FTP
1720730971.389027,CGVzzl44sQlXXwT79d,192.168.1.6,48956.0,192.168.1.4,21.0,tcp,10.65825891494751,131.0,188.0,SF,1.0,1.0,0.0,ShAdDafrF,18.0,1075.0,17.0,1056.0,FTP
1720728124.598059,CQbbRj16ZF39pFOOch,192.168.1.4,47168.0,192.168.1.1,53.0,udp,10.65825891494751,131.0,188.0,SF,1.0,1.0,0.0,ShAdDafrF,18.0,1075.0,17.0,1056.0,DNS
1720730808.334741,C33TLB3kX0QREb8Du6,192.168.1.6,53354.0,192.168.1.4,21.0,tcp,9.573530912399292,143.0,188.0,SF,1.0,1.0,0.0,ShAdDafrF,18.0,1087.0,17.0,1056.0,FTP
1720727914.804341,CUF91mNv1pVznCIQg,192.168.1.4,40081.0,192.168.1.1,53.0,udp,9.573530912399292,143.0,188.0,SF,1.0,1.0,0.0,ShAdDafrF,18.0,1087.0,17.0,1056.0,DNS
1720731592.76678,ClHuf139kKiyB703Ud,192.168.1.6,47758.0,192.168.1.4,21.0,tcp,9.549800157546995,165.0,188.0,SF,1.0,1.0,0.0,ShAdDafrF,18.0,1109.0,17.0,1056.0,FTP
1720728219.949157,C6eFY4uSluwtwKqKe,192.168.1.4,49300.0,20.110.205.119,443.0,tcp,85.1937038898468,1876.0,6421.0,RSTR,1.0,0.0,0.0,ShADadFr,11.0,2336.0,10.0,6833.0,HTTPS
1720728245.178466,C0ZlvSi2dHLAxGbT8,192.168.1.4,50410.0,20.190.152.22,443.0,tcp,85.1937038898468,1876.0,6421.0,RSTR,1.0,0.0,0.0,ShADadFr,11.0,2336.0,10.0,6833.0,HTTPS
1720728125.384008,CCzwtg1JaYdT3E5mq6,192.168.1.4,38322.0,104.106.162.18,443.0,tcp,85.1937038898468,1876.0,6421.0,RSTR,1.0,0.0,0.0,ShADadFr,11.0,2336.0,10.0,6833.0,HTTPS
1720731544.909416,CXGU7T1eUTXCbHnM2g,192.168.1.6,39690.0,192.168.1.4,21.0,tcp,9.767279148101808,142.0,188.0,SF,1.0,1.0,0.0,ShAdDafrF,18.0,1086.0,17.0,1056.0,FTP
1720728665.97038,CfmnRbWKI8BXKQNdj,192.168.1.6,34282.0,192.168.1.4,21.0,tcp,11.01131296157837,132.0,188.0,SF,1.0,1.0,0.0,ShAdDafrF,18.0,1076.0,17.0,1056.0,FTP
1720731128.52161,CN4RfS3e4lBdGf6uJ2,192.168.1.6,38920.0,192.168.1.4,21.0,tcp,9.98163890838623,109.0,188.0,SF,1.0,1.0,0.0,ShAdDafrF,18.0,1053.0,17.0,1056.0,FTP
1720727883.53898,C4inUK2ol5dxvbTCtk,192.168.1.4,47203.0,192.168.1.1,53.0,udp,9.98163890838623,109.0,188.0,SF,1.0,1.0,0.0,ShAdDafrF,18.0,1053.0,17.0,1056.0,DNS
1720728101.013087,CnsDom1tV29Q4Ue9Wa,192.168.1.6,40036.0,192.168.1.4,21.0,tcp,10.030647039413452,116.0,188.0,SF,1.0,1.0,0.0,ShAdDafrF,18.0,1060.0,17.0,1056.0,FTP
1720728066.308811,CRjEy922StA6SAFY03,192.168.1.4,40222.0,20.114.189.135,443.0,tcp,18.99853610992432,3014.0,5892.0,RSTO,1.0,0.0,0.0,ShADadfR,13.0,3710.0,13.0,6576.0,HTTPS
1720728155.294864,Cu0jIywSeWH3bIBLh,192.168.1.4,33122.0,54.172.17.238,443.0,tcp,53.46194696426392,1919.0,3720.0,SF,1.0,0.0,0.0,ShADadFf,10.0,2447.0,8.0,4144.0,HTTPS
1720731504.174311,CHEpwg3YLjoEuZQLOi,192.168.1.6,39484.0,192.168.1.4,21.0,tcp,9.226240158081056,146.0,188.0,SF,1.0,1.0,0.0,ShAdDafrF,18.0,1090.0,17.0,1056.0,FTP
1720728035.556092,CkW2zh2rB0RMwshSk6,192.168.1.4,56258.0,15.197.193.217,443.0,tcp,60.07416987419128,2821.0,5184.0,SF,1.0,0.0,0.0,ShADadfF,18.0,3765.0,19.0,6180.0,HTTPS
1720731046.153227,CSQsaC1nFus9nIWRD9,192.168.1.6,33140.0,192.168.1.4,21.0,tcp,10.728145837783812,125.0,188.0,SF,1.0,1.0,0.0,ShAdDafrF,18.0,1069.0,17.0,1056.0,FTP
1720729605.006594,CK3hGy3S73WIy8x7n,192.168.1.6,48522.0,192.168.1.4,21.0,tcp,10.464627981185911,109.0,188.0,SF,1.0,1.0,0.0,ShAdDafrF,18.0,1053.0,17.0,1056.0,FTP
1720727825.226491,C7Lq3G3XRNpLAD0xLj,192.168.1.4,54922.0,192.168.1.1,53.0,udp,10.464627981185911,109.0,188.0,SF,1.0,1.0,0.0,ShAdDafrF,18.0,1053.0,17.0,1056.0,DNS
1720731150.092007,CjYt633sgmDSZEVCFf,192.168.1.6,58658.0,192.168.1.4,21.0,tcp,10.09751796722412,109.0,188.0,SF,1.0,1.0,0.0,ShAdDafrF,18.0,1053.0,17.0,1056.0,FTP
1720727915.605943,CfBU8d4H20t9WZIAR2,192.168.1.4,52009.0,34.128.128.0,443.0,udp,0.062149047851562,2736.0,5044.0,SF,1.0,0.0,0.0,Dd,5.0,2876.0,7.0,5240.0,HTTPS
1720731245.929355,CLRGZz31BxFeKm0WS3,192.168.1.6,36284.0,192.168.1.4,21.0,tcp,9.970635175704956,154.0,188.0,SF,1.0,1.0,0.0,ShAdDafrF,18.0,1098.0,17.0,1056.0,FTP
1720731891.170511,CyTiAJrDmdorRgqth,192.168.1.6,59852.0,192.168.1.4,21.0,tcp,10.431829929351808,194.0,188.0,SF,1.0,1.0,0.0,ShAdDafrF,18.0,1138.0,17.0,1056.0,FTP
1720728976.65795,CaMbV2oCYOwa3FYB3,192.168.1.6,57630.0,192.168.1.4,21.0,tcp,9.818732023239136,135.0,188.0,SF,1.0,1.0,0.0,ShAdDafrF,18.0,1079.0,17.0,1056.0,FTP
1720727794.671848,CX9hx43UEKljvIAJj6,192.168.1.4,57164.0,216.239.34.181,443.0,tcp,240.07579684257507,2972.0,9161.0,SF,1.0,0.0,0.0,ShADadFf,20.0,4020.0,20.0,10209.0,HTTPS
1720731308.022014,CLFwrv1kIbyPcWv1i,192.168.1.6,55874.0,192.168.1.4,21.0,tcp,10.306793212890623,188.0,188.0,SF,1.0,1.0,0.0,ShAdDafrF,18.0,1132.0,17.0,1056.0,FTP
1720729797.675982,CoDaG44S9BoquxAVS1,192.168.1.6,54286.0,192.168.1.4,21.0,tcp,9.619463920593262,118.0,188.0,SF,1.0,1.0,0.0,ShAdDafrF,18.0,1062.0,17.0,1056.0,FTP
1720729661.33451,CGMDg41xEZJZEm3hid,192.168.1.6,55838.0,192.168.1.4,21.0,tcp,10.469621896743774,141.0,188.0,SF,1.0,1.0,0.0,ShAdDafrF,18.0,1085.0,17.0,1056.0,FTP
1720728563.558119,CzPpew3JsUwVXFfLE2,192.168.1.6,38032.0,192.168.1.4,21.0,tcp,9.7306969165802,118.0,188.0,SF,1.0,1.0,0.0,ShAdDafrF,18.0,1062.0,17.0,1056.0,FTP
1720730475.470987,CIDXwrfM8AalEWGt6,192.168.1.6,50474.0,192.168.1.4,21.0,tcp,10.03022599220276,122.0,188.0,SF,1.0,1.0,0.0,ShAdDafFr,18.0,1066.0,17.0,1056.0,FTP
1720731583.278005,CyxZ8t39KXboa075si,192.168.1.6,47572.0,192.168.1.4,21.0,tcp,9.429482221603394,163.0,188.0,SF,1.0,1.0,0.0,ShAdDafFr,18.0,1107.0,17.0,1056.0,FTP
1720728335.218625,C8mMyk2IjTUXrKokch,192.168.1.4,57778.0,192.168.1.1,53.0,udp,0.00191593170166,40.0,393.0,SF,1.0,1.0,0.0,Dd,1.0,68.0,1.0,421.0,DNS
1720728096.467708,CqWjaGjIpUPRJhTOb,192.168.1.4,33827.0,192.168.1.1,53.0,udp,0.032418966293334,56.0,137.0,SF,1.0,1.0,0.0,Dd,1.0,84.0,1.0,165.0,DNS
1720728245.228655,CYBZpU3nyVdcYYUJqg,192.168.1.4,51167.0,192.168.1.1,53.0,udp,0.015061855316162,62.0,62.0,SF,1.0,1.0,0.0,Dd,1.0,90.0,1.0,90.0,DNS
1720731774.594118,CE1Z85tGSLgpRbbH2,192.168.1.6,50168.0,192.168.1.4,21.0,tcp,10.162386894226074,163.0,188.0,SF,1.0,1.0,0.0,ShAdDafrF,18.0,1107.0,17.0,1056.0,FTP
1720729396.135851,CLspcy1GQfPGwbidrg,192.168.1.6,49090.0,192.168.1.4,21.0,tcp,10.67326021194458,124.0,188.0,SF,1.0,1.0,0.0,ShAdDafFr,18.0,1068.0,17.0,1056.0,FTP
1720728094.42038,CosRqz2ByfYeMXlJ86,192.168.1.4,57547.0,192.168.1.1,53.0,udp,0.001749992370605,53.0,282.0,SF,1.0,1.0,0.0,Dd,1.0,81.0,1.0,310.0,DNS
1720727915.702322,CegaAm2OooCR8XETs1,192.168.1.4,49926.0,35.186.249.72,443.0,udp,0.001749992370605,53.0,282.0,SF,1.0,1.0,0.0,Dd,1.0,81.0,1.0,310.0,HTTPS
1720730118.248321,CakGbI146ZTFlmM6oe,192.168.1.6,48290.0,192.168.1.4,21.0,tcp,10.662632942199709,129.0,188.0,SF,1.0,1.0,0.0,ShAdDafrF,18.0,1073.0,17.0,1056.0,FTP
1720728035.129934,C87Wol1RzvgOdexEY6,192.168.1.4,39757.0,192.168.1.1,53.0,udp,0.014493942260742,52.0,112.0,SF,1.0,1.0,0.0,Dd,1.0,80.0,1.0,140.0,DNS
1720727766.669994,CnPmlr35pM4I2hkJOd,192.168.1.4,57781.0,192.168.1.1,53.0,udp,0.00226092338562,62.0,365.0,SF,1.0,1.0,0.0,Dd,1.0,90.0,1.0,393.0,DNS
1720727916.499894,C8xdaXYMMbg8Nklc5,192.168.1.4,54560.0,192.168.1.1,53.0,udp,0.00226092338562,62.0,365.0,SF,1.0,1.0,0.0,Dd,1.0,90.0,1.0,393.0,DNS
1720727884.949528,C2BQ9u2KMzi64rdmZ,192.168.1.4,35328.0,142.251.40.226,443.0,udp,0.00226092338562,62.0,365.0,SF,1.0,1.0,0.0,Dd,1.0,90.0,1.0,393.0,HTTPS
1720728684.76401,CahdgC4StONFUnXxl2,192.168.1.6,55052.0,192.168.1.4,21.0,tcp,10.553537130355837,141.0,188.0,SF,1.0,1.0,0.0,ShAdDafrF,18.0,1085.0,17.0,1056.0,FTP
1720731937.939062,CP6nhf1GjCChzIw4A8,192.168.1.6,33068.0,192.168.1.4,21.0,tcp,9.980666875839232,162.0,188.0,SF,1.0,1.0,0.0,ShAdDafrF,18.0,1106.0,17.0,1056.0,FTP
1720728004.869692,CJDsX42RdtGNrixXSi,192.168.1.4,44330.0,192.168.1.1,53.0,udp,9.980666875839232,162.0,188.0,SF,1.0,1.0,0.0,ShAdDafrF,18.0,1106.0,17.0,1056.0,DNS
1720728194.307586,CN9AOmc6A6ehoNRh8,192.168.1.4,37176.0,192.168.1.1,53.0,udp,0.001803159713745,48.0,130.0,SF,1.0,1.0,0.0,Dd,1.0,76.0,1.0,158.0,DNS
1720728124.762645,CrRYAPbbdcQpYi6u8,192.168.1.4,40674.0,104.18.10.207,443.0,udp,0.001803159713745,48.0,130.0,SF,1.0,1.0,0.0,Dd,1.0,76.0,1.0,158.0,HTTPS
1720728802.647378,CE4we32xS7CvWUkdnh,192.168.1.6,45192.0,192.168.1.4,21.0,tcp,10.168585062026978,115.0,188.0,SF,1.0,1.0,0.0,ShAdDafrF,18.0,1059.0,17.0,1056.0,FTP
1720730123.184833,CFKoNOfpVbqtsKXg6,192.168.1.6,52688.0,192.168.1.4,21.0,tcp,9.595454931259155,119.0,188.0,SF,1.0,1.0,0.0,ShAdDafFr,18.0,1063.0,17.0,1056.0,FTP
1720730039.584597,CuzIzN2mhfYdyOSUuc,192.168.1.6,34404.0,192.168.1.4,21.0,tcp,9.942750930786133,135.0,188.0,SF,1.0,1.0,0.0,ShAdDafrF,18.0,1079.0,17.0,1056.0,FTP
1720730574.996715,CkJt5OtVcPbpErB4i,192.168.1.6,39494.0,192.168.1.4,21.0,tcp,10.08989691734314,128.0,188.0,SF,1.0,1.0,0.0,ShAdDafrF,18.0,1072.0,17.0,1056.0,FTP
1720727915.394049,CxG8J42BnfjELTVwO,192.168.1.4,50040.0,162.247.243.29,443.0,tcp,293.3616940975189,6706.0,6120.0,SF,1.0,0.0,0.0,ShADadFRf,23.0,7886.0,24.0,7376.0,HTTPS
1720728688.39031,Ci5YRY2DcZk4zArVji,192.168.1.6,55152.0,192.168.1.4,21.0,tcp,9.934597969055176,134.0,188.0,SF,1.0,1.0,0.0,ShAdDafrF,18.0,1078.0,17.0,1056.0,FTP
1720728064.231754,CRxUlc18W3yLCf0Vw,192.168.1.4,40522.0,192.168.1.1,53.0,udp,9.934597969055176,134.0,188.0,SF,1.0,1.0,0.0,ShAdDafrF,18.0,1078.0,17.0,1056.0,DNS
1720730002.950057,Cm8sE4Jp6SDpDLHK2,192.168.1.6,41164.0,192.168.1.4,21.0,tcp,10.044123888015749,124.0,188.0,SF,1.0,1.0,0.0,ShAdDafrF,18.0,1068.0,17.0,1056.0,FTP
1720730450.465621,CoTUvE36zmC3Xtjv25,192.168.1.6,44198.0,192.168.1.4,21.0,tcp,9.4517080783844,136.0,188.0,SF,1.0,1.0,0.0,ShAdDafrF,18.0,1080.0,17.0,1056.0,FTP
1720731621.788431,CyoAcXohTUvgiZq3g,192.168.1.6,45194.0,192.168.1.4,21.0,tcp,9.156047105789185,175.0,188.0,SF,1.0,1.0,0.0,ShAdDafrF,18.0,1119.0,17.0,1056.0,FTP
1720728004.416174,CTDrDe4jzPczaheSZ4,192.168.1.4,34611.0,192.168.1.1,53.0,udp,9.156047105789185,175.0,188.0,SF,1.0,1.0,0.0,ShAdDafrF,18.0,1119.0,17.0,1056.0,DNS
1720730600.264472,CBBj9D4xlMGpgSJZb5,192.168.1.6,41954.0,192.168.1.4,21.0,tcp,9.91760802268982,121.0,188.0,SF,1.0,1.0,0.0,ShAdDafFr,18.0,1065.0,17.0,1056.0,FTP
1720728219.935895,Ca9X5z3pbHAjx6bWRh,192.168.1.4,55758.0,192.168.1.1,53.0,udp,9.91760802268982,121.0,188.0,SF,1.0,1.0,0.0,ShAdDafFr,18.0,1065.0,17.0,1056.0,DNS
1720727914.558204,CIOYQU2eFA3OjgAYM4,192.168.1.4,37556.0,104.19.178.52,443.0,tcp,294.191367149353,2531.0,49713.0,SF,1.0,0.0,0.0,ShADadFf,33.0,4255.0,37.0,51645.0,HTTPS
1720729113.799718,CVS9Yj3sGmWZ2Rvcsc,192.168.1.6,41714.0,192.168.1.4,21.0,tcp,9.572795152664185,114.0,188.0,SF,1.0,1.0,0.0,ShAdDafrF,18.0,1058.0,17.0,1056.0,FTP
1720731236.103778,CLooQtFa6ayvVYddh,192.168.1.6,35018.0,192.168.1.4,21.0,tcp,9.852631092071531,137.0,188.0,SF,1.0,1.0,0.0,ShAdDafrF,18.0,1081.0,17.0,1056.0,FTP
1720730950.957452,CE7eI93nqiBa8jFb2g,192.168.1.6,56838.0,192.168.1.4,21.0,tcp,10.14255690574646,144.0,188.0,SF,1.0,1.0,0.0,ShAdDafrF,18.0,1088.0,17.0,1056.0,FTP
1720727915.063175,CrkuS94yuD4Mse7K4,192.168.1.4,33528.0,192.168.1.1,53.0,udp,0.019670963287353,61.0,474.0,SF,1.0,1.0,0.0,Dd,1.0,89.0,1.0,502.0,DNS
1720730602.940499,CMPIfl3Mz4ep8aDii9,192.168.1.6,41956.0,192.168.1.4,21.0,tcp,10.293921947479248,125.0,188.0,SF,1.0,1.0,0.0,ShAdDafrF,18.0,1069.0,17.0,1056.0,FTP
1720728896.678933,CIXTYpMTn7Jfl1bK5,192.168.1.6,35914.0,192.168.1.4,21.0,tcp,9.392783164978027,148.0,188.0,SF,1.0,1.0,0.0,ShAdDafrF,18.0,1092.0,17.0,1056.0,FTP
1720728096.974916,CHDnAP3dAfq9i9TyHk,192.168.1.4,42636.0,192.168.1.1,53.0,udp,0.001145124435424,55.0,136.0,SF,1.0,1.0,0.0,Dd,1.0,83.0,1.0,164.0,DNS
1720728347.424008,CWrnoo1dRY0BcshMo2,192.168.1.6,46262.0,192.168.1.4,21.0,tcp,10.62222409248352,118.0,188.0,SF,1.0,1.0,0.0,ShAdDafrF,18.0,1062.0,17.0,1056.0,FTP
1720727764.474762,C2bFba3n2aLr1mLAUc,192.168.1.4,59171.0,192.168.1.1,53.0,udp,0.002668142318725,46.0,311.0,SF,1.0,1.0,0.0,Dd,1.0,74.0,1.0,339.0,DNS
1720729196.137095,CZ9Rvb4dDVFhQ7ACga,192.168.1.6,39064.0,192.168.1.4,21.0,tcp,9.689770936965942,117.0,188.0,SF,1.0,1.0,0.0,ShAdDafrF,18.0,1061.0,17.0,1056.0,FTP
1720730599.305407,CmHfFj2T3CdI2ByBca,192.168.1.6,41942.0,192.168.1.4,21.0,tcp,10.774320840835571,122.0,188.0,SF,1.0,1.0,0.0,ShAdDafrF,18.0,1066.0,17.0,1056.0,FTP
1720727885.419561,CtpM8aimU7W1nQLDb,192.168.1.4,44299.0,104.18.32.90,443.0,udp,0.061933994293212,4108.0,7036.0,SF,1.0,0.0,0.0,Dd,9.0,4360.0,11.0,7344.0,HTTPS
1720730799.198726,CAAtj92rsb4KHRknJ2,192.168.1.6,47908.0,192.168.1.4,21.0,tcp,9.190937995910645,126.0,188.0,SF,1.0,1.0,0.0,ShAdDafFr,18.0,1070.0,17.0,1056.0,FTP
1720731513.709947,CEzRwrngkpxVuKBz1,192.168.1.6,47134.0,192.168.1.4,21.0,tcp,10.339456796646118,170.0,188.0,SF,1.0,1.0,0.0,ShAdDafrF,18.0,1114.0,17.0,1056.0,FTP
1720728246.87755,CtIsZk3R2NgcEIyjo,192.168.1.6,50870.0,192.168.1.4,21.0,tcp,10.79472303390503,118.0,188.0,SF,1.0,1.0,0.0,ShAdDafrF,18.0,1062.0,17.0,1056.0,FTP
1720728091.120847,C7pucc1aDcgU89fuRc,192.168.1.4,52227.0,192.168.1.1,53.0,udp,10.79472303390503,118.0,188.0,SF,1.0,1.0,0.0,ShAdDafrF,18.0,1062.0,17.0,1056.0,DNS
1720728096.324536,CUzL02vien70Ylgqj,192.168.1.4,41345.0,192.168.1.1,53.0,udp,10.79472303390503,118.0,188.0,SF,1.0,1.0,0.0,ShAdDafrF,18.0,1062.0,17.0,1056.0,DNS
1720728267.205268,C3vLrd4hX5OnlWxO5g,192.168.1.6,34682.0,192.168.1.4,21.0,tcp,10.196792125701904,118.0,188.0,SF,1.0,1.0,0.0,ShAdDafrF,18.0,1062.0,17.0,1056.0,FTP
1720730051.767465,CJbyg22hCasBtEYqGk,192.168.1.6,42462.0,192.168.1.4,21.0,tcp,9.88695192337036,117.0,188.0,SF,1.0,1.0,0.0,ShAdDafrF,18.0,1061.0,17.0,1056.0,FTP
1720728306.005526,CEH8ds4ynt4ZiafVxh,192.168.1.4,47828.0,192.168.1.1,53.0,udp,0.002279043197631,48.0,457.0,SF,1.0,1.0,0.0,Dd,1.0,76.0,1.0,485.0,DNS
1720727793.225746,C9jijNqjxwLXRH3x8,192.168.1.4,40153.0,192.168.1.1,53.0,udp,0.015204191207885,63.0,235.0,SF,1.0,1.0,0.0,Dd,1.0,91.0,1.0,263.0,DNS
1720727884.996871,Cq6FjY3nJr7U2aYi7,192.168.1.4,38318.0,192.168.1.1,53.0,udp,0.015204191207885,63.0,235.0,SF,1.0,1.0,0.0,Dd,1.0,91.0,1.0,263.0,DNS
1720728694.665718,CpCMqWcE4DUTZ2Zre,192.168.1.6,40054.0,192.168.1.4,21.0,tcp,10.681331872940063,137.0,188.0,SF,1.0,1.0,0.0,ShAdDafrF,18.0,1081.0,17.0,1056.0,FTP
1720730822.341551,CTxqWl3eVBXgA4PJ87,192.168.1.6,54242.0,192.168.1.4,21.0,tcp,9.948385000228882,123.0,188.0,SF,1.0,1.0,0.0,ShAdDafrF,18.0,1067.0,17.0,1056.0,FTP
1720727853.428401,CBUcW31rnCGqT7TUq1,192.168.1.4,34378.0,192.96.159.127,443.0,tcp,37.898561000823975,1871.0,3207.0,SF,1.0,0.0,0.0,ShADadfF,9.0,2347.0,10.0,3735.0,HTTPS
1720728288.001043,CdZIZf4v9fDo69J9vh,192.168.1.6,43520.0,192.168.1.4,21.0,tcp,10.862421035766602,118.0,188.0,SF,1.0,1.0,0.0,ShAdDafrF,18.0,1062.0,17.0,1056.0,FTP
1720731035.7503,CWSdEI3mnHsGGFhw2g,192.168.1.6,56820.0,192.168.1.4,21.0,tcp,10.36647915840149,122.0,188.0,SF,1.0,1.0,0.0,ShAdDafrF,18.0,1066.0,17.0,1056.0,FTP
1720730808.357376,CXUTnY2nP2vUI2GG4,192.168.1.6,53368.0,192.168.1.4,21.0,tcp,9.581333875656128,136.0,188.0,SF,1.0,1.0,0.0,ShAdDafFr,18.0,1080.0,17.0,1056.0,FTP
1720731534.421294,COem3140pC6bEZA7g2,192.168.1.6,44950.0,192.168.1.4,21.0,tcp,10.707835912704468,142.0,188.0,SF,1.0,1.0,0.0,ShAdDafFr,18.0,1086.0,17.0,1056.0,FTP
1720730529.311711,Chcmxx4VkT4KsNTCB2,192.168.1.6,49640.0,192.168.1.4,21.0,tcp,10.27917194366455,122.0,188.0,SF,1.0,1.0,0.0,ShAdDafrF,18.0,1066.0,17.0,1056.0,FTP
1720728373.688266,C2xiwF2LAUD5M9MCz3,192.168.1.6,56856.0,192.168.1.4,21.0,tcp,9.804910898208618,117.0,188.0,SF,1.0,1.0,0.0,ShAdDafrF,18.0,1061.0,17.0,1056.0,FTP
1720729874.804703,C2UIaD3BbzzRWNqnd5,192.168.1.6,46222.0,192.168.1.4,21.0,tcp,9.992187023162842,128.0,188.0,SF,1.0,1.0,0.0,ShAdDafrF,18.0,1072.0,17.0,1056.0,FTP
1720727764.105226,CLlWfY238D1Jp2kBUj,192.168.1.4,45568.0,130.211.23.194,443.0,udp,0.6275918483734131,3268.0,6422.0,SF,1.0,0.0,0.0,Dd,9.0,3520.0,12.0,6758.0,HTTPS
1720729585.105605,CwxAQG34BEkgx8PETk,192.168.1.6,52436.0,192.168.1.4,21.0,tcp,9.551590204238892,112.0,188.0,SF,1.0,1.0,0.0,ShAdDafrF,18.0,1056.0,17.0,1056.0,FTP
1720727969.194665,Cv6b1W36GO64RfNQ78,192.168.1.6,41700.0,192.168.1.4,21.0,tcp,10.93103003501892,116.0,188.0,SF,1.0,1.0,0.0,ShAdDafrF,18.0,1060.0,17.0,1056.0,FTP
1720727771.663784,CfjeaPkPA0t0S9xo7,192.168.1.6,53472.0,192.168.1.4,21.0,tcp,10.225306034088137,118.0,188.0,SF,1.0,1.0,0.0,ShAdDafFr,18.0,1062.0,17.0,1056.0,FTP
1720729372.069084,CXb6es2JsGaG3aq7jd,192.168.1.6,44582.0,192.168.1.4,21.0,tcp,10.78923797607422,132.0,188.0,SF,1.0,1.0,0.0,ShAdDafrF,18.0,1076.0,17.0,1056.0,FTP
1720728125.090384,CvvD8p3POt9OQebCDg,192.168.1.4,48320.0,192.168.1.1,53.0,udp,10.78923797607422,132.0,188.0,SF,1.0,1.0,0.0,ShAdDafrF,18.0,1076.0,17.0,1056.0,DNS
1720728096.404608,CJhy2z1aOYKtxIEGJf,192.168.1.4,53770.0,142.250.81.238,443.0,udp,10.78923797607422,132.0,188.0,SF,1.0,1.0,0.0,ShAdDafrF,18.0,1076.0,17.0,1056.0,HTTPS
1720731623.773262,CMFSCq1lGRW0fczw6b,192.168.1.6,35036.0,192.168.1.4,21.0,tcp,9.98286509513855,163.0,188.0,SF,1.0,1.0,0.0,ShAdDafrF,18.0,1107.0,17.0,1056.0,FTP
1720728245.178966,CJC26w3rdnUeNMKWS4,192.168.1.4,42470.0,52.113.194.133,443.0,tcp,9.98286509513855,163.0,188.0,SF,1.0,1.0,0.0,ShAdDafrF,18.0,1107.0,17.0,1056.0,HTTPS
1720731809.012728,CnheV43KgFJaqScW83,192.168.1.6,34966.0,192.168.1.4,21.0,tcp,9.840812921524048,157.0,188.0,SF,1.0,1.0,0.0,ShAdDafFr,18.0,1101.0,17.0,1056.0,FTP
1720730698.632442,CgKYtC35EebucPrCB5,192.168.1.6,39386.0,192.168.1.4,21.0,tcp,10.357800960540771,126.0,188.0,SF,1.0,1.0,0.0,ShAdDafrF,18.0,1070.0,17.0,1056.0,FTP
1720728139.881115,Cz62Te1dYBm7ixoicg,192.168.1.6,37374.0,192.168.1.4,21.0,tcp,8.771101951599121,118.0,188.0,SF,1.0,1.0,0.0,ShAdDafrF,18.0,1062.0,17.0,1056.0,FTP
1720730951.03931,CRAix43wbyRMIkz34l,192.168.1.6,56866.0,192.168.1.4,21.0,tcp,10.265942096710203,128.0,188.0,SF,1.0,1.0,0.0,ShAdDafrF,18.0,1072.0,17.0,1056.0,FTP
1720731802.65465,CXPbnA3mnRuci5yim4,192.168.1.6,60944.0,192.168.1.4,21.0,tcp,11.504035949707031,146.0,188.0,SF,1.0,1.0,0.0,ShAdDafrF,18.0,1090.0,17.0,1056.0,FTP
1720728733.236976,CxrE6B1PGWlHlzRaAg,192.168.1.4,38406.0,185.125.190.98,80.0,tcp,0.166661024093627,88.0,185.0,SF,1.0,0.0,0.0,ShADdfFa,5.0,356.0,4.0,401.0,HTTP
1720728482.074571,C1PMPK3jjxySUgsZ5,192.168.1.6,53212.0,192.168.1.4,21.0,tcp,10.086559057235718,118.0,188.0,SF,1.0,1.0,0.0,ShAdDafrF,18.0,1062.0,17.0,1056.0,FTP
1720728186.709664,C5EBPX7TCMD4ctD72,192.168.1.4,49236.0,23.205.106.91,443.0,tcp,22.049161911010746,2575.0,332821.0,SF,1.0,0.0,15928.0,ShADadgFfR,106.0,8071.0,182.0,342293.0,HTTPS
1720731755.850457,CYzfaK2pUYCsbUNmph,192.168.1.6,51768.0,192.168.1.4,21.0,tcp,11.305370092391968,170.0,188.0,SF,1.0,1.0,0.0,ShAdDafrF,18.0,1114.0,17.0,1056.0,FTP
1720729483.874321,CyLf0pbyYNOCa7Kch,192.168.1.6,55874.0,192.168.1.4,21.0,tcp,10.111145973205566,122.0,188.0,SF,1.0,1.0,0.0,ShAdDafrF,18.0,1066.0,17.0,1056.0,FTP
1720728034.477514,CgNkWF2dNC4lwl2Ez8,192.168.1.4,59938.0,142.250.65.174,443.0,tcp,10.111145973205566,122.0,188.0,SF,1.0,1.0,0.0,ShAdDafrF,18.0,1066.0,17.0,1056.0,HTTPS
1720727794.218873,CzxDBG3tGyWq4SRH92,192.168.1.4,47202.0,192.168.1.1,53.0,udp,0.00119400024414,44.0,101.0,SF,1.0,1.0,0.0,Dd,1.0,72.0,1.0,129.0,DNS
1720730877.349361,C0zm6a3DZiGrmWxAT1,192.168.1.6,60048.0,192.168.1.4,21.0,tcp,9.793766975402832,132.0,188.0,SF,1.0,1.0,0.0,ShAdDafrF,18.0,1076.0,17.0,1056.0,FTP
1720729356.336926,C7iWE11DkTyQN3xSL6,192.168.1.6,48484.0,192.168.1.4,21.0,tcp,9.921087980270386,118.0,188.0,SF,1.0,1.0,0.0,ShAdDafrF,18.0,1062.0,17.0,1056.0,FTP
1720728807.747425,CAddTk2urimcyuvVjk,192.168.1.6,37380.0,192.168.1.4,21.0,tcp,10.546933889389038,136.0,188.0,SF,1.0,1.0,0.0,ShAdDafFr,18.0,1080.0,17.0,1056.0,FTP
1720727794.081655,Cfor3iU9DXseg2iPd,192.168.1.4,34929.0,192.168.1.1,53.0,udp,10.546933889389038,136.0,188.0,SF,1.0,1.0,0.0,ShAdDafFr,18.0,1080.0,17.0,1056.0,DNS
1720730758.538374,CbXsIK2pyfXXHn3PWf,192.168.1.6,50870.0,192.168.1.4,21.0,tcp,9.607234001159668,120.0,188.0,SF,1.0,1.0,0.0,ShAdDafrF,18.0,1064.0,17.0,1056.0,FTP
1720727914.033977,C8NGOr3ouFN2NjoQF7,192.168.1.4,46622.0,192.168.1.1,53.0,udp,9.607234001159668,120.0,188.0,SF,1.0,1.0,0.0,ShAdDafrF,18.0,1064.0,17.0,1056.0,DNS
1720729505.597613,C49rGQ1ekZxSF1DcIe,192.168.1.6,39548.0,192.168.1.4,21.0,tcp,10.63859796524048,132.0,188.0,SF,1.0,1.0,0.0,ShAdDafrF,18.0,1076.0,17.0,1056.0,FTP
1720731574.271859,CZ36Kd3fQjZ2164be5,192.168.1.6,57182.0,192.168.1.4,21.0,tcp,9.053544998168944,147.0,188.0,SF,1.0,1.0,0.0,ShAdDafrF,18.0,1091.0,17.0,1056.0,FTP
1720728523.892121,CeHhha1WZesnkEtoWg,192.168.1.6,54500.0,192.168.1.4,21.0,tcp,10.04836392402649,116.0,188.0,SF,1.0,1.0,0.0,ShAdDafrF,18.0,1060.0,17.0,1056.0,FTP
1720729103.378496,CBRpJU3ZqjpmzGuaYd,192.168.1.6,46570.0,192.168.1.4,21.0,tcp,9.984337091445925,110.0,188.0,SF,1.0,1.0,0.0,ShAdDafFr,18.0,1054.0,17.0,1056.0,FTP
1720729183.065167,CQ665y4MvDwPmutSHd,192.168.1.6,50058.0,192.168.1.4,21.0,tcp,9.66527509689331,122.0,188.0,SF,1.0,1.0,0.0,ShAdDafrF,18.0,1066.0,17.0,1056.0,FTP
1720730902.242092,CvXfaN2FcJbZVM9Cgh,192.168.1.6,46496.0,192.168.1.4,21.0,tcp,9.610300064086914,131.0,188.0,SF,1.0,1.0,0.0,ShAdDafrF,18.0,1075.0,17.0,1056.0,FTP
1720729700.702843,CoiXeJ2WCryWabzoC4,192.168.1.6,36732.0,192.168.1.4,21.0,tcp,9.521944999694824,158.0,188.0,SF,1.0,1.0,0.0,ShAdDafFr,18.0,1102.0,17.0,1056.0,FTP
1720727913.616867,CS0sBE27yWw5xcD3q2,192.168.1.4,37512.0,192.168.1.1,53.0,udp,9.521944999694824,158.0,188.0,SF,1.0,1.0,0.0,ShAdDafFr,18.0,1102.0,17.0,1056.0,DNS
1720728130.245084,C4KE5k2Vy3emZBi1R8,192.168.1.6,46960.0,192.168.1.4,21.0,tcp,9.635877847671509,117.0,188.0,SF,1.0,1.0,0.0,ShAdDafrF,18.0,1061.0,17.0,1056.0,FTP
1720727765.869331,CMWWIu3buuHCUmxFnd,192.168.1.4,56585.0,172.64.151.101,443.0,tcp,9.635877847671509,117.0,188.0,SF,1.0,1.0,0.0,IIiiihhhIHHH,18.0,1061.0,17.0,1056.0,HTTPS
1720731464.40256,CRtnRd4mdeNuDALxv7,192.168.1.6,56638.0,192.168.1.4,21.0,tcp,10.689831018447876,156.0,188.0,SF,1.0,1.0,0.0,ShAdDafFr,18.0,1100.0,17.0,1056.0,FTP
1720731508.67974,C3kagewkinAQTaAQ4,192.168.1.6,39608.0,192.168.1.4,21.0,tcp,9.942546129226685,143.0,188.0,SF,1.0,1.0,0.0,ShAdDafFr,18.0,1087.0,17.0,1056.0,FTP
1720731898.339366,CfP4u64CTzWL4MwS5h,192.168.1.6,37024.0,192.168.1.4,21.0,tcp,10.111927032470703,191.0,188.0,SF,1.0,1.0,0.0,ShAdDafrF,18.0,1135.0,17.0,1056.0,FTP
1720731733.258576,C9cavO2PR5T7xBqE96,192.168.1.4,41816.0,185.125.190.96,80.0,tcp,0.165119171142578,88.0,185.0,SF,1.0,0.0,0.0,ShADdfFa,5.0,356.0,4.0,401.0,HTTP
1720727733.078061,CPWS9J3EmS30SSMFp3,192.168.1.4,48740.0,172.64.146.72,443.0,tcp,0.165119171142578,88.0,185.0,SF,1.0,0.0,0.0,ShADdfFa,5.0,356.0,4.0,401.0,HTTPS
1720731784.423261,Ctj1Xz2IdEvHDQz8M1,192.168.1.6,55010.0,192.168.1.4,21.0,tcp,10.833956003189089,171.0,188.0,SF,1.0,1.0,0.0,ShAdDafrF,18.0,1115.0,17.0,1056.0,FTP
1720730596.827516,CYyaOn3yz5bRhZAg14,192.168.1.6,41888.0,192.168.1.4,21.0,tcp,9.671427011489868,121.0,188.0,SF,1.0,1.0,0.0,ShAdDafFr,18.0,1065.0,17.0,1056.0,FTP
1720731444.138787,CCvcm97PYinqw7W2,192.168.1.6,58828.0,192.168.1.4,21.0,tcp,10.323132991790771,148.0,188.0,SF,1.0,1.0,0.0,ShAdDafrF,18.0,1092.0,17.0,1056.0,FTP
1720731583.470082,Cw07RxQTyK8A8vTw2,192.168.1.6,47650.0,192.168.1.4,21.0,tcp,10.032602071762083,165.0,188.0,SF,1.0,1.0,0.0,ShAdDafrF,18.0,1109.0,17.0,1056.0,FTP
1720728263.553212,CagqgLwHeyMJOkwOf,192.168.1.6,34600.0,192.168.1.4,21.0,tcp,10.180575132369995,118.0,188.0,SF,1.0,1.0,0.0,ShAdDafrF,18.0,1062.0,17.0,1056.0,FTP
1720731167.429499,CIv6E9EgAbgwURqz3,192.168.1.6,41796.0,192.168.1.4,21.0,tcp,10.363250970840454,108.0,188.0,SF,1.0,1.0,0.0,ShAdDafrF,18.0,1052.0,17.0,1056.0,FTP
1720728034.625433,CIdQfdT8TfJL8Lb47,192.168.1.4,53340.0,192.168.1.1,53.0,udp,10.363250970840454,108.0,188.0,SF,1.0,1.0,0.0,ShAdDafrF,18.0,1052.0,17.0,1056.0,DNS
1720728393.585853,CbJGzt4bLlohyovyR9,192.168.1.6,60236.0,192.168.1.4,21.0,tcp,10.503865003585815,116.0,188.0,SF,1.0,1.0,0.0,ShAdDafFr,18.0,1060.0,17.0,1056.0,FTP
1720728931.217356,CyuEwj2G6afQClMOz3,192.168.1.6,56446.0,192.168.1.4,21.0,tcp,10.13759994506836,150.0,188.0,SF,1.0,1.0,0.0,ShAdDafrF,18.0,1094.0,17.0,1056.0,FTP
1720728095.276956,CxM006VMxqi5k3Pn1,192.168.1.4,42112.0,104.108.97.114,443.0,tcp,21.55724596977234,1879.0,4260.0,SF,1.0,0.0,0.0,ShADadfF,10.0,2419.0,12.0,4892.0,HTTPS
1720729459.985027,C1LNia1u4dgNytnOLe,192.168.1.6,56450.0,192.168.1.4,21.0,tcp,10.089175939559937,136.0,188.0,SF,1.0,1.0,0.0,ShAdDafrF,18.0,1080.0,17.0,1056.0,FTP
1720728035.247459,CCkfrSDDwVB6fqoi5,192.168.1.4,59694.0,13.107.42.14,443.0,tcp,0.0,136.0,188.0,SF,0.0,1.0,0.0,ShAdDafrF,18.0,1080.0,17.0,1056.0,HTTPS
1720731720.935276,CUFuJX3m00BkBqFl84,192.168.1.6,38636.0,192.168.1.4,21.0,tcp,11.204238891601562,175.0,188.0,SF,1.0,1.0,0.0,ShAdDafFr,18.0,1119.0,17.0,1056.0,FTP
1720731369.49046,Cz8nFkze1Olf3mkw6,192.168.1.6,56786.0,192.168.1.4,21.0,tcp,9.901662111282349,167.0,188.0,SF,1.0,1.0,0.0,ShAdDafrF,18.0,1111.0,17.0,1056.0,FTP
1720727884.996871,Cq6FjY3nJr7U2aYi7,192.168.1.4,38318.0,192.168.1.1,53.0,udp,0.007488012313842,43.0,127.0,SF,1.0,1.0,0.0,Dd,1.0,71.0,1.0,155.0,DNS
1720731630.912398,CWkwIa2FIxQgn3Sxb6,192.168.1.6,35102.0,192.168.1.4,21.0,tcp,9.542565822601318,153.0,188.0,SF,1.0,1.0,0.0,ShAdDafrF,18.0,1097.0,17.0,1056.0,FTP
1720731325.526793,CgQu1J34VKATPF8glj,192.168.1.6,35224.0,192.168.1.4,21.0,tcp,10.239476919174194,159.0,188.0,SF,1.0,1.0,0.0,ShAdDafFr,18.0,1103.0,17.0,1056.0,FTP
1720728320.977856,CXallv48wEy2yhvh69,192.168.1.6,35740.0,192.168.1.4,21.0,tcp,10.434758186340332,118.0,188.0,SF,1.0,1.0,0.0,ShAdDafrF,18.0,1062.0,17.0,1056.0,FTP
1720728777.21512,C8Qjux1Wh435dFybAd,192.168.1.6,41494.0,192.168.1.4,21.0,tcp,9.78573489189148,141.0,188.0,SF,1.0,1.0,0.0,ShAdDafFr,18.0,1085.0,17.0,1056.0,FTP
1720728096.619408,CrVk6jHX9jlspqC6b,192.168.1.4,60599.0,192.168.1.1,53.0,udp,0.00173807144165,57.0,119.0,SF,1.0,1.0,0.0,Dd,1.0,85.0,1.0,147.0,DNS
1720731167.450493,Cuu8fG1xgFPqRyi7Ma,192.168.1.6,41822.0,192.168.1.4,21.0,tcp,10.381205797195436,109.0,188.0,SF,1.0,1.0,0.0,ShAdDafFr,18.0,1053.0,17.0,1056.0,FTP
1720730058.311011,CLpoEX2dXKc1ykdVdc,192.168.1.6,54810.0,192.168.1.4,21.0,tcp,10.634867906570436,126.0,188.0,SF,1.0,1.0,0.0,ShAdDafrF,18.0,1070.0,17.0,1056.0,FTP
1720727884.894802,CaZzzMmwWbj3WoHR9,192.168.1.4,40993.0,192.168.1.1,53.0,udp,10.634867906570436,126.0,188.0,SF,1.0,1.0,0.0,ShAdDafrF,18.0,1070.0,17.0,1056.0,DNS
1720730256.414144,Cgfz292AGPo3hfpNDj,192.168.1.6,40324.0,192.168.1.4,21.0,tcp,10.65439796447754,116.0,188.0,SF,1.0,1.0,0.0,ShAdDafrF,18.0,1060.0,17.0,1056.0,FTP
1720728096.374032,C6cb2p1k38Hf3YFvU3,192.168.1.4,35132.0,13.107.21.237,443.0,tcp,112.37866497039796,3627.0,8284.0,SF,1.0,0.0,0.0,ShADadFf,16.0,4287.0,18.0,9016.0,HTTPS
1720731742.214191,CCSVJZ3gboJhQ1Z8,192.168.1.6,52708.0,192.168.1.4,21.0,tcp,9.921833992004396,140.0,188.0,SF,1.0,1.0,0.0,ShAdDafrF,18.0,1084.0,17.0,1056.0,FTP
1720727916.171289,ChfTuAjwxls3oP348,192.168.1.4,53004.0,34.145.223.123,443.0,tcp,180.06843996047974,2529.0,4284.0,SF,1.0,0.0,0.0,ShADadFfR,19.0,3501.0,17.0,5176.0,HTTPS
1720727974.146832,CA7xIbGgrjXXhMwD7,192.168.1.4,38154.0,204.235.147.206,443.0,tcp,234.60771799087524,3796.0,13519.0,SF,1.0,0.0,0.0,ShADadFf,20.0,4616.0,20.0,14331.0,HTTPS
1720729134.886532,CJDrpdT9VW13owVw8,192.168.1.6,47342.0,192.168.1.4,21.0,tcp,10.230165004730225,122.0,188.0,SF,1.0,1.0,0.0,ShAdDafrF,18.0,1066.0,17.0,1056.0,FTP
1720727914.182223,CjJbDunW2UHKadzG4,192.168.1.4,39770.0,13.224.214.94,443.0,tcp,242.5806729793549,17213.0,5510.0,SF,1.0,0.0,0.0,ShADadfF,28.0,18677.0,33.0,7234.0,HTTPS
1720729603.351169,CbiwA3JWQ7z3nqOSk,192.168.1.6,48500.0,192.168.1.4,21.0,tcp,8.640052795410156,109.0,188.0,SF,1.0,1.0,0.0,ShAdDafFr,18.0,1053.0,17.0,1056.0,FTP
1720727915.098289,Ck7lWR30EEvgzwUSw6,192.168.1.4,40836.0,192.168.1.1,53.0,udp,8.640052795410156,109.0,188.0,SF,1.0,1.0,0.0,ShAdDafFr,18.0,1053.0,17.0,1056.0,DNS
1720727885.089338,CEahCq1nRWhDBnQEWk,192.168.1.4,46229.0,142.251.40.196,443.0,udp,0.127333879470825,5477.0,9848.0,SF,1.0,0.0,0.0,Dd,11.0,5785.0,13.0,10212.0,HTTPS
1720727884.606937,C30Iad4vi1QtjDjd7a,192.168.1.4,41970.0,54.69.251.6,443.0,udp,0.127333879470825,5477.0,9848.0,SF,1.0,0.0,0.0,Dd,11.0,5785.0,13.0,10212.0,HTTPS
1720727915.739166,CcXd5Z2g3PaduJtu64,192.168.1.4,49309.0,192.168.1.1,53.0,udp,0.028023958206176,55.0,136.0,SF,1.0,1.0,0.0,Dd,1.0,83.0,1.0,164.0,DNS
1720728011.330786,CmlOnJ2VMAmnfCHDH8,192.168.1.6,38340.0,192.168.1.4,21.0,tcp,9.933759927749634,118.0,188.0,SF,1.0,1.0,0.0,ShAdDafrF,18.0,1062.0,17.0,1056.0,FTP
1720728298.853403,Cj9pgg20L8TxHQj2bi,192.168.1.6,60724.0,192.168.1.4,21.0,tcp,9.92461085319519,118.0,188.0,SF,1.0,1.0,0.0,ShAdDafrF,18.0,1062.0,17.0,1056.0,FTP
1720730395.244068,CdFg621oExYJwn8rAi,192.168.1.6,33974.0,192.168.1.4,21.0,tcp,10.57338809967041,122.0,188.0,SF,1.0,1.0,0.0,ShAdDafrF,18.0,1066.0,17.0,1056.0,FTP
1720730702.917345,CmztMj43bu8YoSO7w7,192.168.1.6,39492.0,192.168.1.4,21.0,tcp,10.794119834899902,139.0,188.0,SF,1.0,1.0,0.0,ShAdDafrF,18.0,1083.0,17.0,1056.0,FTP
1720728144.152498,Cz5Rnm1bZ3KjpKVVm,192.168.1.6,42076.0,192.168.1.4,21.0,tcp,10.086189031600952,117.0,188.0,SF,1.0,1.0,0.0,ShAdDafrF,18.0,1061.0,17.0,1056.0,FTP
1720730752.32761,Cthay61gdfMaaTbiVi,192.168.1.6,60580.0,192.168.1.4,21.0,tcp,9.48910403251648,126.0,188.0,SF,1.0,1.0,0.0,ShAdDafrF,18.0,1070.0,17.0,1056.0,FTP
1720728154.533404,C3CVJR3oD1VXed65o,192.168.1.4,37203.0,192.168.1.1,53.0,udp,0.013351917266845,37.0,102.0,SF,1.0,1.0,0.0,Dd,1.0,65.0,1.0,130.0,DNS
1720729295.380658,CFjosi46I3uzPRu7Af,192.168.1.6,45678.0,192.168.1.4,21.0,tcp,10.4035542011261,144.0,188.0,SF,1.0,1.0,0.0,ShAdDafrF,18.0,1088.0,17.0,1056.0,FTP
1720729433.184148,Cd65dp2jwK1niheUY2,192.168.1.6,51802.0,192.168.1.4,21.0,tcp,10.900007009506226,133.0,188.0,SF,1.0,1.0,0.0,ShAdDafrF,18.0,1077.0,17.0,1056.0,FTP
1720729148.277549,CpThe54UsjfOnX1YE7,192.168.1.6,38958.0,192.168.1.4,21.0,tcp,9.861216068267822,125.0,188.0,SF,1.0,1.0,0.0,ShAdDafrF,18.0,1069.0,17.0,1056.0,FTP
1720728310.937098,ClLrxx3VgBOg3moryf,192.168.1.6,45710.0,192.168.1.4,21.0,tcp,9.864427089691162,118.0,188.0,SF,1.0,1.0,0.0,ShAdDafrF,18.0,1062.0,17.0,1056.0,FTP
1720729837.706852,C1nno02KjH7PBGLdxe,192.168.1.6,43442.0,192.168.1.4,21.0,tcp,10.886626958847046,128.0,188.0,SF,1.0,1.0,0.0,ShAdDafFr,18.0,1072.0,17.0,1056.0,FTP
1720728021.354777,CxYIL81hunJlX6Rafb,192.168.1.6,55444.0,192.168.1.4,21.0,tcp,9.87948989868164,118.0,188.0,SF,1.0,1.0,0.0,ShAdDafrF,18.0,1062.0,17.0,1056.0,FTP
1720729576.171717,CuNLOE19hKe2T4w71h,192.168.1.6,51870.0,192.168.1.4,21.0,tcp,9.99912405014038,112.0,188.0,SF,1.0,1.0,0.0,ShAdDafFr,18.0,1056.0,17.0,1056.0,FTP
1720731060.521696,CeApqyHwqvlsR8Qhe,192.168.1.6,56176.0,192.168.1.4,21.0,tcp,10.311056852340698,130.0,188.0,SF,1.0,1.0,0.0,ShAdDafrF,18.0,1074.0,17.0,1056.0,FTP
1720730597.089394,CCye9C2BkZxrsyUmlb,192.168.1.6,41914.0,192.168.1.4,21.0,tcp,9.685892820358276,117.0,188.0,SF,1.0,1.0,0.0,ShAdDafrF,18.0,1061.0,17.0,1056.0,FTP
1720730816.690906,C3Ymki4HOHfp6Zu9bg,192.168.1.6,54120.0,192.168.1.4,21.0,tcp,9.331621885299684,125.0,188.0,SF,1.0,1.0,0.0,ShAdDafrF,18.0,1069.0,17.0,1056.0,FTP
1720728017.324812,CdiGik6oR0MOeNghd,192.168.1.4,56513.0,192.168.1.1,53.0,udp,9.331621885299684,125.0,188.0,SF,1.0,1.0,0.0,ShAdDafrF,18.0,1069.0,17.0,1056.0,DNS
1720727777.336493,CYpsMV1zchtSlSeXz5,192.168.1.6,35254.0,192.168.1.4,21.0,tcp,9.409570932388306,118.0,188.0,SF,1.0,1.0,0.0,ShAdDafrF,18.0,1062.0,17.0,1056.0,FTP
1720731236.583434,C53Fl44Js8yrLcAHDk,192.168.1.6,35078.0,192.168.1.4,21.0,tcp,9.263103008270264,153.0,188.0,SF,1.0,1.0,0.0,ShAdDafrF,18.0,1097.0,17.0,1056.0,FTP
1720730703.104614,C0jW802UgRsuCGChe6,192.168.1.6,57610.0,192.168.1.4,21.0,tcp,10.793472051620483,129.0,188.0,SF,1.0,1.0,0.0,ShAdDafrF,18.0,1073.0,17.0,1056.0,FTP
1720729226.180108,CRkyMa4jRZIPUIpw6d,192.168.1.6,34974.0,192.168.1.4,21.0,tcp,10.652652978897097,117.0,188.0,SF,1.0,1.0,0.0,ShAdDafrF,18.0,1061.0,17.0,1056.0,FTP
1720730445.984109,CT852v1vjhwB8Kr9K9,192.168.1.6,44114.0,192.168.1.4,21.0,tcp,9.807687997817991,120.0,188.0,SF,1.0,1.0,0.0,ShAdDafFr,18.0,1064.0,17.0,1056.0,FTP
1720730021.284385,C4D3Bm4b5k8rqaJd63,192.168.1.6,51612.0,192.168.1.4,21.0,tcp,9.460716009140016,124.0,188.0,SF,1.0,1.0,0.0,ShAdDafrF,18.0,1068.0,17.0,1056.0,FTP
1720729534.53825,CgrOvb2va65z2aLFI2,192.168.1.6,37644.0,192.168.1.4,21.0,tcp,10.83247208595276,136.0,188.0,SF,1.0,1.0,0.0,ShAdDafFr,18.0,1080.0,17.0,1056.0,FTP
1720728094.581942,C7lk153CQvzTqVspD7,192.168.1.4,46976.0,13.224.214.83,443.0,tcp,10.83247208595276,136.0,188.0,SF,1.0,1.0,0.0,ShAdDafFr,18.0,1080.0,17.0,1056.0,HTTPS
1720731402.468327,C2xcSM2cB0xKi8L3Ni,192.168.1.6,48520.0,192.168.1.4,21.0,tcp,10.490908861160278,172.0,188.0,SF,1.0,1.0,0.0,ShAdDafFr,18.0,1116.0,17.0,1056.0,FTP
1720729922.433275,CsGYRZ3p5lwgumOMSc,192.168.1.6,45604.0,192.168.1.4,21.0,tcp,9.030983924865724,124.0,188.0,SF,1.0,1.0,0.0,ShAdDafrF,18.0,1068.0,17.0,1056.0,FTP
1720729272.977162,Cs9Ykl15nRt85pey82,192.168.1.6,59984.0,192.168.1.4,21.0,tcp,9.390014171600342,131.0,188.0,SF,1.0,1.0,0.0,ShAdDafFr,18.0,1075.0,17.0,1056.0,FTP
1720730961.100156,CWbqtt4HagNNReDy1j,192.168.1.6,51448.0,192.168.1.4,21.0,tcp,10.056821823120115,129.0,188.0,SF,1.0,1.0,0.0,ShAdDafrF,18.0,1073.0,17.0,1056.0,FTP
1720730083.795173,CkVqnp4ZK6xb6U3MMb,192.168.1.6,33544.0,192.168.1.4,21.0,tcp,9.04122018814087,134.0,188.0,SF,1.0,1.0,0.0,ShAdDafrF,18.0,1078.0,17.0,1056.0,FTP
1720729543.233233,Caccba4MQw4naUONq6,192.168.1.4,44199.0,192.168.1.1,53.0,udp,9.04122018814087,134.0,188.0,SF,1.0,1.0,0.0,ShAdDafrF,18.0,1078.0,17.0,1056.0,DNS
1720730964.042107,C97G0j2EOb7A3Sgp3d,192.168.1.6,48848.0,192.168.1.4,21.0,tcp,10.772316932678224,143.0,188.0,SF,1.0,1.0,0.0,ShAdDafrF,18.0,1087.0,17.0,1056.0,FTP
1720728275.036717,C7PSGB1YLdm98mLvC4,192.168.1.4,53483.0,192.168.1.1,53.0,udp,10.772316932678224,143.0,188.0,SF,1.0,1.0,0.0,ShAdDafrF,18.0,1087.0,17.0,1056.0,DNS
1720729480.556773,CF2XxN1qHv3IG2Ixt,192.168.1.6,50080.0,192.168.1.4,21.0,tcp,11.06620717048645,121.0,188.0,SF,1.0,1.0,0.0,ShAdDafrF,18.0,1065.0,17.0,1056.0,FTP
1720728245.124502,C7jNzn1OS33WsOqrIf,192.168.1.4,48193.0,192.168.1.1,53.0,udp,11.06620717048645,121.0,188.0,SF,1.0,1.0,0.0,ShAdDafrF,18.0,1065.0,17.0,1056.0,DNS
1720731836.858857,CPpcml3Cp9awKQieN5,192.168.1.6,51730.0,192.168.1.4,21.0,tcp,9.833482027053831,151.0,188.0,SF,1.0,1.0,0.0,ShAdDafFr,18.0,1095.0,17.0,1056.0,FTP
1720728233.739959,CxmSUV2UzeRZYIOrz6,192.168.1.6,39126.0,192.168.1.4,21.0,tcp,9.831712007522585,118.0,188.0,SF,1.0,1.0,0.0,ShAdDafrF,18.0,1062.0,17.0,1056.0,FTP
1720730617.472191,Cngx6K1rp6F2fWjSl9,192.168.1.6,38954.0,192.168.1.4,21.0,tcp,10.998137950897217,130.0,188.0,SF,1.0,1.0,0.0,ShAdDafFr,18.0,1074.0,17.0,1056.0,FTP
1720730417.748689,CCiOqZ3i8bavOeL4Eh,192.168.1.6,49648.0,192.168.1.4,21.0,tcp,9.61081314086914,120.0,188.0,SF,1.0,1.0,0.0,ShAdDafFr,18.0,1064.0,17.0,1056.0,FTP
1720728095.052222,C9WBzZ2LEQVNlGEOb5,192.168.1.4,42546.0,3.33.191.201,443.0,tcp,60.6252760887146,8454.0,5407.0,SF,1.0,0.0,0.0,ShADadtfF,18.0,9410.0,22.0,6693.0,HTTPS
1720731574.234124,CskuZC1yrN2f7A04ea,192.168.1.6,57146.0,192.168.1.4,21.0,tcp,9.043750047683716,137.0,188.0,SF,1.0,1.0,0.0,ShAdDafrF,18.0,1081.0,17.0,1056.0,FTP
1720727767.309308,CP5fIH2PhOa5J91D3i,192.168.1.4,44209.0,192.168.1.1,53.0,udp,0.015480995178222,41.0,176.0,SF,1.0,1.0,0.0,Dd,1.0,69.0,1.0,204.0,DNS
1720727786.539083,CSWcrO2wq11i2UQWj4,192.168.1.4,57734.0,192.168.1.1,53.0,udp,0.015480995178222,41.0,176.0,SF,1.0,1.0,0.0,Dd,1.0,69.0,1.0,204.0,DNS
1720728626.593596,Ck0nat23JNPXLD8Geg,192.168.1.6,36722.0,192.168.1.4,21.0,tcp,9.66407299041748,118.0,188.0,SF,1.0,1.0,0.0,ShAdDafrF,18.0,1062.0,17.0,1056.0,FTP
1720728884.419824,ClAkUt41LmFs3M64jb,192.168.1.6,55434.0,192.168.1.4,21.0,tcp,9.118609189987184,134.0,188.0,SF,1.0,1.0,0.0,ShAdDafrF,18.0,1078.0,17.0,1056.0,FTP
1720727781.847871,CBjdbL39oaY2i0Jojf,192.168.1.6,35298.0,192.168.1.4,21.0,tcp,10.469558000564575,118.0,188.0,SF,1.0,1.0,0.0,ShAdDafrF,18.0,1062.0,17.0,1056.0,FTP
1720728211.841093,CILuBkiLIvu5UFgrh,192.168.1.4,39795.0,192.168.1.1,53.0,udp,10.469558000564575,118.0,188.0,SF,1.0,1.0,0.0,ShAdDafrF,18.0,1062.0,17.0,1056.0,DNS
1720728125.056885,CUE3lpW11Ove9bB59,192.168.1.4,35611.0,192.168.1.1,53.0,udp,10.469558000564575,118.0,188.0,SF,1.0,1.0,0.0,ShAdDafrF,18.0,1062.0,17.0,1056.0,DNS
1720728096.084339,ChuFz52u9en6TU69k,192.168.1.4,59142.0,204.79.197.237,443.0,tcp,112.66664814949036,31315.0,44966.0,SF,1.0,0.0,0.0,ShADadFf,84.0,34695.0,111.0,49430.0,HTTPS
1720728095.549143,C3rqhM3fuzuPKfz9Al,192.168.1.4,56990.0,142.251.41.2,443.0,udp,0.130121946334838,4849.0,9857.0,SF,1.0,0.0,0.0,Dd,12.0,5185.0,14.0,10249.0,HTTPS
1720730436.246037,CNRohJ3MmW0w1DFKM8,192.168.1.6,42646.0,192.168.1.4,21.0,tcp,9.70543098449707,124.0,188.0,SF,1.0,1.0,0.0,ShAdDafrF,18.0,1068.0,17.0,1056.0,FTP
1720728634.050986,CaQgUj3xQgJceGlwj8,192.168.1.6,45498.0,192.168.1.4,21.0,tcp,10.025184869766235,134.0,188.0,SF,1.0,1.0,0.0,ShAdDafrF,18.0,1078.0,17.0,1056.0,FTP
1720728896.464243,CerXP836Vqek1fCxp6,192.168.1.6,35894.0,192.168.1.4,21.0,tcp,10.539188146591188,147.0,188.0,SF,1.0,1.0,0.0,ShAdDafrF,18.0,1091.0,17.0,1056.0,FTP
1720730533.233972,CcTykc163UQFO5Qcc6,192.168.1.4,40052.0,192.168.1.1,53.0,udp,10.539188146591188,147.0,188.0,SF,1.0,1.0,0.0,ShAdDafrF,18.0,1091.0,17.0,1056.0,DNS
1720728275.051951,C2eKnS2Pfm2OOkvhl8,192.168.1.4,60536.0,192.168.1.1,53.0,udp,0.001265048980712,39.0,97.0,SF,1.0,1.0,0.0,Dd,1.0,67.0,1.0,125.0,DNS
1720728289.725598,C5HW3B3b6zCRjYUgB8,192.168.1.6,43580.0,192.168.1.4,21.0,tcp,10.217912912368774,118.0,188.0,SF,1.0,1.0,0.0,ShAdDafrF,18.0,1062.0,17.0,1056.0,FTP
1720728096.897712,CkOb6D4IitVcEpTzNe,192.168.1.4,40463.0,192.168.1.1,53.0,udp,0.001456975936889,51.0,115.0,SF,1.0,1.0,0.0,Dd,1.0,79.0,1.0,143.0,DNS
1720729516.254878,C91bI51dlUX789Nd0e,192.168.1.6,36480.0,192.168.1.4,21.0,tcp,11.07559895515442,115.0,188.0,SF,1.0,1.0,0.0,ShAdDafrF,18.0,1059.0,17.0,1056.0,FTP
1720727835.116766,CmGqOp1tPhRwKZcqQ8,192.168.1.6,42362.0,192.168.1.4,21.0,tcp,9.963382959365845,116.0,188.0,SF,1.0,1.0,0.0,ShAdDafFr,18.0,1060.0,17.0,1056.0,FTP
1720728909.336307,Csv4DpE64ZWZ8Moyk,192.168.1.6,43526.0,192.168.1.4,21.0,tcp,9.156141996383669,171.0,188.0,SF,1.0,1.0,0.0,ShAdDafrF,18.0,1115.0,17.0,1056.0,FTP
1720729700.600235,C8aPtd2AkyxPI9yEu3,192.168.1.6,36704.0,192.168.1.4,21.0,tcp,9.04890203475952,161.0,188.0,SF,1.0,1.0,0.0,ShAdDafrF,18.0,1105.0,17.0,1056.0,FTP
1720730799.768681,CWOJMJ2IDJMYLJfz62,192.168.1.6,47922.0,192.168.1.4,21.0,tcp,9.468775987625122,124.0,188.0,SF,1.0,1.0,0.0,ShAdDafrF,18.0,1068.0,17.0,1056.0,FTP
1720728096.335139,Ca0Qlj2Vq31f2ytW1a,192.168.1.4,37393.0,192.168.1.1,53.0,udp,9.468775987625122,124.0,188.0,SF,1.0,1.0,0.0,ShAdDafrF,18.0,1068.0,17.0,1056.0,DNS
1720728164.574703,CqaEc51cBIUq8pp8Cj,192.168.1.6,46906.0,192.168.1.4,21.0,tcp,8.790280103683472,118.0,188.0,SF,1.0,1.0,0.0,ShAdDafrF,18.0,1062.0,17.0,1056.0,FTP
1720729710.224903,CUh0CE2xF4GPeRNqj,192.168.1.6,48002.0,192.168.1.4,21.0,tcp,10.03772497177124,108.0,188.0,SF,1.0,1.0,0.0,ShAdDafrF,18.0,1052.0,17.0,1056.0,FTP
1720731484.534177,C48HYn4qMo3VcGdbs9,192.168.1.6,60714.0,192.168.1.4,21.0,tcp,9.579498052597046,156.0,188.0,SF,1.0,1.0,0.0,ShAdDafFr,18.0,1100.0,17.0,1056.0,FTP
1720727914.034035,C0NDEb2GxkfrRtMU7i,192.168.1.4,39181.0,192.168.1.1,53.0,udp,0.154741048812866,42.0,162.0,SF,1.0,1.0,0.0,Dd,1.0,70.0,1.0,190.0,DNS
1720728726.947001,C0Spoy16IVtChL6Pkb,192.168.1.6,59578.0,192.168.1.4,21.0,tcp,11.120835065841677,134.0,188.0,SF,1.0,1.0,0.0,ShAdDafrF,18.0,1078.0,17.0,1056.0,FTP
1720728188.596447,CUmvBc4jxbNVFyzGsg,192.168.1.6,42768.0,192.168.1.4,21.0,tcp,9.153613090515137,117.0,188.0,SF,1.0,1.0,0.0,ShAdDafFr,18.0,1061.0,17.0,1056.0,FTP
1720731035.738396,CmXgQK29X7ElT9OHv8,192.168.1.6,56818.0,192.168.1.4,21.0,tcp,10.357956171035768,117.0,188.0,SF,1.0,1.0,0.0,ShAdDafrF,18.0,1061.0,17.0,1056.0,FTP
1720727958.12478,CkLZmO1U2azavIszcg,192.168.1.6,56532.0,192.168.1.4,21.0,tcp,11.090195178985596,117.0,188.0,SF,1.0,1.0,0.0,ShAdDafrF,18.0,1061.0,17.0,1056.0,FTP
1720728275.059097,Ce6UDD1x1Sfnrqm6L5,192.168.1.4,58354.0,3.211.83.105,443.0,tcp,76.38608288764954,1896.0,3713.0,SF,1.0,0.0,0.0,ShADadFf,11.0,2476.0,10.0,4241.0,HTTPS
1720731798.484683,CJwv0V3AGQs0MQi5Je,192.168.1.6,60876.0,192.168.1.4,21.0,tcp,11.410729885101318,155.0,188.0,SF,1.0,1.0,0.0,ShAdDafFr,18.0,1099.0,17.0,1056.0,FTP
1720729196.217004,C5YALA4kCmR5kDWN7b,192.168.1.6,39084.0,192.168.1.4,21.0,tcp,9.685446977615356,124.0,188.0,SF,1.0,1.0,0.0,ShAdDafrF,18.0,1068.0,17.0,1056.0,FTP
1720731255.914547,CEMiGO2fuKoGp9iO9h,192.168.1.6,53396.0,192.168.1.4,21.0,tcp,10.564614057540894,185.0,188.0,SF,1.0,1.0,0.0,ShAdDafrF,18.0,1129.0,17.0,1056.0,FTP
1720727777.374115,CHO6Tr1op03y0lybba,192.168.1.6,35262.0,192.168.1.4,21.0,tcp,9.39654803276062,118.0,188.0,SF,1.0,1.0,0.0,ShAdDafrF,18.0,1062.0,17.0,1056.0,FTP
1720728186.513886,Cm5ewk366jp2sWxhpb,192.168.1.4,34060.0,142.250.64.102,443.0,tcp,22.24402594566345,3480.0,8346.0,SF,1.0,0.0,0.0,ShADadFf,23.0,4684.0,23.0,9550.0,HTTPS
1720728846.186257,CK4gJT3s45OAtQOhob,192.168.1.6,39696.0,192.168.1.4,21.0,tcp,10.015972137451172,118.0,188.0,SF,1.0,1.0,0.0,ShAdDafrF,18.0,1062.0,17.0,1056.0,FTP
1720727734.395689,COAHx81SaIFgS1yKe8,192.168.1.4,38258.0,146.75.29.229,443.0,udp,0.029965877532958,2815.0,5270.0,SF,1.0,0.0,0.0,Dd,7.0,3011.0,6.0,5438.0,HTTPS
1720731659.908358,C4ZWhWNGsgmjyA65f,192.168.1.6,44118.0,192.168.1.4,21.0,tcp,10.454778909683228,158.0,188.0,SF,1.0,1.0,0.0,ShAdDafrF,18.0,1102.0,17.0,1056.0,FTP
1720729968.393436,CKAZBN1mjNkABSQKqi,192.168.1.6,36222.0,192.168.1.4,21.0,tcp,10.89200496673584,124.0,188.0,SF,1.0,1.0,0.0,ShAdDafrF,18.0,1068.0,17.0,1056.0,FTP
1720731763.837437,CqkybG1AGmC6M9bCN5,192.168.1.6,47956.0,192.168.1.4,21.0,tcp,10.45684003829956,171.0,188.0,SF,1.0,1.0,0.0,ShAdDafFr,18.0,1115.0,17.0,1056.0,FTP
1720731777.345547,CFCn72AVOk1XdJa66,192.168.1.6,50188.0,192.168.1.4,21.0,tcp,10.47265911102295,172.0,188.0,SF,1.0,1.0,0.0,ShAdDafrF,18.0,1116.0,17.0,1056.0,FTP
1720728275.811955,CUorDcPxKMm2K6Ld1,192.168.1.4,52978.0,192.168.1.1,53.0,udp,0.015027046203613,52.0,441.0,SF,1.0,1.0,0.0,Dd,1.0,80.0,1.0,469.0,DNS
1720729785.668589,CDs5NJ0NybaROHJc2,192.168.1.6,60758.0,192.168.1.4,21.0,tcp,10.016296863555908,112.0,188.0,SF,1.0,1.0,0.0,ShAdDafrF,18.0,1056.0,17.0,1056.0,FTP
1720729148.287795,CLkYJl4DpIg4YMlGLh,192.168.1.6,38962.0,192.168.1.4,21.0,tcp,9.86209487915039,124.0,188.0,SF,1.0,1.0,0.0,ShAdDafrF,18.0,1068.0,17.0,1056.0,FTP
1720731370.995741,CJvB2m2bX9D6PeVld9,192.168.1.6,56858.0,192.168.1.4,21.0,tcp,10.928767204284668,171.0,188.0,SF,1.0,1.0,0.0,ShAdDafFr,18.0,1115.0,17.0,1056.0,FTP
1720727764.253118,CRPJ08tZ2jE7kfpx4,192.168.1.4,60499.0,192.168.1.1,53.0,udp,0.002132892608642,49.0,319.0,SF,1.0,1.0,0.0,Dd,1.0,77.0,1.0,347.0,DNS
1720730032.531449,Cli1vE1cmbPSJjtem2,192.168.1.6,59302.0,192.168.1.4,21.0,tcp,9.795045852661133,125.0,188.0,SF,1.0,1.0,0.0,ShAdDafFr,18.0,1069.0,17.0,1056.0,FTP
1720731947.835226,C4IuL815FwOKXgORO7,192.168.1.6,39450.0,192.168.1.4,21.0,tcp,10.0952889919281,107.0,188.0,SF,1.0,1.0,0.0,ShAdDafrF,18.0,1051.0,17.0,1056.0,FTP
1720727793.830818,CKIGVZ30XNPAcjSi2,192.168.1.4,47942.0,192.168.1.1,53.0,udp,0.079365968704223,48.0,266.0,SF,1.0,1.0,0.0,Dd,1.0,76.0,1.0,294.0,DNS
1720731002.920071,Cb64D8l1T57yJawX3,192.168.1.6,44314.0,192.168.1.4,21.0,tcp,10.72529911994934,136.0,188.0,SF,1.0,1.0,0.0,ShAdDafrF,18.0,1080.0,17.0,1056.0,FTP
1720730286.544292,CuSx3E2FbiQu5Qukj4,192.168.1.6,51000.0,192.168.1.4,21.0,tcp,10.869730949401855,131.0,188.0,SF,1.0,1.0,0.0,ShAdDafrF,18.0,1075.0,17.0,1056.0,FTP
1720728096.137041,CoyoTP2RCom96xfjBe,192.168.1.4,52656.0,146.75.38.133,443.0,tcp,10.869730949401855,131.0,188.0,SF,1.0,1.0,0.0,ShAdDafrF,18.0,1075.0,17.0,1056.0,HTTPS
1720730943.888761,CeYipq4AWHnNPGoLk5,192.168.1.6,56784.0,192.168.1.4,21.0,tcp,9.90930700302124,123.0,188.0,SF,1.0,1.0,0.0,ShAdDafrF,18.0,1067.0,17.0,1056.0,FTP
1720730494.844072,CgaaNU8yo8jsFuKqi,192.168.1.6,58674.0,192.168.1.4,21.0,tcp,9.996341943740845,135.0,188.0,SF,1.0,1.0,0.0,ShAdDafrF,18.0,1079.0,17.0,1056.0,FTP
1720728930.533873,CSEnhL3lYOp5oFg2Bj,192.168.1.6,56416.0,192.168.1.4,21.0,tcp,10.073866844177246,159.0,188.0,SF,1.0,1.0,0.0,ShAdDafrF,18.0,1103.0,17.0,1056.0,FTP
1720731056.861085,CquJs11rNQhTY9caC4,192.168.1.6,56140.0,192.168.1.4,21.0,tcp,9.791938066482544,127.0,188.0,SF,1.0,1.0,0.0,ShAdDafrF,18.0,1071.0,17.0,1056.0,FTP
1720727854.235996,CzFJM54YnsxM9hZbzb,192.168.1.4,32841.0,192.168.1.1,53.0,udp,9.791938066482544,127.0,188.0,SF,1.0,1.0,0.0,ShAdDafrF,18.0,1071.0,17.0,1056.0,DNS
1720729566.757831,C6NAVw2wobDjtqtph3,192.168.1.6,55688.0,192.168.1.4,21.0,tcp,9.47995400428772,111.0,188.0,SF,1.0,1.0,0.0,ShAdDafrF,18.0,1055.0,17.0,1056.0,FTP
1720730788.989253,CyWUuF4aerpAOmSBe5,192.168.1.6,45420.0,192.168.1.4,21.0,tcp,10.20938205718994,133.0,188.0,SF,1.0,1.0,0.0,ShAdDafFr,18.0,1077.0,17.0,1056.0,FTP
1720731630.898752,CsEfg73aBfrfMSmI9i,192.168.1.6,35090.0,192.168.1.4,21.0,tcp,9.546033143997192,170.0,188.0,SF,1.0,1.0,0.0,ShAdDafrF,18.0,1114.0,17.0,1056.0,FTP
1720729057.592681,CHBLw9K5WhTnbww8h,192.168.1.6,59912.0,192.168.1.4,21.0,tcp,10.520806074142456,125.0,188.0,SF,1.0,1.0,0.0,ShAdDafFr,18.0,1069.0,17.0,1056.0,FTP
1720730341.767779,Co01Fb2ylnGUP9yvZj,192.168.1.6,35488.0,192.168.1.4,21.0,tcp,9.32930588722229,118.0,188.0,SF,1.0,1.0,0.0,ShAdDafrF,18.0,1062.0,17.0,1056.0,FTP
1720729196.264704,CnyXC4355AvpWlqSr9,192.168.1.6,39092.0,192.168.1.4,21.0,tcp,9.677004098892212,124.0,188.0,SF,1.0,1.0,0.0,ShAdDafrF,18.0,1068.0,17.0,1056.0,FTP
1720731297.841891,Cpsd8V2PtHDkyCAVWl,192.168.1.6,44854.0,192.168.1.4,21.0,tcp,10.190647840499878,165.0,188.0,SF,1.0,1.0,0.0,ShAdDafrF,18.0,1109.0,17.0,1056.0,FTP
1720731864.362274,CqNRZS1kip6PKXTFA2,192.168.1.6,58004.0,192.168.1.4,21.0,tcp,10.767167091369627,113.0,188.0,SF,1.0,1.0,0.0,ShAdDafFr,18.0,1057.0,17.0,1056.0,FTP
1720728494.516695,CP7dS83i57YFaSkPGl,192.168.1.6,54778.0,192.168.1.4,21.0,tcp,10.170427083969116,117.0,188.0,SF,1.0,1.0,0.0,ShAdDafrF,18.0,1061.0,17.0,1056.0,FTP
1720728896.689347,C8A8YnWaaj5Ay7sNh,192.168.1.6,35928.0,192.168.1.4,21.0,tcp,9.398781061172484,155.0,188.0,SF,1.0,1.0,0.0,ShAdDafrF,18.0,1099.0,17.0,1056.0,FTP
1720728148.642214,CCX8hG1eEXJ9rlmOzk,192.168.1.6,42180.0,192.168.1.4,21.0,tcp,9.33232593536377,116.0,188.0,SF,1.0,1.0,0.0,ShAdDafrF,18.0,1060.0,17.0,1056.0,FTP
1720728035.109296,C0Tgx9NQ9yRfpIRw4,192.168.1.4,35632.0,192.168.1.1,53.0,udp,9.33232593536377,116.0,188.0,SF,1.0,1.0,0.0,ShAdDafrF,18.0,1060.0,17.0,1056.0,DNS
1720728959.912493,CTA79E3DMWnPat6JA4,192.168.1.6,60938.0,192.168.1.4,21.0,tcp,9.81370997428894,120.0,188.0,SF,1.0,1.0,0.0,ShAdDafrF,18.0,1064.0,17.0,1056.0,FTP
1720729219.884733,C29AVsgmC5s1MKVx4,192.168.1.6,40242.0,192.168.1.4,21.0,tcp,9.916231155395508,127.0,188.0,SF,1.0,1.0,0.0,ShAdDafrF,18.0,1071.0,17.0,1056.0,FTP
1720727825.274076,CqaTHg3Saq3TyJsomk,192.168.1.4,52498.0,192.168.1.1,53.0,udp,0.003919124603271,49.0,106.0,SF,1.0,1.0,0.0,Dd,1.0,77.0,1.0,134.0,DNS
1720729192.705642,CF4Ylv3Lvxj5oJRMTa,192.168.1.6,50202.0,192.168.1.4,21.0,tcp,10.581571102142334,121.0,188.0,SF,1.0,1.0,0.0,ShAdDafrF,18.0,1065.0,17.0,1056.0,FTP
1720729285.996893,CELv6x2iaK5CBupcvd,192.168.1.6,38150.0,192.168.1.4,21.0,tcp,9.4183611869812,114.0,188.0,SF,1.0,1.0,0.0,ShAdDafFr,18.0,1058.0,17.0,1056.0,FTP
1720727884.886103,CQ8HZH2vuUUOdBT5P,192.168.1.4,36552.0,192.168.1.1,53.0,udp,9.4183611869812,114.0,188.0,SF,1.0,1.0,0.0,ShAdDafFr,18.0,1058.0,17.0,1056.0,DNS
1720728077.48755,CBVXBv2s0dQML9xZDb,192.168.1.6,52096.0,192.168.1.4,21.0,tcp,10.75259804725647,117.0,188.0,SF,1.0,1.0,0.0,ShAdDafrF,18.0,1061.0,17.0,1056.0,FTP
1720728186.723726,CkwCYZ17yEWhevTbFl,192.168.1.4,49248.0,23.205.106.91,443.0,tcp,10.75259804725647,117.0,188.0,SF,1.0,1.0,0.0,ShAdDafrF,18.0,1061.0,17.0,1056.0,HTTPS
1720730322.56377,CfAgdY2YXOtnzrHiVc,192.168.1.6,39222.0,192.168.1.4,21.0,tcp,11.162869930267334,122.0,188.0,SF,1.0,1.0,0.0,ShAdDafFr,18.0,1066.0,17.0,1056.0,FTP
1720729218.709606,CejNWM2mLgqD6KHS07,192.168.1.6,40212.0,192.168.1.4,21.0,tcp,9.815860033035278,130.0,188.0,SF,1.0,1.0,0.0,ShAdDafrF,18.0,1074.0,17.0,1056.0,FTP
1720729220.044717,C7OiUDp1co0BSzZ6,192.168.1.6,40264.0,192.168.1.4,21.0,tcp,9.887102842330933,127.0,188.0,SF,1.0,1.0,0.0,ShAdDafrF,18.0,1071.0,17.0,1056.0,FTP
1720727910.977001,CDLDgjF4PQaelCOrg,192.168.1.4,36905.0,192.168.1.1,53.0,udp,0.00111699104309,53.0,113.0,SF,1.0,1.0,0.0,Dd,1.0,81.0,1.0,141.0,DNS
1720731833.588113,CN8uJv3jR6svY1Kxmf,192.168.1.6,51718.0,192.168.1.4,21.0,tcp,10.280731916427612,175.0,188.0,SF,1.0,1.0,0.0,ShAdDafrF,18.0,1119.0,17.0,1056.0,FTP
1720730211.539058,CuIlIu26oZRiojiG4f,192.168.1.6,59442.0,192.168.1.4,21.0,tcp,10.784780979156494,123.0,188.0,SF,1.0,1.0,0.0,ShAdDafrF,18.0,1067.0,17.0,1056.0,FTP
1720728378.498896,CQOHBFGVKB9H96Ev4,192.168.1.6,56920.0,192.168.1.4,21.0,tcp,11.068035125732422,118.0,188.0,SF,1.0,1.0,0.0,ShAdDafFr,18.0,1062.0,17.0,1056.0,FTP
1720727767.309176,CPDuWv2XYyjPhcz7M1,192.168.1.4,50644.0,192.168.1.1,53.0,udp,0.015258073806762,41.0,410.0,SF,1.0,1.0,0.0,Dd,1.0,69.0,1.0,438.0,DNS
1720727793.536529,C4L5jT1dFucFULZS4e,192.168.1.4,58641.0,192.168.1.1,53.0,udp,0.015258073806762,41.0,410.0,SF,1.0,1.0,0.0,Dd,1.0,69.0,1.0,438.0,DNS
1720727793.242768,CxVMgtKSbKUqjKJ0l,192.168.1.4,55200.0,20.94.153.70,443.0,tcp,0.14139699935913,1888.0,7030.0,SF,1.0,0.0,0.0,ShADadFRfR,13.0,2536.0,11.0,7610.0,HTTPS
1720728125.357508,CNYudU1vtCdYWE5VD3,192.168.1.4,51096.0,142.250.65.163,443.0,tcp,0.14139699935913,1888.0,7030.0,SF,1.0,0.0,0.0,IIiiiIhhhHH,13.0,2536.0,11.0,7610.0,HTTPS
1720728675.993038,Cx4Qdr1VOo7Omg0lLf,192.168.1.6,41474.0,192.168.1.4,21.0,tcp,9.98316502571106,129.0,188.0,SF,1.0,1.0,0.0,ShAdDafrF,18.0,1073.0,17.0,1056.0,FTP
1720728125.358279,CVgzxp38mniDRrhPt1,192.168.1.4,56160.0,192.168.1.1,53.0,udp,9.98316502571106,129.0,188.0,SF,1.0,1.0,0.0,ShAdDafrF,18.0,1073.0,17.0,1056.0,DNS
1720731343.233995,C2FPSO2OigCG31TGc,192.168.1.4,57882.0,192.168.1.1,53.0,udp,0.000669956207275,58.0,394.0,SF,1.0,1.0,0.0,Dd,1.0,86.0,1.0,422.0,DNS
1720728167.655093,CxyElM2QCIPhSpb85d,192.168.1.6,46992.0,192.168.1.4,21.0,tcp,9.619856119155884,118.0,188.0,SF,1.0,1.0,0.0,ShAdDafrF,18.0,1062.0,17.0,1056.0,FTP
1720730649.422231,CooKCw2pSHFfhPZSda,192.168.1.6,32996.0,192.168.1.4,21.0,tcp,11.0370991230011,126.0,188.0,SF,1.0,1.0,0.0,ShAdDafrF,18.0,1070.0,17.0,1056.0,FTP
1720728034.647662,Cd2PCt2LiSFj3zkZpd,192.168.1.4,48082.0,142.251.32.104,443.0,tcp,11.0370991230011,126.0,188.0,SF,1.0,1.0,0.0,ShAdDafrF,18.0,1070.0,17.0,1056.0,HTTPS
1720728305.158968,Csyj163jGPjMUKDPWk,192.168.1.4,57244.0,192.168.1.1,53.0,udp,11.0370991230011,126.0,188.0,SF,1.0,1.0,0.0,ShAdDafrF,18.0,1070.0,17.0,1056.0,DNS
1720731444.173584,Cf6Vjz4xXOCedMym8d,192.168.1.6,58850.0,192.168.1.4,21.0,tcp,10.324881076812744,152.0,188.0,SF,1.0,1.0,0.0,ShAdDafrF,18.0,1096.0,17.0,1056.0,FTP
1720728796.901154,CANgl426db6cYy6nNb,192.168.1.6,45104.0,192.168.1.4,21.0,tcp,10.82736086845398,120.0,188.0,SF,1.0,1.0,0.0,ShAdDafFr,18.0,1064.0,17.0,1056.0,FTP
1720729884.797057,CrPoad3zorD0X9Coo2,192.168.1.6,52118.0,192.168.1.4,21.0,tcp,10.441015005111694,131.0,188.0,SF,1.0,1.0,0.0,ShAdDafrF,18.0,1075.0,17.0,1056.0,FTP
1720727983.308198,CMle5s1VvnqB1iF9Zj,192.168.1.4,47405.0,192.168.1.1,53.0,udp,10.441015005111694,131.0,188.0,SF,1.0,1.0,0.0,ShAdDafrF,18.0,1075.0,17.0,1056.0,DNS
1720731282.528726,C9suQR3M3Ony0Xu8P4,192.168.1.6,39970.0,192.168.1.4,21.0,tcp,10.068156957626345,184.0,188.0,SF,1.0,1.0,0.0,ShAdDafrF,18.0,1128.0,17.0,1056.0,FTP
1720728340.286865,CpL6h61YGZHPBec1Qh,192.168.1.6,38784.0,192.168.1.4,21.0,tcp,10.251111030578612,118.0,188.0,SF,1.0,1.0,0.0,ShAdDafFr,18.0,1062.0,17.0,1056.0,FTP
1720731270.32217,CcfkIm3x7EePvV7OGl,192.168.1.6,32832.0,192.168.1.4,21.0,tcp,9.859982967376707,193.0,188.0,SF,1.0,1.0,0.0,ShAdDafFr,18.0,1137.0,17.0,1056.0,FTP
1720731921.923096,CY4kJcDdXs8xZQqK9,192.168.1.6,38654.0,192.168.1.4,21.0,tcp,10.048969030380247,139.0,188.0,SF,1.0,1.0,0.0,ShAdDafrF,18.0,1083.0,17.0,1056.0,FTP
1720728275.07276,CkSbZW2gQ64nVfLATb,192.168.1.4,58342.0,3.211.83.105,443.0,tcp,10.048969030380247,139.0,188.0,SF,1.0,1.0,0.0,ShAdDafrF,18.0,1083.0,17.0,1056.0,HTTPS
1720729127.133482,CJKnNo1E2O3xHTJGKe,192.168.1.6,45782.0,192.168.1.4,21.0,tcp,11.211579084396362,118.0,188.0,SF,1.0,1.0,0.0,ShAdDafrF,18.0,1062.0,17.0,1056.0,FTP
1720727973.887233,Cf1rWp2tU4PPv5OrP,192.168.1.4,48583.0,192.168.1.1,53.0,udp,11.211579084396362,118.0,188.0,SF,1.0,1.0,0.0,ShAdDafrF,18.0,1062.0,17.0,1056.0,DNS
1720729152.934028,Cm1JpY3AVDZfqqaC94,192.168.1.6,38998.0,192.168.1.4,21.0,tcp,9.957952976226808,119.0,188.0,SF,1.0,1.0,0.0,ShAdDafrF,18.0,1063.0,17.0,1056.0,FTP
1720727835.246207,CvQyIm12q4YhTcKq8d,192.168.1.6,42432.0,192.168.1.4,21.0,tcp,9.95241904258728,118.0,188.0,SF,1.0,1.0,0.0,ShAdDafFr,18.0,1062.0,17.0,1056.0,FTP
1720728095.42235,CVlGGE1h9LK5DIvmMl,192.168.1.4,48836.0,192.168.1.1,53.0,udp,9.95241904258728,118.0,188.0,SF,1.0,1.0,0.0,ShAdDafFr,18.0,1062.0,17.0,1056.0,DNS
1720728771.458463,C8JoTqlo6pV0Xaugk,192.168.1.6,33074.0,192.168.1.4,21.0,tcp,9.584278106689451,124.0,188.0,SF,1.0,1.0,0.0,ShAdDafFr,18.0,1068.0,17.0,1056.0,FTP
1720728945.341469,CysJH02pcZUmUizrm7,192.168.1.6,37566.0,192.168.1.4,21.0,tcp,8.630713939666748,124.0,188.0,SF,1.0,1.0,0.0,ShAdDafrF,18.0,1068.0,17.0,1056.0,FTP
1720731475.049432,CmuRdO2YWgjCVWsZP8,192.168.1.6,42232.0,192.168.1.4,21.0,tcp,9.4271559715271,159.0,188.0,SF,1.0,1.0,0.0,ShAdDafrF,18.0,1103.0,17.0,1056.0,FTP
1720727734.396164,Cnkfp54V4Zr4rABEEb,192.168.1.4,41677.0,104.18.10.207,443.0,tcp,9.4271559715271,159.0,188.0,SF,1.0,1.0,0.0,IIiiiIhhhHhHH,18.0,1103.0,17.0,1056.0,HTTPS
1720727884.976921,CCmEhG4pg3brvbHZq7,192.168.1.4,33384.0,104.244.42.131,443.0,tcp,9.4271559715271,159.0,188.0,SF,1.0,1.0,0.0,IIiiiIhhhHhHH,18.0,1103.0,17.0,1056.0,HTTPS
1720731207.392651,CD7s1c1kdxvd1EPw7a,192.168.1.6,58430.0,192.168.1.4,21.0,tcp,9.700098037719728,114.0,188.0,SF,1.0,1.0,0.0,ShAdDafFr,18.0,1058.0,17.0,1056.0,FTP
1720730098.695227,CCAaCE2yYsBwNmdAXb,192.168.1.6,48936.0,192.168.1.4,21.0,tcp,9.92279815673828,130.0,188.0,SF,1.0,1.0,0.0,ShAdDafrF,18.0,1074.0,17.0,1056.0,FTP
1720727824.613365,CRMDbM2LX2cpQJFB13,192.168.1.4,35106.0,192.168.1.1,53.0,udp,0.00177001953125,65.0,122.0,SF,1.0,1.0,0.0,Dd,1.0,93.0,1.0,150.0,DNS
1720727765.816154,Cie1sa2jBorqwij6Pf,192.168.1.4,43685.0,192.168.1.1,53.0,udp,0.00177001953125,65.0,122.0,SF,1.0,1.0,0.0,Dd,1.0,93.0,1.0,150.0,DNS
1720728125.036827,ChROWj2Db6UWzFg4m8,192.168.1.4,44074.0,142.251.32.104,443.0,udp,0.00177001953125,65.0,122.0,SF,1.0,1.0,0.0,IIiiiIhhhHHhH,1.0,93.0,1.0,150.0,HTTPS
1720728840.100953,CDxoWq1tlFTyjHx0zi,192.168.1.6,51762.0,192.168.1.4,21.0,tcp,9.398279905319214,133.0,188.0,SF,1.0,1.0,0.0,ShAdDafFr,18.0,1077.0,17.0,1056.0,FTP
1720729636.524558,CqABT03B4SQYRaWXeb,192.168.1.6,47518.0,192.168.1.4,21.0,tcp,8.892220973968506,124.0,188.0,SF,1.0,1.0,0.0,ShAdDafrF,18.0,1068.0,17.0,1056.0,FTP
1720728271.866772,C9GWQ53HOUOdCThzo,192.168.1.4,58215.0,192.168.1.1,53.0,udp,0.001683950424194,70.0,635.0,SF,1.0,1.0,0.0,Dd,1.0,98.0,1.0,663.0,DNS
1720731662.558017,CrlT7r0VCsznjOvc1,192.168.1.6,44124.0,192.168.1.4,21.0,tcp,10.375743865966797,136.0,188.0,RSTR,1.0,1.0,0.0,ShAdDafr,17.0,1028.0,16.0,1016.0,FTP
1720728544.336239,CbDi1j4wZeYKvbKrwd,192.168.1.6,33030.0,192.168.1.4,21.0,tcp,9.629762887954712,118.0,188.0,SF,1.0,1.0,0.0,ShAdDafrF,18.0,1062.0,17.0,1056.0,FTP
1720728066.327019,CIjiLA30rE1ylA6x31,192.168.1.4,40206.0,20.114.189.135,443.0,tcp,9.629762887954712,118.0,188.0,SF,1.0,1.0,0.0,ShAdDafrF,18.0,1062.0,17.0,1056.0,HTTPS
1720727795.440787,CqPlbo4KnLj7yJHqFf,192.168.1.4,35675.0,192.168.1.1,53.0,udp,9.629762887954712,118.0,188.0,SF,1.0,1.0,0.0,ShAdDafrF,18.0,1062.0,17.0,1056.0,DNS
1720728726.548558,C97ELj4UnMYHh5TMLi,192.168.1.6,59548.0,192.168.1.4,21.0,tcp,10.55933690071106,134.0,188.0,SF,1.0,1.0,0.0,ShAdDafrF,18.0,1078.0,17.0,1056.0,FTP
1720731234.058409,C4E2541vjKgC8kxn5k,192.168.1.6,34986.0,192.168.1.4,21.0,tcp,10.041883945465088,150.0,188.0,SF,1.0,1.0,0.0,ShAdDafrF,18.0,1094.0,17.0,1056.0,FTP
1720727764.854689,C5GluU2NkZkWQJLt8c,192.168.1.4,37744.0,35.208.249.213,443.0,tcp,0.040969133377075,0.0,0.0,RSTO,1.0,0.0,0.0,ShR,2.0,100.0,1.0,60.0,HTTPS
1720728425.503418,CtLi9QOFOvRJsO1Z2,192.168.1.6,50448.0,192.168.1.4,21.0,tcp,10.949226140975952,118.0,188.0,SF,1.0,1.0,0.0,ShAdDafrF,18.0,1062.0,17.0,1056.0,FTP
1720731821.206546,CNFr5J2M6rZvBWYZ64,192.168.1.6,42410.0,192.168.1.4,21.0,tcp,10.848068952560425,159.0,188.0,SF,1.0,1.0,0.0,ShAdDafrF,18.0,1103.0,17.0,1056.0,FTP
1720728125.058276,CqKlgZ1bpSA2fKJCp8,192.168.1.4,49378.0,142.250.81.238,443.0,tcp,83.69574117660522,2902.0,29011.0,SF,1.0,0.0,0.0,ShADadFf,28.0,4366.0,35.0,30839.0,HTTPS
1720729846.637035,C8ELvTqHDOj8bIZlj,192.168.1.6,41788.0,192.168.1.4,21.0,tcp,10.785513162612917,118.0,188.0,SF,1.0,1.0,0.0,ShAdDafrF,18.0,1062.0,17.0,1056.0,FTP
1720730401.009429,CMypTa19lpBHVk0qu2,192.168.1.6,34072.0,192.168.1.4,21.0,tcp,10.293741941452026,126.0,188.0,SF,1.0,1.0,0.0,ShAdDafFr,18.0,1070.0,17.0,1056.0,FTP
1720727758.834024,Cnhy7X2868qDjohARb,192.168.1.6,52114.0,192.168.1.4,21.0,tcp,9.8493230342865,118.0,188.0,SF,1.0,1.0,0.0,ShAdDafrF,18.0,1062.0,17.0,1056.0,FTP
1720730943.632498,CK2ZFg1WPwqJkFVfw6,192.168.1.6,56770.0,192.168.1.4,21.0,tcp,9.317627906799316,131.0,188.0,SF,1.0,1.0,0.0,ShAdDafrF,18.0,1075.0,17.0,1056.0,FTP
1720728096.086143,C5XDuf2mzFjy7tH741,192.168.1.4,34770.0,103.28.250.204,443.0,tcp,61.22120690345764,1850.0,5666.0,RSTO,1.0,0.0,0.0,ShADadfR,12.0,2482.0,12.0,6298.0,HTTPS
1720730238.116286,Cvdbzm2LufZlUuwm79,192.168.1.6,35208.0,192.168.1.4,21.0,tcp,11.436482906341553,126.0,188.0,SF,1.0,1.0,0.0,ShAdDafrF,18.0,1070.0,17.0,1056.0,FTP
1720727794.626167,CnNI3y2ZkxvOOVKSch,192.168.1.4,59488.0,142.251.40.130,443.0,tcp,11.436482906341553,126.0,188.0,SF,1.0,1.0,0.0,ShAdDafrF,18.0,1070.0,17.0,1056.0,HTTPS
1720728437.946163,CxUc395lcQHUfqoHk,192.168.1.6,44242.0,192.168.1.4,21.0,tcp,9.842530012130736,117.0,188.0,SF,1.0,1.0,0.0,ShAdDafFr,18.0,1061.0,17.0,1056.0,FTP
1720731024.946704,CbNVfl2VnNXOmhIUgl,192.168.1.6,43436.0,192.168.1.4,21.0,tcp,10.758939981460571,123.0,188.0,SF,1.0,1.0,0.0,ShAdDafrF,18.0,1067.0,17.0,1056.0,FTP
1720727825.116523,C04q0M1DwR6VEylHD,192.168.1.4,42500.0,142.250.80.34,443.0,udp,0.116896867752075,4597.0,9439.0,SF,1.0,0.0,0.0,Dd,10.0,4877.0,13.0,9803.0,HTTPS
1720727884.871971,CCQGxQ12S4ReDkQTl7,192.168.1.4,59917.0,192.168.1.1,53.0,udp,0.116896867752075,4597.0,9439.0,SF,1.0,0.0,0.0,Dd,10.0,4877.0,13.0,9803.0,DNS
1720731433.234609,CzT5SHHGPXK1V2zzg,192.168.1.4,60556.0,185.125.190.96,80.0,tcp,0.165699005126953,88.0,185.0,SF,1.0,0.0,0.0,ShADdfFa,5.0,356.0,4.0,401.0,HTTP
1720728125.413374,Cm0jzW2BfiXY2Xg3Dj,192.168.1.4,38008.0,192.168.1.1,53.0,udp,0.165699005126953,88.0,185.0,SF,1.0,0.0,0.0,ShADdfFa,5.0,356.0,4.0,401.0,DNS
1720727739.45847,CL0UK24caCQgWR2nOl,192.168.1.4,33921.0,216.239.36.178,443.0,udp,0.165699005126953,88.0,185.0,SF,1.0,0.0,0.0,ShADdfFa,5.0,356.0,4.0,401.0,HTTPS
1720728305.159273,CpAaKg3LMKcKXUxvA9,192.168.1.4,45531.0,192.168.1.1,53.0,udp,0.165699005126953,88.0,185.0,SF,1.0,0.0,0.0,ShADdfFa,5.0,356.0,4.0,401.0,DNS
1720727853.840884,CMQjn03t6ca5r8I5Y1,192.168.1.4,49106.0,192.168.1.1,53.0,udp,0.020864009857177,48.0,154.0,SF,1.0,1.0,0.0,Dd,1.0,76.0,1.0,182.0,DNS
1720727884.166008,ClncHR1sye1MiCbKXe,192.168.1.4,60750.0,192.168.1.1,53.0,udp,0.25815200805664,43.0,192.0,SF,1.0,1.0,0.0,Dd,1.0,71.0,1.0,220.0,DNS
1720730782.487283,CQzt9e4X9bV9v7NaAh,192.168.1.6,58096.0,192.168.1.4,21.0,tcp,9.34922695159912,122.0,188.0,SF,1.0,1.0,0.0,ShAdDafrF,18.0,1066.0,17.0,1056.0,FTP
1720731106.750918,CeKS8PsiIZtImVdCc,192.168.1.6,40344.0,192.168.1.4,21.0,tcp,10.3651921749115,109.0,188.0,SF,1.0,1.0,0.0,ShAdDafFr,18.0,1053.0,17.0,1056.0,FTP
1720728034.878602,C2OsnB4eUOXCmQLQle,192.168.1.4,48931.0,192.168.1.1,53.0,udp,0.004332065582275,43.0,250.0,SF,1.0,1.0,0.0,Dd,1.0,71.0,1.0,278.0,DNS
1720730515.544078,CpFj8P1kYrALaqQeY2,192.168.1.6,46258.0,192.168.1.4,21.0,tcp,10.509732961654665,123.0,188.0,SF,1.0,1.0,0.0,ShAdDafrF,18.0,1067.0,17.0,1056.0,FTP
1720727885.310441,CemzCN2aBcJ1gxyeif,192.168.1.4,60959.0,142.251.40.110,443.0,tcp,10.509732961654665,123.0,188.0,SF,1.0,1.0,0.0,ShAdDafrF,18.0,1067.0,17.0,1056.0,HTTPS
1720728053.122202,CxpHqI2hyGT83NovN6,192.168.1.6,46020.0,192.168.1.4,21.0,tcp,9.594953060150146,117.0,188.0,SF,1.0,1.0,0.0,ShAdDafrF,18.0,1061.0,17.0,1056.0,FTP
1720728096.389221,CzIWFZ2iWF6daPBzW5,192.168.1.4,56771.0,192.168.1.1,53.0,udp,9.594953060150146,117.0,188.0,SF,1.0,1.0,0.0,ShAdDafrF,18.0,1061.0,17.0,1056.0,DNS
1720728094.527769,Cnw6yh3bUUqTCh6bZe,192.168.1.4,47110.0,192.168.1.1,53.0,udp,9.594953060150146,117.0,188.0,SF,1.0,1.0,0.0,ShAdDafrF,18.0,1061.0,17.0,1056.0,DNS
1720731608.757633,CCJyAh1Y44y1lJTU1k,192.168.1.6,37962.0,192.168.1.4,21.0,tcp,9.94188404083252,175.0,188.0,SF,1.0,1.0,0.0,ShAdDafrF,18.0,1119.0,17.0,1056.0,FTP
1720728268.935277,CCUXML1nNGvGn7zVHc,192.168.1.6,34722.0,192.168.1.4,21.0,tcp,10.360482931137083,118.0,188.0,SF,1.0,1.0,0.0,ShAdDafrF,18.0,1062.0,17.0,1056.0,FTP
1720728154.729652,CNuTVynVVMT17Htc,192.168.1.4,40546.0,103.10.4.227,443.0,tcp,10.360482931137083,118.0,188.0,SF,1.0,1.0,0.0,ShAdDafrF,18.0,1062.0,17.0,1056.0,HTTPS
1720731656.341505,C7sEVr1JMXWFFmbR1i,192.168.1.6,44050.0,192.168.1.4,21.0,tcp,10.430898904800417,153.0,188.0,SF,1.0,1.0,0.0,ShAdDafFr,18.0,1097.0,17.0,1056.0,FTP
1720730837.840224,CxU412tdWd3NuKo81,192.168.1.6,40770.0,192.168.1.4,21.0,tcp,9.944798946380615,127.0,188.0,SF,1.0,1.0,0.0,ShAdDafrF,18.0,1071.0,17.0,1056.0,FTP
1720728623.772817,C2N9yDwFAAIwHuhfb,192.168.1.6,36664.0,192.168.1.4,21.0,tcp,10.107630014419556,124.0,188.0,SF,1.0,1.0,0.0,ShAdDafrF,18.0,1068.0,17.0,1056.0,FTP
1720731108.08966,CHSVrl2wD91TyYItRf,192.168.1.6,40456.0,192.168.1.4,21.0,tcp,10.404757976531982,116.0,188.0,SF,1.0,1.0,0.0,ShAdDafFr,18.0,1060.0,17.0,1056.0,FTP
1720731930.901996,CAWMaz2Fr6iW6G0p7k,192.168.1.6,37682.0,192.168.1.4,21.0,tcp,8.92135500907898,183.0,188.0,SF,1.0,1.0,0.0,ShAdDafrF,18.0,1127.0,17.0,1056.0,FTP
1720728921.449095,CHkkhd4Wiw1OBuuUWd,192.168.1.6,50576.0,192.168.1.4,21.0,tcp,9.084618091583252,147.0,188.0,SF,1.0,1.0,0.0,ShAdDafrF,18.0,1091.0,17.0,1056.0,FTP
1720730833.233364,CacQvvnM6BcDLLXc2,192.168.1.4,34384.0,192.168.1.1,53.0,udp,9.084618091583252,147.0,188.0,SF,1.0,1.0,0.0,ShAdDafrF,18.0,1091.0,17.0,1056.0,DNS
1720731745.775594,CYKgiojDWXNW7ar83,192.168.1.6,40450.0,192.168.1.4,21.0,tcp,10.705244064331056,178.0,188.0,SF,1.0,1.0,0.0,ShAdDafrF,18.0,1122.0,17.0,1056.0,FTP
1720731255.86232,CewhCR1BBDVBIFPq1,192.168.1.6,53372.0,192.168.1.4,21.0,tcp,10.564382076263428,170.0,188.0,SF,1.0,1.0,0.0,ShAdDafrF,18.0,1114.0,17.0,1056.0,FTP
1720728798.412014,CSvviq1rRsINMLRH7d,192.168.1.6,45116.0,192.168.1.4,21.0,tcp,9.433820009231567,118.0,188.0,SF,1.0,1.0,0.0,ShAdDafFr,18.0,1062.0,17.0,1056.0,FTP
1720728216.273414,CF9ZPK3MchbSsyIsRe,192.168.1.4,55170.0,162.159.133.233,443.0,tcp,9.433820009231567,118.0,188.0,SF,1.0,1.0,0.0,ShAdDafFr,18.0,1062.0,17.0,1056.0,HTTPS
1720727854.278297,CFJLL84J3wvzItKsvh,192.168.1.4,56060.0,142.250.65.163,443.0,tcp,9.433820009231567,118.0,188.0,SF,1.0,1.0,0.0,ShAdDafFr,18.0,1062.0,17.0,1056.0,HTTPS
1720731369.520706,CxxCZw2PjYOBWKjU0d,192.168.1.6,56802.0,192.168.1.4,21.0,tcp,9.908030033111572,163.0,188.0,SF,1.0,1.0,0.0,ShAdDafrF,18.0,1107.0,17.0,1056.0,FTP
1720727768.637118,C7yufP2iqXJoxYORq8,192.168.1.6,53374.0,192.168.1.4,21.0,tcp,8.699239015579224,118.0,188.0,SF,1.0,1.0,0.0,ShAdDafFr,18.0,1062.0,17.0,1056.0,FTP
1720729442.979399,CfO6Aq1mQXGZLJMDs6,192.168.1.6,55546.0,192.168.1.4,21.0,tcp,11.207749128341677,132.0,188.0,SF,1.0,1.0,0.0,ShAdDafrF,18.0,1076.0,17.0,1056.0,FTP
1720728563.701296,CEtbo64QXYsLxYCb8,192.168.1.6,38050.0,192.168.1.4,21.0,tcp,9.71808695793152,118.0,188.0,SF,1.0,1.0,0.0,ShAdDafFr,18.0,1062.0,17.0,1056.0,FTP
1720727825.226491,C7Lq3G3XRNpLAD0xLj,192.168.1.4,54922.0,192.168.1.1,53.0,udp,0.001898050308227,44.0,94.0,SF,1.0,1.0,0.0,Dd,1.0,72.0,1.0,122.0,DNS
1720730267.068674,C3X3IO3rFSPrLNY8Qi,192.168.1.6,45360.0,192.168.1.4,21.0,tcp,10.711380958557127,131.0,188.0,SF,1.0,1.0,0.0,ShAdDafrF,18.0,1075.0,17.0,1056.0,FTP
1720728948.003909,CJhn353PfcpRoSvoZ2,192.168.1.6,37588.0,192.168.1.4,21.0,tcp,9.21056079864502,120.0,188.0,SF,1.0,1.0,0.0,ShAdDafrF,18.0,1064.0,17.0,1056.0,FTP
1720728331.335186,CYNzcP1cLVXWrxdeo9,192.168.1.6,52282.0,192.168.1.4,21.0,tcp,11.191850900650024,118.0,188.0,SF,1.0,1.0,0.0,ShAdDafrF,18.0,1062.0,17.0,1056.0,FTP
1720728157.307573,Cvh1Ndg9fAd7MAur1,192.168.1.4,47536.0,20.114.189.135,443.0,tcp,27.369059801101685,2877.0,5896.0,RSTO,1.0,0.0,0.0,ShADadfR,14.0,3613.0,11.0,6476.0,HTTPS
1720730148.771855,CwoLHlxgZmpVDqXE6,192.168.1.6,55536.0,192.168.1.4,21.0,tcp,10.620215892791748,125.0,188.0,SF,1.0,1.0,0.0,ShAdDafrF,18.0,1069.0,17.0,1056.0,FTP
1720728034.783132,CWLxfEUhE87KDS3c6,192.168.1.4,42994.0,104.96.220.114,443.0,tcp,10.620215892791748,125.0,188.0,SF,1.0,1.0,0.0,ShAdDafrF,18.0,1069.0,17.0,1056.0,HTTPS
1720730375.596444,CAg7923dQWJDW9AsIg,192.168.1.6,33388.0,192.168.1.4,21.0,tcp,10.001779079437256,117.0,188.0,SF,1.0,1.0,0.0,ShAdDafrF,18.0,1061.0,17.0,1056.0,FTP
1720727855.682324,CS91ZI1MrdHL2910y5,192.168.1.6,42242.0,192.168.1.4,21.0,tcp,10.151095151901243,117.0,188.0,SF,1.0,1.0,0.0,ShAdDafrF,18.0,1061.0,17.0,1056.0,FTP
1720730710.164148,CxXagz4GC9Xl7BcSA6,192.168.1.6,57696.0,192.168.1.4,21.0,tcp,10.501155853271484,131.0,188.0,SF,1.0,1.0,0.0,ShAdDafrF,18.0,1075.0,17.0,1056.0,FTP
1720729057.582675,CVfjWU2gdKiAnr6M49,192.168.1.6,59908.0,192.168.1.4,21.0,tcp,10.5206880569458,129.0,188.0,SF,1.0,1.0,0.0,ShAdDafrF,18.0,1073.0,17.0,1056.0,FTP
1720729023.760562,Cj1zOi2Vj7ZVdah64k,192.168.1.6,47622.0,192.168.1.4,21.0,tcp,9.846465110778809,114.0,188.0,SF,1.0,1.0,0.0,ShAdDafrF,18.0,1058.0,17.0,1056.0,FTP
1720730295.375822,CcAAA514ItyYoIIgN2,192.168.1.6,44610.0,192.168.1.4,21.0,tcp,10.570718050003052,124.0,188.0,SF,1.0,1.0,0.0,ShAdDafrF,18.0,1068.0,17.0,1056.0,FTP
1720727763.163743,CvnGT91YkYgsfv3g1k,192.168.1.4,40703.0,23.212.250.81,443.0,tcp,10.570718050003052,124.0,188.0,SF,1.0,1.0,0.0,ShAdDafrF,18.0,1068.0,17.0,1056.0,HTTPS
1720728185.098762,CR512u4VK2gCHXAWP1,192.168.1.4,59092.0,23.205.106.81,443.0,tcp,23.66008186340332,13497.0,27522.0,SF,1.0,0.0,0.0,ShADadFRf,25.0,14781.0,29.0,29038.0,HTTPS
1720727915.096539,Cg04I3RDbYRTu8e9l,192.168.1.4,38790.0,192.184.68.228,443.0,tcp,23.66008186340332,13497.0,27522.0,SF,1.0,0.0,0.0,ShADadFRf,25.0,14781.0,29.0,29038.0,HTTPS
1720730729.638379,CMHd484rYOLtk8gLu,192.168.1.6,50896.0,192.168.1.4,21.0,tcp,10.793136835098268,130.0,188.0,SF,1.0,1.0,0.0,ShAdDafrF,18.0,1074.0,17.0,1056.0,FTP
1720728186.515133,CBnwil1TXOLZRGYaW1,192.168.1.4,52466.0,13.224.214.125,443.0,tcp,22.23300504684448,2708.0,122942.0,SF,1.0,0.0,0.0,ShADadFf,47.0,5160.0,71.0,126642.0,HTTPS
1720727943.76375,ChNmQE318NalVlZjek,192.168.1.4,36004.0,104.16.148.244,443.0,tcp,22.23300504684448,2708.0,122942.0,SF,1.0,0.0,0.0,IIZZZiiiiI,47.0,5160.0,71.0,126642.0,HTTPS
1720731454.508935,Cygflr540Y2Od4wG7,192.168.1.6,44268.0,192.168.1.4,21.0,tcp,9.89347791671753,154.0,188.0,SF,1.0,1.0,0.0,ShAdDafrF,18.0,1098.0,17.0,1056.0,FTP
1720728411.30956,CUsd5R1W8TFvqRL6Z1,192.168.1.6,38536.0,192.168.1.4,21.0,tcp,10.646767854690552,117.0,188.0,SF,1.0,1.0,0.0,ShAdDafrF,18.0,1061.0,17.0,1056.0,FTP
1720727771.66391,CmLx9P38ALQXGLNulb,192.168.1.6,53478.0,192.168.1.4,21.0,tcp,10.21508502960205,118.0,188.0,SF,1.0,1.0,0.0,ShAdDafrF,18.0,1062.0,17.0,1056.0,FTP
1720730048.639503,CPkld9Y1hhUMqCj7j,192.168.1.6,42368.0,192.168.1.4,21.0,tcp,9.66057801246643,121.0,188.0,SF,1.0,1.0,0.0,ShAdDafrF,18.0,1065.0,17.0,1056.0,FTP
1720729368.318282,CZHDd64VlVIzMbCck5,192.168.1.6,44520.0,192.168.1.4,21.0,tcp,10.924215078353882,129.0,188.0,SF,1.0,1.0,0.0,ShAdDafrF,18.0,1073.0,17.0,1056.0,FTP
1720729538.12376,ChnwEKq9v0yf3Cuyf,192.168.1.6,37712.0,192.168.1.4,21.0,tcp,10.34116005897522,134.0,188.0,SF,1.0,1.0,0.0,ShAdDafrF,18.0,1078.0,17.0,1056.0,FTP
1720730051.404037,CX5j1K5fDafzm4TU8,192.168.1.6,42436.0,192.168.1.4,21.0,tcp,9.484142065048218,129.0,188.0,SF,1.0,1.0,0.0,ShAdDafrF,18.0,1073.0,17.0,1056.0,FTP
1720731378.410543,CguUfS3m7x7zbl8eI1,192.168.1.6,46222.0,192.168.1.4,21.0,tcp,9.946666955947876,160.0,188.0,SF,1.0,1.0,0.0,ShAdDafFr,18.0,1104.0,17.0,1056.0,FTP
1720728404.089844,CFJ3Ch3c8qN37yY4pg,192.168.1.6,38490.0,192.168.1.4,21.0,tcp,10.968528985977173,117.0,188.0,SF,1.0,1.0,0.0,ShAdDafrF,18.0,1061.0,17.0,1056.0,FTP
1720728846.175911,CFmws72NjjALOXj1nk,192.168.1.6,39694.0,192.168.1.4,21.0,tcp,10.036576986312866,115.0,188.0,SF,1.0,1.0,0.0,ShAdDafrF,18.0,1059.0,17.0,1056.0,FTP
1720727796.013853,CWEl6i40KUxV8Hmc2b,192.168.1.6,57528.0,192.168.1.4,21.0,tcp,9.88907790184021,118.0,188.0,SF,1.0,1.0,0.0,ShAdDafFr,18.0,1062.0,17.0,1056.0,FTP
1720728016.761994,CQCLTN2vBjCeH9s0g4,192.168.1.6,55362.0,192.168.1.4,21.0,tcp,10.4501371383667,115.0,188.0,SF,1.0,1.0,0.0,ShAdDafrF,18.0,1059.0,17.0,1056.0,FTP
1720730576.462739,COV7hd1KncDA8ATWwf,192.168.1.6,39506.0,192.168.1.4,21.0,tcp,10.300010919570925,134.0,188.0,SF,1.0,1.0,0.0,ShAdDafrF,18.0,1078.0,17.0,1056.0,FTP
1720728839.468136,CiEJjE3EniedtIYgnj,192.168.1.6,51748.0,192.168.1.4,21.0,tcp,9.594935894012451,119.0,188.0,SF,1.0,1.0,0.0,ShAdDafrF,18.0,1063.0,17.0,1056.0,FTP
1720730120.64036,CkE7At2fCwqr6nRyN7,192.168.1.6,48332.0,192.168.1.4,21.0,tcp,9.99194884300232,122.0,188.0,SF,1.0,1.0,0.0,ShAdDafrF,18.0,1066.0,17.0,1056.0,FTP
1720728604.334712,Czgv6f4tgNmmsuTs26,192.168.1.6,34112.0,192.168.1.4,21.0,tcp,10.676121950149536,119.0,188.0,SF,1.0,1.0,0.0,ShAdDafrF,18.0,1063.0,17.0,1056.0,FTP
1720727793.454748,C21d8A41Eiyc1N9h3e,192.168.1.4,48351.0,192.168.1.1,53.0,udp,10.676121950149536,119.0,188.0,SF,1.0,1.0,0.0,ShAdDafrF,18.0,1063.0,17.0,1056.0,DNS
1720728275.020193,Cqya673uidvQKnP1f1,192.168.1.4,48370.0,192.168.1.1,53.0,udp,0.003854990005493,57.0,177.0,SF,1.0,1.0,0.0,Dd,1.0,85.0,1.0,205.0,DNS
1720728186.588515,Ch92PQs2hRFjCpB5i,192.168.1.4,38498.0,13.224.214.125,443.0,udp,0.003854990005493,57.0,177.0,SF,1.0,1.0,0.0,Dd,1.0,85.0,1.0,205.0,HTTPS
1720729779.424055,CqWkQibhhLzP4jOec,192.168.1.6,46764.0,192.168.1.4,21.0,tcp,9.26559591293335,114.0,188.0,SF,1.0,1.0,0.0,ShAdDafrF,18.0,1058.0,17.0,1056.0,FTP
1720731821.111746,Cy1N7G2criOli5MCVe,192.168.1.6,42398.0,192.168.1.4,21.0,tcp,10.866983890533447,158.0,188.0,SF,1.0,1.0,0.0,ShAdDafFr,18.0,1102.0,17.0,1056.0,FTP
1720730847.627263,CBhMsR2BI29aT886Ga,192.168.1.6,45028.0,192.168.1.4,21.0,tcp,9.36311388015747,131.0,188.0,SF,1.0,1.0,0.0,ShAdDafrF,18.0,1075.0,17.0,1056.0,FTP
1720727793.83053,CYIoIF1dcKABzIrGN9,192.168.1.4,39599.0,192.168.1.1,53.0,udp,9.36311388015747,131.0,188.0,SF,1.0,1.0,0.0,ShAdDafrF,18.0,1075.0,17.0,1056.0,DNS
1720728305.992304,CghzbQJzY8SeiDJb2,192.168.1.4,34577.0,192.168.1.1,53.0,udp,9.36311388015747,131.0,188.0,SF,1.0,1.0,0.0,ShAdDafrF,18.0,1075.0,17.0,1056.0,DNS
1720727854.005908,CKnb4k4KlfCs0w0SOb,192.168.1.4,36941.0,192.168.1.1,53.0,udp,9.36311388015747,131.0,188.0,SF,1.0,1.0,0.0,ShAdDafrF,18.0,1075.0,17.0,1056.0,DNS
1720728869.132063,Cslo3w4WekG8HNZj49,192.168.1.6,52418.0,192.168.1.4,21.0,tcp,9.680583000183104,144.0,188.0,SF,1.0,1.0,0.0,ShAdDafrF,18.0,1088.0,17.0,1056.0,FTP
1720730192.01402,CC9ur74OvBugTI9kad,192.168.1.6,53682.0,192.168.1.4,21.0,tcp,10.67579197883606,123.0,188.0,SF,1.0,1.0,0.0,ShAdDafrF,18.0,1067.0,17.0,1056.0,FTP
1720731418.009434,CYOptR2pWxLerVxda4,192.168.1.6,38984.0,192.168.1.4,21.0,tcp,10.261230945587158,156.0,188.0,SF,1.0,1.0,0.0,ShAdDafrF,18.0,1100.0,17.0,1056.0,FTP
1720729596.000733,CE3K4l3Q0FVjPUQ5i8,192.168.1.6,51178.0,192.168.1.4,21.0,tcp,10.563045024871826,111.0,188.0,SF,1.0,1.0,0.0,ShAdDafrF,18.0,1055.0,17.0,1056.0,FTP
1720729728.061061,CTaQql1RVjk20AnL9k,192.168.1.6,37962.0,192.168.1.4,21.0,tcp,9.761812210083008,123.0,188.0,SF,1.0,1.0,0.0,ShAdDafrF,18.0,1067.0,17.0,1056.0,FTP
1720728272.005179,CHTIqh1tn4alMsSyyf,192.168.1.4,58201.0,35.190.80.1,443.0,udp,0.056890964508056,2737.0,5000.0,SF,1.0,0.0,0.0,Dd,5.0,2877.0,7.0,5196.0,HTTPS
1720728211.839833,CaI87o3rakvemh2dzi,192.168.1.4,34927.0,192.168.1.1,53.0,udp,0.056890964508056,2737.0,5000.0,SF,1.0,0.0,0.0,Dd,5.0,2877.0,7.0,5196.0,DNS
1720730940.59827,CllVeAaIRB2vntXV2,192.168.1.6,40698.0,192.168.1.4,21.0,tcp,10.358994007110596,143.0,188.0,SF,1.0,1.0,0.0,ShAdDafrF,18.0,1087.0,17.0,1056.0,FTP
1720728393.278325,CLwO1Mk3tvGp2znr1,192.168.1.6,60214.0,192.168.1.4,21.0,tcp,10.721609830856323,118.0,188.0,SF,1.0,1.0,0.0,ShAdDafFr,18.0,1062.0,17.0,1056.0,FTP
1720727915.923006,CN4kMz1CY4CwXW2o3g,192.168.1.4,34470.0,192.168.1.1,53.0,udp,0.246294021606445,49.0,427.0,SF,1.0,1.0,0.0,Dd,1.0,77.0,1.0,455.0,DNS
1720727913.667506,CRKzVU125DXcSVb443,192.168.1.4,40673.0,192.168.1.1,53.0,udp,0.00117802619934,43.0,127.0,SF,1.0,1.0,0.0,Dd,1.0,71.0,1.0,155.0,DNS
1720730450.332859,C6OaDL2pP8Zg8lfjAe,192.168.1.6,44194.0,192.168.1.4,21.0,tcp,9.46160101890564,138.0,188.0,SF,1.0,1.0,0.0,ShAdDafrF,18.0,1082.0,17.0,1056.0,FTP
1720730205.127494,C4wNeoSf8kz6gzG15,192.168.1.6,59380.0,192.168.1.4,21.0,tcp,10.223490953445436,133.0,188.0,SF,1.0,1.0,0.0,ShAdDafrF,18.0,1077.0,17.0,1056.0,FTP
1720731548.068384,CC1UVl2u5d9mGIDdA,192.168.1.6,39774.0,192.168.1.4,21.0,tcp,9.98596715927124,142.0,188.0,SF,1.0,1.0,0.0,ShAdDafrF,18.0,1086.0,17.0,1056.0,FTP
1720727915.595515,CI5VKd4kXq96Mx8ku1,192.168.1.4,58484.0,192.168.1.1,53.0,udp,9.98596715927124,142.0,188.0,SF,1.0,1.0,0.0,ShAdDafrF,18.0,1086.0,17.0,1056.0,DNS
1720728064.231634,CXt1ycQEmJPFHDuzf,192.168.1.4,55327.0,192.168.1.1,53.0,udp,9.98596715927124,142.0,188.0,SF,1.0,1.0,0.0,ShAdDafrF,18.0,1086.0,17.0,1056.0,DNS
1720730255.584559,CkrYqi4a9yq6ZpH1lf,192.168.1.6,40300.0,192.168.1.4,21.0,tcp,11.183001041412354,124.0,188.0,SF,1.0,1.0,0.0,ShAdDafFr,18.0,1068.0,17.0,1056.0,FTP
1720728757.289764,CQegfY2UPsUThhcB2g,192.168.1.6,43606.0,192.168.1.4,21.0,tcp,10.801311016082764,127.0,188.0,SF,1.0,1.0,0.0,ShAdDafFr,18.0,1071.0,17.0,1056.0,FTP
1720730234.66271,CFvHPw3FehTjRzjfbk,192.168.1.6,35168.0,192.168.1.4,21.0,tcp,10.269103050231934,133.0,188.0,SF,1.0,1.0,0.0,ShAdDafFr,18.0,1077.0,17.0,1056.0,FTP
1720729794.414657,Camxqh4i8bjUFEnr6a,192.168.1.6,54240.0,192.168.1.4,21.0,tcp,9.578879833221436,113.0,188.0,SF,1.0,1.0,0.0,ShAdDafFr,18.0,1057.0,17.0,1056.0,FTP
1720729497.879117,C4s0rp1cOHOrcURSDk,192.168.1.6,43254.0,192.168.1.4,21.0,tcp,9.72915506362915,123.0,188.0,SF,1.0,1.0,0.0,ShAdDafFr,18.0,1067.0,17.0,1056.0,FTP
1720727949.155313,CSwXbD3388wKeHkDs2,192.168.1.4,52330.0,216.239.38.178,443.0,tcp,9.72915506362915,123.0,188.0,SF,1.0,1.0,0.0,ShAdDafFr,18.0,1067.0,17.0,1056.0,HTTPS
1720728225.026021,CDpzdxmDpUGRu7Gid,192.168.1.6,34538.0,192.168.1.4,21.0,tcp,10.242377996444702,117.0,188.0,SF,1.0,1.0,0.0,ShAdDafFr,18.0,1061.0,17.0,1056.0,FTP
1720730090.57199,CIBL102GBrSuFK4Ss4,192.168.1.6,33658.0,192.168.1.4,21.0,tcp,9.6078519821167,138.0,188.0,SF,1.0,1.0,0.0,ShAdDafrF,18.0,1082.0,17.0,1056.0,FTP
1720729556.881868,CkOJQ68tKKEwPGUD3,192.168.1.6,56764.0,192.168.1.4,21.0,tcp,10.01653504371643,118.0,188.0,SF,1.0,1.0,0.0,ShAdDafFr,18.0,1062.0,17.0,1056.0,FTP
1720731448.968703,C40H3z3qzsmVulXoyd,192.168.1.6,58914.0,192.168.1.4,21.0,tcp,10.706938028335571,142.0,188.0,SF,1.0,1.0,0.0,ShAdDafFr,18.0,1086.0,17.0,1056.0,FTP
1720730512.33012,CoIlHV3prpMscct1vf,192.168.1.6,60908.0,192.168.1.4,21.0,tcp,10.475859880447388,125.0,188.0,SF,1.0,1.0,0.0,ShAdDafrF,18.0,1069.0,17.0,1056.0,FTP
1720730468.96736,CkINCU1op5Hu0PHgAd,192.168.1.6,36320.0,192.168.1.4,21.0,tcp,9.950510025024414,135.0,188.0,SF,1.0,1.0,0.0,ShAdDafFr,18.0,1079.0,17.0,1056.0,FTP
1720727854.005834,Ck6Tt93k4n8fdgvDei,192.168.1.4,50427.0,192.168.1.1,53.0,udp,9.950510025024414,135.0,188.0,SF,1.0,1.0,0.0,ShAdDafFr,18.0,1079.0,17.0,1056.0,DNS
1720728184.722334,CfnXfi1FAfW6PHN90e,192.168.1.4,57606.0,192.168.1.1,53.0,udp,0.001111030578613,52.0,113.0,SF,1.0,1.0,0.0,Dd,1.0,80.0,1.0,141.0,DNS
1720727926.963982,CRhf9h118h2268jBZg,192.168.1.6,34014.0,192.168.1.4,21.0,tcp,10.046061992645264,118.0,188.0,SF,1.0,1.0,0.0,ShAdDafrF,18.0,1062.0,17.0,1056.0,FTP
1720728829.917213,CTVDwq2AmBD1hRILsf,192.168.1.6,47982.0,192.168.1.4,21.0,tcp,9.550719022750854,118.0,188.0,SF,1.0,1.0,0.0,ShAdDafrF,18.0,1062.0,17.0,1056.0,FTP
1720728918.014658,CsnTHk4Npi0MXBoaCh,192.168.1.6,50536.0,192.168.1.4,21.0,tcp,9.528103113174438,197.0,188.0,SF,1.0,1.0,0.0,ShAdDafFr,18.0,1141.0,17.0,1056.0,FTP
1720727733.793231,CdkL3A1gQDuOUIy5l1,192.168.1.4,43675.0,142.251.32.104,443.0,udp,0.080048084259033,4025.0,8798.0,SF,1.0,0.0,0.0,Dd,7.0,4221.0,10.0,9078.0,HTTPS
1720728219.949441,CpErIy22JmrOWEW8oj,192.168.1.4,53911.0,192.168.1.1,53.0,udp,0.003159999847412,39.0,202.0,SF,1.0,1.0,0.0,Dd,1.0,67.0,1.0,230.0,DNS
1720729106.954994,CDQe8i215CrQw0XvR7,192.168.1.6,46630.0,192.168.1.4,21.0,tcp,9.685724973678589,115.0,188.0,SF,1.0,1.0,0.0,ShAdDafrF,18.0,1059.0,17.0,1056.0,FTP
1720731266.371789,CFw7qDyPrLc7b3d4l,192.168.1.6,60958.0,192.168.1.4,21.0,tcp,9.86814308166504,157.0,188.0,SF,1.0,1.0,0.0,ShAdDafrF,18.0,1101.0,17.0,1056.0,FTP
1720728186.107532,CFwmo03JNpb2vcZXFd,192.168.1.4,42444.0,23.205.106.86,443.0,tcp,9.86814308166504,157.0,188.0,SF,1.0,1.0,0.0,ShAdDafrF,18.0,1101.0,17.0,1056.0,HTTPS
1720728951.57769,CZPk9J1Uy4DzNc47x6,192.168.1.6,37652.0,192.168.1.4,21.0,tcp,9.84984016418457,121.0,188.0,SF,1.0,1.0,0.0,ShAdDafFr,18.0,1065.0,17.0,1056.0,FTP
1720728223.141866,CZwKxm3MSouQIWRi5f,192.168.1.6,34522.0,192.168.1.4,21.0,tcp,10.566883087158203,118.0,188.0,SF,1.0,1.0,0.0,ShAdDafrF,18.0,1062.0,17.0,1056.0,FTP
1720728305.158968,Csyj163jGPjMUKDPWk,192.168.1.4,57244.0,192.168.1.1,53.0,udp,0.023809909820556,41.0,310.0,SF,1.0,1.0,0.0,Dd,1.0,69.0,1.0,338.0,DNS
1720730569.355951,COHS7t1TyDpaPNNMBf,192.168.1.6,33714.0,192.168.1.4,21.0,tcp,10.756206035614014,132.0,188.0,SF,1.0,1.0,0.0,ShAdDafrF,18.0,1076.0,17.0,1056.0,FTP
1720729577.535818,CpxZqP3CF1CHRiwaP2,192.168.1.6,51932.0,192.168.1.4,21.0,tcp,10.542127847671509,112.0,188.0,SF,1.0,1.0,0.0,ShAdDafrF,18.0,1056.0,17.0,1056.0,FTP
1720729906.046124,Co6r0V3LJvAaqEmIw7,192.168.1.6,43460.0,192.168.1.4,21.0,tcp,9.431924104690552,136.0,188.0,SF,1.0,1.0,0.0,ShAdDafrF,18.0,1080.0,17.0,1056.0,FTP
1720728155.067541,Ctzoyy1l6klYz5cFg5,192.168.1.4,54923.0,192.168.1.1,53.0,udp,9.431924104690552,136.0,188.0,SF,1.0,1.0,0.0,ShAdDafrF,18.0,1080.0,17.0,1056.0,DNS
1720727824.610036,CMQZC442KvcVwigdV4,192.168.1.4,36148.0,192.168.1.1,53.0,udp,9.431924104690552,136.0,188.0,SF,1.0,1.0,0.0,ShAdDafrF,18.0,1080.0,17.0,1056.0,DNS
1720727956.308239,CegDNy1UOApwonuaxa,192.168.1.4,38201.0,192.168.1.1,53.0,udp,9.431924104690552,136.0,188.0,SF,1.0,1.0,0.0,ShAdDafrF,18.0,1080.0,17.0,1056.0,DNS
1720727884.931387,CZrt9z2xJQRwCpvkc3,192.168.1.4,46578.0,192.168.1.1,53.0,udp,9.431924104690552,136.0,188.0,SF,1.0,1.0,0.0,ShAdDafrF,18.0,1080.0,17.0,1056.0,DNS
1720729288.755144,CfRfvj27bLpn0aEd7a,192.168.1.6,38168.0,192.168.1.4,21.0,tcp,10.328557014465332,115.0,188.0,SF,1.0,1.0,0.0,ShAdDafFr,18.0,1059.0,17.0,1056.0,FTP
1720729962.967277,Cl5XQk4Z94NKVMVJS7,192.168.1.6,36152.0,192.168.1.4,21.0,tcp,9.825695037841797,121.0,188.0,SF,1.0,1.0,0.0,ShAdDafFr,18.0,1065.0,17.0,1056.0,FTP
1720730025.580803,CWF18w2eIMKKNjt9q2,192.168.1.6,59186.0,192.168.1.4,21.0,tcp,9.85731816291809,132.0,188.0,SF,1.0,1.0,0.0,ShAdDafFr,18.0,1076.0,17.0,1056.0,FTP
1720729123.330227,CqUlrB45hMb3QM0wH3,192.168.1.6,45740.0,192.168.1.4,21.0,tcp,11.556173086166382,121.0,188.0,SF,1.0,1.0,0.0,ShAdDafFr,18.0,1065.0,17.0,1056.0,FTP
1720730162.741067,CP467Y3sF8GSVZPe08,192.168.1.6,40670.0,192.168.1.4,21.0,tcp,10.270739078521729,128.0,188.0,SF,1.0,1.0,0.0,ShAdDafrF,18.0,1072.0,17.0,1056.0,FTP
1720730530.734255,Cof4Ntfe23sVhvqBg,192.168.1.6,49660.0,192.168.1.4,21.0,tcp,9.839350938796995,137.0,188.0,SF,1.0,1.0,0.0,ShAdDafFr,18.0,1081.0,17.0,1056.0,FTP
1720727765.724384,C6VcvX3RMsOEEbZChh,192.168.1.4,55776.0,192.168.1.1,53.0,udp,0.010185003280639,51.0,116.0,SF,1.0,1.0,0.0,Dd,1.0,79.0,1.0,144.0,DNS
1720729337.382597,CjA5lw3Rd9Is47G4Yl,192.168.1.6,50754.0,192.168.1.4,21.0,tcp,10.366891145706177,111.0,188.0,SF,1.0,1.0,0.0,ShAdDafrF,18.0,1055.0,17.0,1056.0,FTP
1720730564.344227,CSRAeOjeUsJPlL7z1,192.168.1.6,33604.0,192.168.1.4,21.0,tcp,10.374107837677002,124.0,188.0,SF,1.0,1.0,0.0,ShAdDafrF,18.0,1068.0,17.0,1056.0,FTP
1720729675.191295,Cnpt3G1eN4nIYguXe3,192.168.1.6,54650.0,192.168.1.4,21.0,tcp,8.955973148345947,167.0,188.0,SF,1.0,1.0,0.0,ShAdDafrF,18.0,1111.0,17.0,1056.0,FTP
1720729504.330734,CwVQtWbKlJxN5FCLk,192.168.1.6,39530.0,192.168.1.4,21.0,tcp,10.68110990524292,115.0,188.0,SF,1.0,1.0,0.0,ShAdDafrF,18.0,1059.0,17.0,1056.0,FTP
1720727915.60874,CE1QpI3rXhkJswJEU6,192.168.1.4,33510.0,142.251.40.226,443.0,udp,0.125030994415283,4717.0,9227.0,SF,1.0,0.0,0.0,Dd,10.0,4997.0,13.0,9591.0,HTTPS
1720728186.532566,Cm5ewk366jp2sWxhpb,192.168.1.4,34060.0,142.250.64.102,443.0,udp,0.125030994415283,4717.0,9227.0,SF,1.0,0.0,0.0,Dd,10.0,4997.0,13.0,9591.0,HTTPS
1720728219.951559,CO5INo23pfiWBcA8hb,192.168.1.4,53701.0,192.168.1.1,53.0,udp,0.125030994415283,4717.0,9227.0,SF,1.0,0.0,0.0,Dd,10.0,4997.0,13.0,9591.0,DNS
1720727733.215552,C9UPmm4D1WhMMrLyk8,192.168.1.4,44156.0,146.75.29.229,443.0,tcp,475.5320420265198,2333.0,17815.0,SF,1.0,0.0,0.0,ShADadFfR,28.0,3773.0,31.0,19435.0,HTTPS
1720728305.839965,Cjvc644JfHlWs0AbC7,192.168.1.4,51600.0,192.168.1.1,53.0,udp,475.5320420265198,2333.0,17815.0,SF,1.0,0.0,0.0,ShADadFfR,28.0,3773.0,31.0,19435.0,DNS
1720728622.878443,CRYMRD4wl7Nkd6qEu7,192.168.1.6,37408.0,192.168.1.4,21.0,tcp,11.172472953796388,119.0,188.0,SF,1.0,1.0,0.0,ShAdDafFr,18.0,1063.0,17.0,1056.0,FTP
1720728096.408646,CPkGiw3j7fp2vLx6Zc,192.168.1.4,53786.0,142.250.81.238,443.0,tcp,60.91760778427124,1808.0,6953.0,SF,1.0,0.0,0.0,ShADadFf,12.0,2440.0,10.0,7481.0,HTTPS
1720727947.421717,CLzRFB2YUyOgtWSS93,192.168.1.6,60230.0,192.168.1.4,21.0,tcp,10.68990707397461,117.0,188.0,SF,1.0,1.0,0.0,ShAdDafFr,18.0,1061.0,17.0,1056.0,FTP
1720728154.786918,Cj98CFtsRRcd8kOxc,192.168.1.4,45784.0,192.168.1.1,53.0,udp,10.68990707397461,117.0,188.0,SF,1.0,1.0,0.0,ShAdDafFr,18.0,1061.0,17.0,1056.0,DNS
1720729826.150358,CNLGLf2nS9mICw3B5i,192.168.1.6,34312.0,192.168.1.4,21.0,tcp,10.27796506881714,121.0,188.0,SF,1.0,1.0,0.0,ShAdDafrF,18.0,1065.0,17.0,1056.0,FTP
1720728856.149398,CYdkLnHKyMYgzQ3sc,192.168.1.6,50620.0,192.168.1.4,21.0,tcp,9.315209865570068,131.0,188.0,SF,1.0,1.0,0.0,ShAdDafrF,18.0,1075.0,17.0,1056.0,FTP
1720728275.054417,CLNxy23dfBWF92JVSc,192.168.1.4,37176.0,144.80.128.33,443.0,tcp,9.315209865570068,131.0,188.0,SF,1.0,1.0,0.0,ShAdDafrF,18.0,1075.0,17.0,1056.0,HTTPS
1720731114.625889,CR0J5u2epiEHYXLJN9,192.168.1.6,57564.0,192.168.1.4,21.0,tcp,10.015413999557495,110.0,188.0,SF,1.0,1.0,0.0,ShAdDafrF,18.0,1054.0,17.0,1056.0,FTP
1720731195.249154,CM85Qvmuv0eRMrzai,192.168.1.6,35166.0,192.168.1.4,21.0,tcp,9.297422885894775,112.0,188.0,SF,1.0,1.0,0.0,ShAdDafrF,18.0,1056.0,17.0,1056.0,FTP
1720727891.308366,C2Ha271WQlFzrOtL97,192.168.1.4,60771.0,192.168.1.1,53.0,udp,0.016466856002807,41.0,176.0,SF,1.0,1.0,0.0,Dd,1.0,69.0,1.0,204.0,DNS
1720731784.133848,CcfO7Q3c6OdiX3MQCi,192.168.1.6,54988.0,192.168.1.4,21.0,tcp,10.818346977233888,169.0,188.0,SF,1.0,1.0,0.0,ShAdDafrF,18.0,1113.0,17.0,1056.0,FTP
1720728908.805547,CUCj4j3Trwl4EXVwAh,192.168.1.6,43514.0,192.168.1.4,21.0,tcp,9.347234010696411,157.0,188.0,SF,1.0,1.0,0.0,ShAdDafFr,18.0,1101.0,17.0,1056.0,FTP
1720730242.753532,C4HsoCBjMf0kz7x3k,192.168.1.6,35242.0,192.168.1.4,21.0,tcp,10.691007137298584,132.0,188.0,SF,1.0,1.0,0.0,ShAdDafFr,18.0,1076.0,17.0,1056.0,FTP
1720731045.650171,CUiif2hgMkEOsvHe5,192.168.1.6,33052.0,192.168.1.4,21.0,tcp,10.726212978363035,118.0,188.0,SF,1.0,1.0,0.0,ShAdDafrF,18.0,1062.0,17.0,1056.0,FTP
1720728096.493534,CljFyF2bEmGLzsbYL,192.168.1.4,58878.0,142.250.64.102,443.0,tcp,10.726212978363035,118.0,188.0,SF,1.0,1.0,0.0,IIiiiIhhhHHH,18.0,1062.0,17.0,1056.0,HTTPS
1720729795.833852,CmRRlq45y4zNnarAXl,192.168.1.6,54280.0,192.168.1.4,21.0,tcp,10.577770948410034,111.0,188.0,SF,1.0,1.0,0.0,ShAdDafrF,18.0,1055.0,17.0,1056.0,FTP
1720731806.157551,C5hDyX3C0bmpDRFzc6,192.168.1.6,34902.0,192.168.1.4,21.0,tcp,11.34463906288147,155.0,188.0,SF,1.0,1.0,0.0,ShAdDafrF,18.0,1099.0,17.0,1056.0,FTP
1720730556.041774,CfOwuakla7mJI8MCe,192.168.1.6,59458.0,192.168.1.4,21.0,tcp,10.142117023468018,124.0,188.0,SF,1.0,1.0,0.0,ShAdDafrF,18.0,1068.0,17.0,1056.0,FTP
1720728094.428681,CYEhvQ21dpgRKbQ4Yl,192.168.1.4,38148.0,192.168.1.1,53.0,udp,10.142117023468018,124.0,188.0,SF,1.0,1.0,0.0,ShAdDafrF,18.0,1068.0,17.0,1056.0,DNS
1720729912.903289,CMQ5Qd3OXRshCHPrOe,192.168.1.6,43580.0,192.168.1.4,21.0,tcp,10.294682025909424,124.0,188.0,SF,1.0,1.0,0.0,ShAdDafrF,18.0,1068.0,17.0,1056.0,FTP
1720727946.307768,CyQB1j6MKIbmejAG7,192.168.1.4,37966.0,192.168.1.1,53.0,udp,10.294682025909424,124.0,188.0,SF,1.0,1.0,0.0,ShAdDafrF,18.0,1068.0,17.0,1056.0,DNS
1720731093.253236,CSdB4H1IEY8sAVNHO4,192.168.1.6,43254.0,192.168.1.4,21.0,tcp,9.955886840820312,129.0,188.0,SF,1.0,1.0,0.0,ShAdDafFr,18.0,1073.0,17.0,1056.0,FTP
1720728446.475898,CyiEpg14xfLbkPn1p7,192.168.1.6,37914.0,192.168.1.4,21.0,tcp,10.072433948516846,117.0,188.0,SF,1.0,1.0,0.0,ShAdDafrF,18.0,1061.0,17.0,1056.0,FTP
1720730799.072179,CAno1U1HxIgjV79I15,192.168.1.6,47854.0,192.168.1.4,21.0,tcp,9.20836091041565,122.0,188.0,SF,1.0,1.0,0.0,ShAdDafrF,18.0,1066.0,17.0,1056.0,FTP
1720728335.956503,CEdaMm2yG1hlf7Jxl6,192.168.1.4,53254.0,104.18.32.115,443.0,udp,15.47330617904663,45746.0,15028.0,SF,1.0,0.0,0.0,Dd,54.0,47258.0,27.0,15784.0,HTTPS
1720728096.340727,CZxQSy3pq8oVm0DCLf,192.168.1.4,41498.0,192.168.1.1,53.0,udp,15.47330617904663,45746.0,15028.0,SF,1.0,0.0,0.0,Dd,54.0,47258.0,27.0,15784.0,DNS
1720730576.912002,CJyBTkgc9u0RFb053,192.168.1.6,39530.0,192.168.1.4,21.0,tcp,10.098657846450806,122.0,188.0,SF,1.0,1.0,0.0,ShAdDafFr,18.0,1066.0,17.0,1056.0,FTP
1720727884.777397,CqXSxc2U1p2HwgDi4,192.168.1.4,40386.0,192.168.1.1,53.0,udp,10.098657846450806,122.0,188.0,SF,1.0,1.0,0.0,ShAdDafFr,18.0,1066.0,17.0,1056.0,DNS
1720728064.574261,CSGHr04YcsGhmc77j,192.168.1.4,56210.0,142.250.65.202,443.0,tcp,144.1801719665527,2545.0,10146.0,SF,1.0,0.0,0.0,ShADadFf,26.0,3905.0,23.0,11350.0,HTTPS
1720728219.960544,CdB0jt1j3L8VhfUc6l,192.168.1.4,38413.0,192.168.1.1,53.0,udp,0.002672910690307,40.0,183.0,SF,1.0,1.0,0.0,Dd,1.0,68.0,1.0,211.0,DNS
1720727786.568896,CbRkB5EwpfzxZY3Ui,192.168.1.4,56476.0,104.96.220.219,443.0,udp,0.002672910690307,40.0,183.0,SF,1.0,1.0,0.0,Dd,1.0,68.0,1.0,211.0,HTTPS
1720728155.623064,CwCFAU1oKLb1mjps0b,192.168.1.4,50923.0,192.168.1.1,53.0,udp,0.130183935165405,92.0,534.0,SF,1.0,1.0,0.0,Dd,1.0,120.0,1.0,562.0,DNS
1720727914.034035,C0NDEb2GxkfrRtMU7i,192.168.1.4,39181.0,192.168.1.1,53.0,udp,0.130183935165405,92.0,534.0,SF,1.0,1.0,0.0,Dd,1.0,120.0,1.0,562.0,DNS
1720728031.067128,C95Z8w4JRMHXxUN2Dd,192.168.1.4,42164.0,192.168.1.1,53.0,udp,0.015440940856933,41.0,252.0,SF,1.0,1.0,0.0,Dd,1.0,69.0,1.0,280.0,DNS
1720730183.794563,C04MWegQ4av61nTJl,192.168.1.6,53578.0,192.168.1.4,21.0,tcp,11.057615995407104,130.0,188.0,SF,1.0,1.0,0.0,ShAdDafrF,18.0,1074.0,17.0,1056.0,FTP
1720727885.073971,CLyMs11dRCjxiA1HX7,192.168.1.4,42177.0,142.251.40.226,443.0,tcp,11.057615995407104,130.0,188.0,SF,1.0,1.0,0.0,ShAdDafrF,18.0,1074.0,17.0,1056.0,HTTPS
1720727854.239846,CxgAZt1aPgycZya0kl,192.168.1.4,34802.0,192.168.1.1,53.0,udp,11.057615995407104,130.0,188.0,SF,1.0,1.0,0.0,ShAdDafrF,18.0,1074.0,17.0,1056.0,DNS
1720728096.66921,CkGL1oFUfnRTkDhKa,192.168.1.4,56774.0,192.168.1.1,53.0,udp,11.057615995407104,130.0,188.0,SF,1.0,1.0,0.0,ShAdDafrF,18.0,1074.0,17.0,1056.0,DNS
1720729123.37266,CEP8sV1WDy52zPkRCd,192.168.1.6,45758.0,192.168.1.4,21.0,tcp,11.546130180358888,122.0,188.0,SF,1.0,1.0,0.0,ShAdDafFr,18.0,1066.0,17.0,1056.0,FTP
1720731087.76459,CmIggR3XE75CCh8CXj,192.168.1.6,51584.0,192.168.1.4,21.0,tcp,9.877120018005373,133.0,188.0,SF,1.0,1.0,0.0,ShAdDafFr,18.0,1077.0,17.0,1056.0,FTP
1720731197.782095,ChFDBr4Vc6yANQ2101,192.168.1.6,35198.0,192.168.1.4,21.0,tcp,9.519488096237184,106.0,188.0,SF,1.0,1.0,0.0,ShAdDafrF,18.0,1050.0,17.0,1056.0,FTP
1720730356.021617,Cofid43VCUKXV7TKFe,192.168.1.6,56732.0,192.168.1.4,21.0,tcp,10.556282043457031,143.0,188.0,SF,1.0,1.0,0.0,ShAdDafrF,18.0,1087.0,17.0,1056.0,FTP
1720729877.714888,Cp3Sn91yVU100zrQLd,192.168.1.6,46246.0,192.168.1.4,21.0,tcp,10.909364938735962,121.0,188.0,SF,1.0,1.0,0.0,ShAdDafrF,18.0,1065.0,17.0,1056.0,FTP
1720728859.413138,Ci1rfx2ee3QPTNcOAb,192.168.1.6,50732.0,192.168.1.4,21.0,tcp,10.05601716041565,150.0,188.0,SF,1.0,1.0,0.0,ShAdDafrF,18.0,1094.0,17.0,1056.0,FTP
1720728305.854529,C533f629SuZF1SLIZk,192.168.1.4,37317.0,192.168.1.1,53.0,udp,0.00305700302124,60.0,121.0,SF,1.0,1.0,0.0,Dd,1.0,88.0,1.0,149.0,DNS
1720727766.674865,CYBUyyzpYocs3Dvab,192.168.1.4,36114.0,52.168.117.171,443.0,tcp,129.10023093223572,3071.0,7013.0,RSTR,1.0,0.0,0.0,ShADadr,16.0,3911.0,15.0,7789.0,HTTPS
1720727733.014465,CWq9fg4ePE1P61PdW7,192.168.1.4,52036.0,172.64.152.157,443.0,tcp,129.10023093223572,3071.0,7013.0,RSTR,1.0,0.0,0.0,IIiiiiIhhHH,16.0,3911.0,15.0,7789.0,HTTPS
1720729158.150045,C6xhLz4ZFvqapEiNt2,192.168.1.6,45842.0,192.168.1.4,21.0,tcp,10.322746992111206,112.0,188.0,SF,1.0,1.0,0.0,ShAdDafrF,18.0,1056.0,17.0,1056.0,FTP
1720730623.781837,CiLx3i2It1CsvANoZ9,192.168.1.6,45032.0,192.168.1.4,21.0,tcp,9.78419589996338,123.0,188.0,SF,1.0,1.0,0.0,ShAdDafFr,18.0,1067.0,17.0,1056.0,FTP
1720728245.172272,C2oxvq4Et5ATE2L1bg,192.168.1.4,47892.0,20.84.248.18,443.0,tcp,9.78419589996338,123.0,188.0,SF,1.0,1.0,0.0,ShAdDafFr,18.0,1067.0,17.0,1056.0,HTTPS
1720729356.347226,C8xQm23BNWa9H2swKb,192.168.1.6,48486.0,192.168.1.4,21.0,tcp,9.921085119247437,126.0,188.0,SF,1.0,1.0,0.0,ShAdDafrF,18.0,1070.0,17.0,1056.0,FTP
1720731167.460575,CHFkAi1y7raES10gU5,192.168.1.6,41838.0,192.168.1.4,21.0,tcp,10.381303787231444,107.0,188.0,SF,1.0,1.0,0.0,ShAdDafFr,18.0,1051.0,17.0,1056.0,FTP
1720728781.202593,C8iazI1UX22cs2gn9j,192.168.1.6,41618.0,192.168.1.4,21.0,tcp,11.04059600830078,125.0,188.0,SF,1.0,1.0,0.0,ShAdDafrF,18.0,1069.0,17.0,1056.0,FTP
1720730255.621515,CLkbip3pQea2W7YRc3,192.168.1.6,40316.0,192.168.1.4,21.0,tcp,11.184990882873535,123.0,188.0,SF,1.0,1.0,0.0,ShAdDafrF,18.0,1067.0,17.0,1056.0,FTP
1720728687.912354,CN3zzM2uDCgNVj4fVd,192.168.1.6,55084.0,192.168.1.4,21.0,tcp,9.794075965881348,135.0,188.0,SF,1.0,1.0,0.0,ShAdDafrF,18.0,1079.0,17.0,1056.0,FTP
1720731504.423296,CDVV7W17jCCEISyv53,192.168.1.6,39514.0,192.168.1.4,21.0,tcp,9.22456192970276,135.0,188.0,SF,1.0,1.0,0.0,ShAdDafrF,18.0,1079.0,17.0,1056.0,FTP
1720728219.935989,C2wgc61Vyjcfyudb1a,192.168.1.4,38723.0,192.168.1.1,53.0,udp,9.22456192970276,135.0,188.0,SF,1.0,1.0,0.0,ShAdDafrF,18.0,1079.0,17.0,1056.0,DNS
1720727927.141676,CllhfP3UWOFMmXhpSe,192.168.1.6,34090.0,192.168.1.4,21.0,tcp,10.042510032653809,118.0,188.0,SF,1.0,1.0,0.0,ShAdDafrF,18.0,1062.0,17.0,1056.0,FTP
1720728273.065834,CL1K2x4PFsnJRN7qX3,192.168.1.4,56396.0,20.189.173.10,443.0,tcp,78.42725396156311,5655.0,6906.0,SF,1.0,0.0,0.0,ShADadFf,17.0,6547.0,13.0,7590.0,HTTPS
1720731564.578835,Ce3Wxpaqf3MkL0Sd8,192.168.1.6,39806.0,192.168.1.4,21.0,tcp,9.682796001434326,144.0,188.0,SF,1.0,1.0,0.0,ShAdDafrF,18.0,1088.0,17.0,1056.0,FTP
1720728613.781008,CWph8g4yDgmaZCfQre,192.168.1.6,37268.0,192.168.1.4,21.0,tcp,10.001844882965088,146.0,188.0,SF,1.0,1.0,0.0,ShAdDafrF,18.0,1090.0,17.0,1056.0,FTP
1720731603.328039,CkCavHsRC0ib445Q2,192.168.1.6,37920.0,192.168.1.4,21.0,tcp,10.26156497001648,154.0,188.0,SF,1.0,1.0,0.0,ShAdDafFr,18.0,1098.0,17.0,1056.0,FTP
1720731128.223692,C72zJe2Itdf55R5jCg,192.168.1.6,38844.0,192.168.1.4,21.0,tcp,9.50764799118042,109.0,188.0,SF,1.0,1.0,0.0,ShAdDafrF,18.0,1053.0,17.0,1056.0,FTP
1720730384.481759,CIF0L91LUjDEBDMxQi,192.168.1.6,35124.0,192.168.1.4,21.0,tcp,9.90171194076538,139.0,188.0,SF,1.0,1.0,0.0,ShAdDafrF,18.0,1083.0,17.0,1056.0,FTP
1720730232.75782,CEMbpN2eMAELaQxl5d,192.168.1.6,47146.0,192.168.1.4,21.0,tcp,10.781084060668944,126.0,188.0,SF,1.0,1.0,0.0,ShAdDafFr,18.0,1070.0,17.0,1056.0,FTP
1720728305.990984,CuVlN926wnfbScupY9,192.168.1.4,54906.0,142.251.32.102,443.0,tcp,10.781084060668944,126.0,188.0,SF,1.0,1.0,0.0,ShAdDafFr,18.0,1070.0,17.0,1056.0,HTTPS
1720728081.763932,CUp5QA2jMJEdKe0sD3,192.168.1.6,52126.0,192.168.1.4,21.0,tcp,9.55927300453186,118.0,188.0,SF,1.0,1.0,0.0,ShAdDafrF,18.0,1062.0,17.0,1056.0,FTP
1720727765.801982,CVtBNC2XcDSubMcaja,192.168.1.4,36860.0,172.64.151.101,443.0,tcp,400.103814125061,2534.0,6395.0,SF,1.0,0.0,0.0,ShADadFf,23.0,3738.0,23.0,7599.0,HTTPS
1720731899.177168,Cbw6rT1umoEkYOwoL7,192.168.1.6,37054.0,192.168.1.4,21.0,tcp,9.91227412223816,152.0,188.0,SF,1.0,1.0,0.0,ShAdDafrF,18.0,1096.0,17.0,1056.0,FTP
1720729871.073192,CRPgRf2QFPdg2bLomd,192.168.1.6,51922.0,192.168.1.4,21.0,tcp,10.006474018096924,124.0,188.0,SF,1.0,1.0,0.0,ShAdDafrF,18.0,1068.0,17.0,1056.0,FTP
1720727643.191501,CcsgX84drbpBrCqPo6,192.168.1.4,37132.0,23.205.106.154,443.0,tcp,300.5637011528015,2637.0,127635.0,SF,1.0,0.0,10833.0,ShADadgFfR,48.0,5117.0,67.0,131127.0,HTTPS
1720729823.586993,CtlUUe3mbm0yET2Gl9,192.168.1.6,34272.0,192.168.1.4,21.0,tcp,10.463093042373655,127.0,188.0,SF,1.0,1.0,0.0,ShAdDafrF,18.0,1071.0,17.0,1056.0,FTP
1720727914.188108,CXFDrtrU6nOMTTVei,192.168.1.4,40169.0,192.168.1.1,53.0,udp,10.463093042373655,127.0,188.0,SF,1.0,1.0,0.0,ShAdDafrF,18.0,1071.0,17.0,1056.0,DNS
1720731107.782442,CflD6a3KGqiznAbTg6,192.168.1.6,40388.0,192.168.1.4,21.0,tcp,10.59865379333496,117.0,188.0,SF,1.0,1.0,0.0,ShAdDafrF,18.0,1061.0,17.0,1056.0,FTP
1720731891.092639,CzGC0gJYHFeyeC0n1,192.168.1.6,59840.0,192.168.1.4,21.0,tcp,10.421555042266846,162.0,188.0,SF,1.0,1.0,0.0,ShAdDafrF,18.0,1106.0,17.0,1056.0,FTP
1720727823.774939,CtpH0127vphaD8LoAb,192.168.1.6,52128.0,192.168.1.4,21.0,tcp,10.753379821777344,118.0,188.0,SF,1.0,1.0,0.0,ShAdDafrF,18.0,1062.0,17.0,1056.0,FTP
1720728310.953237,CFm5lh3zblvhIonx67,192.168.1.6,45724.0,192.168.1.4,21.0,tcp,9.86685585975647,118.0,188.0,SF,1.0,1.0,0.0,ShAdDafrF,18.0,1062.0,17.0,1056.0,FTP
1720727884.943854,CWmldaXbcd0CHNlb,192.168.1.4,37357.0,192.168.1.1,53.0,udp,0.005131959915161,56.0,330.0,SF,1.0,1.0,0.0,Dd,1.0,84.0,1.0,358.0,DNS
1720728757.175795,CaeOid2tBVMPtwEFl9,192.168.1.6,43582.0,192.168.1.4,21.0,tcp,10.799860954284668,124.0,188.0,SF,1.0,1.0,0.0,ShAdDafrF,18.0,1068.0,17.0,1056.0,FTP
1720729410.666665,CCzcMg3v844DsulOsb,192.168.1.6,36850.0,192.168.1.4,21.0,tcp,9.62201189994812,123.0,188.0,SF,1.0,1.0,0.0,ShAdDafrF,18.0,1067.0,17.0,1056.0,FTP
1720731592.7442,C5gKFg2JhtEA6spjvi,192.168.1.6,47740.0,192.168.1.4,21.0,tcp,9.5520339012146,151.0,188.0,SF,1.0,1.0,0.0,ShAdDafFr,18.0,1095.0,17.0,1056.0,FTP
1720728124.733611,C0EdEs4rJyFZdi7AWg,192.168.1.4,39112.0,18.238.4.35,443.0,tcp,9.5520339012146,151.0,188.0,SF,1.0,1.0,0.0,ShAdDafFr,18.0,1095.0,17.0,1056.0,HTTPS
1720727884.298434,C5aQSg231kbRYuxja5,192.168.1.4,33828.0,13.224.207.4,443.0,tcp,240.04571294784543,2506.0,6747.0,SF,1.0,0.0,0.0,ShADadfF,19.0,3502.0,21.0,7847.0,HTTPS
1720730285.19432,CHbZZJ1kzp33pYbJT8,192.168.1.6,50984.0,192.168.1.4,21.0,tcp,10.181389093399048,118.0,188.0,SF,1.0,1.0,0.0,ShAdDafrF,18.0,1062.0,17.0,1056.0,FTP
1720730847.796718,C7kb0d1FNVmX8M9SSj,192.168.1.6,45056.0,192.168.1.4,21.0,tcp,9.409704208374023,123.0,188.0,SF,1.0,1.0,0.0,ShAdDafFr,18.0,1067.0,17.0,1056.0,FTP
1720728289.785786,CYNUF43faWJfGwqL3e,192.168.1.6,43584.0,192.168.1.4,21.0,tcp,10.219382047653198,118.0,188.0,SF,1.0,1.0,0.0,ShAdDafrF,18.0,1062.0,17.0,1056.0,FTP
1720727793.673943,CmX81N2zsb9H2Wnni1,192.168.1.6,57448.0,192.168.1.4,21.0,tcp,10.73661184310913,118.0,188.0,SF,1.0,1.0,0.0,ShAdDafrF,18.0,1062.0,17.0,1056.0,FTP
1720727829.350716,Ctg44q1ji9nBlLTlR4,192.168.1.4,53630.0,20.114.189.135,443.0,tcp,10.73661184310913,118.0,188.0,SF,1.0,1.0,0.0,ShAdDafrF,18.0,1062.0,17.0,1056.0,HTTPS
1720730257.428425,Ck65DQ17leLynKll8j,192.168.1.6,40350.0,192.168.1.4,21.0,tcp,11.409045934677124,122.0,188.0,SF,1.0,1.0,0.0,ShAdDafrF,18.0,1066.0,17.0,1056.0,FTP
1720729606.476879,CZesXf2GjY047xVwh6,192.168.1.6,48534.0,192.168.1.4,21.0,tcp,9.206821203231812,109.0,188.0,SF,1.0,1.0,0.0,ShAdDafrF,18.0,1053.0,17.0,1056.0,FTP
1720729874.777596,Ch4sKa3c9QgbHoMRhl,192.168.1.6,46214.0,192.168.1.4,21.0,tcp,9.994539976119995,129.0,188.0,SF,1.0,1.0,0.0,ShAdDafrF,18.0,1073.0,17.0,1056.0,FTP
1720729226.244127,CzxY8aayhyRKOV6R,192.168.1.6,34986.0,192.168.1.4,21.0,tcp,10.641248941421509,123.0,188.0,SF,1.0,1.0,0.0,ShAdDafrF,18.0,1067.0,17.0,1056.0,FTP
1720728392.595467,CrviFf2Y2Zrssz9EZ5,192.168.1.6,56634.0,192.168.1.4,21.0,tcp,11.1108717918396,118.0,188.0,SF,1.0,1.0,0.0,ShAdDafrF,18.0,1062.0,17.0,1056.0,FTP
1720731231.457842,CiGAIw3q8gmuD7o8I3,192.168.1.6,48724.0,192.168.1.4,21.0,tcp,9.112602949142456,122.0,188.0,SF,1.0,1.0,0.0,ShAdDafrF,18.0,1066.0,17.0,1056.0,FTP
1720731266.759238,CqFEsJ1I7pwyjh93a5,192.168.1.6,32792.0,192.168.1.4,21.0,tcp,9.157648086547852,167.0,188.0,SF,1.0,1.0,0.0,ShAdDafrF,18.0,1111.0,17.0,1056.0,FTP
1720728245.974499,C9YxfW2kcrt2hV7YWk,192.168.1.6,50812.0,192.168.1.4,21.0,tcp,11.014544010162354,118.0,188.0,SF,1.0,1.0,0.0,ShAdDafFr,18.0,1062.0,17.0,1056.0,FTP
1720731931.04449,C5owcF1uNQdiaMlORh,192.168.1.6,37684.0,192.168.1.4,21.0,tcp,8.753511905670166,204.0,188.0,SF,1.0,1.0,0.0,ShAdDafrF,18.0,1148.0,17.0,1056.0,FTP
1720731292.597069,CDBJ9l3iWl0GiarNHf,192.168.1.6,50188.0,192.168.1.4,21.0,tcp,9.977045059204102,185.0,188.0,SF,1.0,1.0,0.0,ShAdDafrF,18.0,1129.0,17.0,1056.0,FTP
1720729972.770355,C8pOX82FXxAPr7CEE,192.168.1.6,36274.0,192.168.1.4,21.0,tcp,10.640628099441528,124.0,188.0,SF,1.0,1.0,0.0,ShAdDafrF,18.0,1068.0,17.0,1056.0,FTP
1720731225.900253,CnUlzw2qytxQeDVm57,192.168.1.6,48656.0,192.168.1.4,21.0,tcp,10.203346967697144,121.0,188.0,SF,1.0,1.0,0.0,ShAdDafrF,18.0,1065.0,17.0,1056.0,FTP
1720730657.197336,Cj4rS43hwWmzhHSFDh,192.168.1.6,44650.0,192.168.1.4,21.0,tcp,10.531991958618164,143.0,188.0,SF,1.0,1.0,0.0,ShAdDafrF,18.0,1087.0,17.0,1056.0,FTP
1720729788.679539,CTaRuq3gZHFioUkGmb,192.168.1.6,60776.0,192.168.1.4,21.0,tcp,9.57401204109192,113.0,188.0,SF,1.0,1.0,0.0,ShAdDafrF,18.0,1057.0,17.0,1056.0,FTP
1720729922.219672,Co5Fc862zdGHNd4m8,192.168.1.6,45590.0,192.168.1.4,21.0,tcp,9.0118989944458,121.0,188.0,SF,1.0,1.0,0.0,ShAdDafFr,18.0,1065.0,17.0,1056.0,FTP
1720729966.68997,Cxl5Kw3Es0ceyr7qvi,192.168.1.6,36194.0,192.168.1.4,21.0,tcp,9.106369972229004,127.0,188.0,SF,1.0,1.0,0.0,ShAdDafrF,18.0,1071.0,17.0,1056.0,FTP
1720727853.941179,Cjp6jm3vQBq4Aju8W3,192.168.1.4,44790.0,146.75.30.208,443.0,tcp,9.106369972229004,127.0,188.0,SF,1.0,1.0,0.0,ShAdDafrF,18.0,1071.0,17.0,1056.0,HTTPS
1720730782.795593,CTrphi1loOuCRT5ti5,192.168.1.6,58104.0,192.168.1.4,21.0,tcp,9.622583866119385,126.0,188.0,SF,1.0,1.0,0.0,ShAdDafFr,18.0,1070.0,17.0,1056.0,FTP
1720729817.086051,CHaP8e1HOq8pWuKlEl,192.168.1.6,34360.0,192.168.1.4,21.0,tcp,10.102236032485962,126.0,188.0,SF,1.0,1.0,0.0,ShAdDafrF,18.0,1070.0,17.0,1056.0,FTP
1720731002.920219,Ct862O2ayrXjiBM1La,192.168.1.6,44320.0,192.168.1.4,21.0,tcp,10.694430112838743,141.0,188.0,SF,1.0,1.0,0.0,ShAdDafrF,18.0,1085.0,17.0,1056.0,FTP
1720727854.266874,CRJtJscBhNc2gvbBj,192.168.1.4,47750.0,18.173.132.75,443.0,tcp,60.17269682884216,1894.0,6183.0,SF,1.0,0.0,0.0,ShADadFf,12.0,2526.0,12.0,6815.0,HTTPS
1720728096.303091,CSDaM64YtyiWNz5LR1,192.168.1.4,42366.0,3.163.245.4,443.0,tcp,112.45190596580504,2370.0,6541.0,SF,1.0,0.0,0.0,ShADadFf,17.0,3262.0,15.0,7329.0,HTTPS
1720728891.24497,CwzLzQ1ZN03JVJmg5,192.168.1.6,55574.0,192.168.1.4,21.0,tcp,8.729708909988403,133.0,188.0,SF,1.0,1.0,0.0,ShAdDafrF,18.0,1077.0,17.0,1056.0,FTP
1720727914.010096,CdH73f2z5CYgQJny18,192.168.1.4,50568.0,192.168.1.1,53.0,udp,8.729708909988403,133.0,188.0,SF,1.0,1.0,0.0,ShAdDafrF,18.0,1077.0,17.0,1056.0,DNS
1720730159.343683,ChFn6b4laskP04FP51,192.168.1.6,40588.0,192.168.1.4,21.0,tcp,9.635016918182371,147.0,188.0,SF,1.0,1.0,0.0,ShAdDafrF,18.0,1091.0,17.0,1056.0,FTP
1720728770.468373,CRLIT02Usl17xXLPjg,192.168.1.6,33038.0,192.168.1.4,21.0,tcp,10.31283688545227,127.0,188.0,SF,1.0,1.0,0.0,ShAdDafrF,18.0,1071.0,17.0,1056.0,FTP
1720728125.231846,CwLRNy1XKpKOt0VQcj,192.168.1.4,37298.0,192.168.1.1,53.0,udp,10.31283688545227,127.0,188.0,SF,1.0,1.0,0.0,ShAdDafrF,18.0,1071.0,17.0,1056.0,DNS
1720727915.098289,Ck7lWR30EEvgzwUSw6,192.168.1.4,40836.0,192.168.1.1,53.0,udp,0.007410049438476,99.0,181.0,SF,1.0,1.0,0.0,Dd,1.0,127.0,1.0,209.0,DNS
1720728186.710327,CkwCYZ17yEWhevTbFl,192.168.1.4,49248.0,23.205.106.91,443.0,tcp,22.045499086380005,2511.0,311352.0,SF,1.0,0.0,0.0,ShADadtFfR,97.0,7563.0,158.0,319576.0,HTTPS
1720731187.772069,C4AIRh1vItCrvaAIJg,192.168.1.6,48992.0,192.168.1.4,21.0,tcp,10.07560110092163,115.0,188.0,SF,1.0,1.0,0.0,ShAdDafFr,18.0,1059.0,17.0,1056.0,FTP
1720727763.060492,CjGurvNSzsBaDtJLj,192.168.1.4,60172.0,204.79.197.219,443.0,tcp,60.22593092918396,2482.0,6602.0,RSTR,1.0,0.0,0.0,ShADadFr,10.0,2902.0,14.0,7174.0,HTTPS
1720728305.695172,CDLFEZ1zFsjt5EAci3,192.168.1.4,32972.0,192.168.1.1,53.0,udp,0.001626968383789,58.0,143.0,SF,1.0,1.0,0.0,Dd,1.0,86.0,1.0,171.0,DNS
1720728818.284401,CxCuwB1hfOkYz7Dwog,192.168.1.6,57250.0,192.168.1.4,21.0,tcp,9.2739679813385,133.0,188.0,SF,1.0,1.0,0.0,ShAdDafFr,18.0,1077.0,17.0,1056.0,FTP
1720731938.086112,CAl8avbDtoh0bHj14,192.168.1.6,33100.0,192.168.1.4,21.0,tcp,9.766610860824583,177.0,188.0,SF,1.0,1.0,0.0,ShAdDafFr,18.0,1121.0,17.0,1056.0,FTP
1720729912.55425,CqZiGG2kWEooAaVuW8,192.168.1.6,43542.0,192.168.1.4,21.0,tcp,10.163559913635254,129.0,188.0,SF,1.0,1.0,0.0,ShAdDafrF,18.0,1073.0,17.0,1056.0,FTP
1720728245.213042,CLW7oa3UXQC9Bu5mNd,192.168.1.4,33376.0,192.168.1.1,53.0,udp,0.007040977478027,46.0,46.0,SF,1.0,1.0,0.0,Dd,1.0,74.0,1.0,74.0,DNS
1720731053.29258,CMb8UnNPU3V4TLCok,192.168.1.6,56076.0,192.168.1.4,21.0,tcp,9.765830039978027,132.0,188.0,SF,1.0,1.0,0.0,ShAdDafrF,18.0,1076.0,17.0,1056.0,FTP
1720728096.379159,CECgFl4mVCdGByh9C2,192.168.1.4,59013.0,192.168.1.1,53.0,udp,9.765830039978027,132.0,188.0,SF,1.0,1.0,0.0,ShAdDafrF,18.0,1076.0,17.0,1056.0,DNS
1720730749.673889,CYLfZ32GKfFMOFeSs7,192.168.1.6,60518.0,192.168.1.4,21.0,tcp,10.025997161865234,128.0,188.0,SF,1.0,1.0,0.0,ShAdDafrF,18.0,1072.0,17.0,1056.0,FTP
1720729473.457788,COuLhS1bc275Obk9b5,192.168.1.6,49968.0,192.168.1.4,21.0,tcp,10.37841510772705,113.0,188.0,SF,1.0,1.0,0.0,ShAdDafrF,18.0,1057.0,17.0,1056.0,FTP
1720729209.007655,C3INZe4Yr63WriLuR6,192.168.1.6,56408.0,192.168.1.4,21.0,tcp,10.845600128173828,124.0,188.0,SF,1.0,1.0,0.0,ShAdDafrF,18.0,1068.0,17.0,1056.0,FTP
1720729480.546529,CRy5Ji1I1pBolFeIC9,192.168.1.6,50066.0,192.168.1.4,21.0,tcp,10.597357034683228,118.0,188.0,SF,1.0,1.0,0.0,ShAdDafrF,18.0,1062.0,17.0,1056.0,FTP
1720729552.993318,CciHke3bDvk6uGiGRh,192.168.1.6,56660.0,192.168.1.4,21.0,tcp,10.658324003219604,120.0,188.0,SF,1.0,1.0,0.0,ShAdDafFr,18.0,1064.0,17.0,1056.0,FTP
1720731633.776633,CwLs5f3IB0Wp0RLxth,192.168.1.6,42198.0,192.168.1.4,21.0,tcp,9.439702033996582,169.0,188.0,SF,1.0,1.0,0.0,ShAdDafrF,18.0,1113.0,17.0,1056.0,FTP
1720728096.390584,C6cb2p1k38Hf3YFvU3,192.168.1.4,35132.0,13.107.21.237,443.0,tcp,9.439702033996582,169.0,188.0,SF,1.0,1.0,0.0,ShAdDafrF,18.0,1113.0,17.0,1056.0,HTTPS
1720728893.538591,Cx6jIx3N0BLzHli74b,192.168.1.6,35812.0,192.168.1.4,21.0,tcp,10.366425037384031,160.0,188.0,SF,1.0,1.0,0.0,ShAdDafrF,18.0,1104.0,17.0,1056.0,FTP
1720727915.38855,CDka613UH6NaNeiGC3,192.168.1.4,53685.0,216.239.34.178,443.0,tcp,10.366425037384031,160.0,188.0,SF,1.0,1.0,0.0,ShAdDafrF,18.0,1104.0,17.0,1056.0,HTTPS
1720729714.988664,CmWhsf349R2kZm9gWd,192.168.1.6,56506.0,192.168.1.4,21.0,tcp,9.76860499382019,122.0,188.0,SF,1.0,1.0,0.0,ShAdDafrF,18.0,1066.0,17.0,1056.0,FTP
1720727733.014465,CWq9fg4ePE1P61PdW7,192.168.1.4,52036.0,172.64.152.157,443.0,tcp,9.76860499382019,122.0,188.0,SF,1.0,1.0,0.0,ShAdDafrF,18.0,1066.0,17.0,1056.0,HTTPS
1720730465.047631,CutICr4uAvJvuPCxHh,192.168.1.6,36248.0,192.168.1.4,21.0,tcp,9.64122986793518,123.0,188.0,SF,1.0,1.0,0.0,ShAdDafrF,18.0,1067.0,17.0,1056.0,FTP
1720727765.804218,CHrhKf4Jeyf5gOku95,192.168.1.4,35023.0,192.168.1.1,53.0,udp,9.64122986793518,123.0,188.0,SF,1.0,1.0,0.0,ShAdDafrF,18.0,1067.0,17.0,1056.0,DNS
1720727885.216867,Cp9GWF1yHQ6h55BBQ2,192.168.1.6,53496.0,192.168.1.4,21.0,tcp,10.356657028198242,118.0,188.0,SF,1.0,1.0,0.0,ShAdDafFr,18.0,1062.0,17.0,1056.0,FTP
1720729350.672934,CZl08Tj3YalkkrxTh,192.168.1.6,32982.0,192.168.1.4,21.0,tcp,9.862524032592772,126.0,188.0,SF,1.0,1.0,0.0,ShAdDafrF,18.0,1070.0,17.0,1056.0,FTP
1720727733.896036,CfAgxb4kwPokZ30EI6,192.168.1.4,56374.0,13.224.215.8,443.0,tcp,240.1121501922608,2437.0,102752.0,RSTO,1.0,0.0,0.0,ShADadfR,49.0,5005.0,74.0,106608.0,HTTPS
1720729795.685088,CVNajL1OwzrE2ZaKWf,192.168.1.6,54274.0,192.168.1.4,21.0,tcp,10.125272989273071,126.0,188.0,SF,1.0,1.0,0.0,ShAdDafFr,18.0,1070.0,17.0,1056.0,FTP
1720727765.66866,CVzU8z4TGWNkYgh0Og,192.168.1.4,59414.0,35.208.249.213,443.0,tcp,10.125272989273071,126.0,188.0,SF,1.0,1.0,0.0,ShAdDafFr,18.0,1070.0,17.0,1056.0,HTTPS
1720729305.784373,COULfamDNZP8w9mZ8,192.168.1.6,43800.0,192.168.1.4,21.0,tcp,9.63803005218506,135.0,188.0,SF,1.0,1.0,0.0,ShAdDafrF,18.0,1079.0,17.0,1056.0,FTP
1720730639.144296,CeemqB4O8bZ7xwR3Pd,192.168.1.6,48674.0,192.168.1.4,21.0,tcp,10.312129974365234,133.0,188.0,SF,1.0,1.0,0.0,ShAdDafrF,18.0,1077.0,17.0,1056.0,FTP
1720727775.242722,CFVXYc2uHeBzdVdxG5,192.168.1.6,35226.0,192.168.1.4,21.0,tcp,9.914943933486938,118.0,188.0,SF,1.0,1.0,0.0,ShAdDafFr,18.0,1062.0,17.0,1056.0,FTP
1720727844.99977,CaI9AN1OWUjxZZztIe,192.168.1.6,39262.0,192.168.1.4,21.0,tcp,10.608407974243164,117.0,188.0,SF,1.0,1.0,0.0,ShAdDafFr,18.0,1061.0,17.0,1056.0,FTP
1720728091.120847,C7pucc1aDcgU89fuRc,192.168.1.4,52227.0,192.168.1.1,53.0,udp,0.001872062683105,41.0,252.0,SF,1.0,1.0,0.0,Dd,1.0,69.0,1.0,280.0,DNS
1720730537.892483,CfQfxs36hmPIn4MB3c,192.168.1.6,58762.0,192.168.1.4,21.0,tcp,10.854649066925049,120.0,188.0,SF,1.0,1.0,0.0,ShAdDafrF,18.0,1064.0,17.0,1056.0,FTP
1720731749.30389,CY3t6f3pc4zulcrra5,192.168.1.6,40472.0,192.168.1.4,21.0,tcp,11.402342081069946,162.0,188.0,SF,1.0,1.0,0.0,ShAdDafrF,18.0,1106.0,17.0,1056.0,FTP
1720729327.482548,CZt8Ga4WTuWP7lyPk,192.168.1.6,54822.0,192.168.1.4,21.0,tcp,9.913908004760742,108.0,188.0,SF,1.0,1.0,0.0,ShAdDafrF,18.0,1052.0,17.0,1056.0,FTP
1720727913.616867,CS0sBE27yWw5xcD3q2,192.168.1.4,37512.0,192.168.1.1,53.0,udp,0.001739978790283,43.0,127.0,SF,1.0,1.0,0.0,Dd,1.0,71.0,1.0,155.0,DNS
1720728757.396273,CK9qep1mZ2p5oUY5ra,192.168.1.6,43616.0,192.168.1.4,21.0,tcp,10.802643060684204,129.0,188.0,SF,1.0,1.0,0.0,ShAdDafFr,18.0,1073.0,17.0,1056.0,FTP
1720729633.38635,CbVzU2wiemS9E9XU3,192.168.1.6,47496.0,192.168.1.4,21.0,tcp,9.007588148117064,113.0,188.0,SF,1.0,1.0,0.0,ShAdDafFr,18.0,1057.0,17.0,1056.0,FTP
1720728956.975023,C7ay2e2vwMXfdgCphf,192.168.1.6,60898.0,192.168.1.4,21.0,tcp,9.592740058898926,126.0,188.0,SF,1.0,1.0,0.0,ShAdDafrF,18.0,1070.0,17.0,1056.0,FTP
1720728186.43052,CL3hG2js5z7cLEWJg,192.168.1.4,45569.0,192.168.1.1,53.0,udp,9.592740058898926,126.0,188.0,SF,1.0,1.0,0.0,ShAdDafrF,18.0,1070.0,17.0,1056.0,DNS
1720727885.329545,CM24fv2LtOsFV42VP2,192.168.1.4,44326.0,35.71.131.137,443.0,udp,9.592740058898926,126.0,188.0,SF,1.0,1.0,0.0,ShAdDafrF,18.0,1070.0,17.0,1056.0,HTTPS
1720727884.541131,CblJwE2gJfoCMeMhVh,192.168.1.4,38316.0,13.224.214.56,443.0,udp,9.592740058898926,126.0,188.0,SF,1.0,1.0,0.0,ShAdDafrF,18.0,1070.0,17.0,1056.0,HTTPS
1720728523.876489,CFMPEW20oUB2oei4Mi,192.168.1.6,54490.0,192.168.1.4,21.0,tcp,10.051513195037842,116.0,188.0,SF,1.0,1.0,0.0,ShAdDafrF,18.0,1060.0,17.0,1056.0,FTP
1720729548.639166,CSRR7L3jJRY2cvbFK8,192.168.1.6,48952.0,192.168.1.4,21.0,tcp,9.74787187576294,122.0,188.0,SF,1.0,1.0,0.0,ShAdDafrF,18.0,1066.0,17.0,1056.0,FTP
1720729561.726475,CgQvvT1qHS1Tv4ILTk,192.168.1.6,56798.0,192.168.1.4,21.0,tcp,9.95966911315918,111.0,188.0,SF,1.0,1.0,0.0,ShAdDafFr,18.0,1055.0,17.0,1056.0,FTP
1720728000.647948,C51j03RpoBgrZNeJe,192.168.1.6,51310.0,192.168.1.4,21.0,tcp,10.656800031661987,118.0,188.0,SF,1.0,1.0,0.0,ShAdDafrF,18.0,1062.0,17.0,1056.0,FTP
1720730797.552434,CNwZWc231VLerhLpM7,192.168.1.6,47838.0,192.168.1.4,21.0,tcp,9.990554094314575,123.0,188.0,SF,1.0,1.0,0.0,ShAdDafrF,18.0,1067.0,17.0,1056.0,FTP
1720730138.575072,CP5chk1DNkb0QvdL92,192.168.1.6,57492.0,192.168.1.4,21.0,tcp,9.108507871627808,126.0,188.0,SF,1.0,1.0,0.0,ShAdDafrF,18.0,1070.0,17.0,1056.0,FTP
1720727883.504109,Ce202f4cfLupZlE8d1,192.168.1.4,53704.0,192.168.1.1,53.0,udp,9.108507871627808,126.0,188.0,SF,1.0,1.0,0.0,ShAdDafrF,18.0,1070.0,17.0,1056.0,DNS
1720729295.370429,CRNtbJHnCokWLcRL3,192.168.1.6,45674.0,192.168.1.4,21.0,tcp,10.40346884727478,137.0,188.0,SF,1.0,1.0,0.0,ShAdDafFr,18.0,1081.0,17.0,1056.0,FTP
1720727915.727266,CBUKvz4RbDqAB1lDrb,192.168.1.4,54271.0,192.168.1.1,53.0,udp,0.015764951705932,93.0,400.0,SF,1.0,1.0,0.0,Dd,1.0,121.0,1.0,428.0,DNS
1720728197.258705,CusXve4cLvwanxmhK3,192.168.1.6,53870.0,192.168.1.4,21.0,tcp,9.712574005126951,117.0,188.0,SF,1.0,1.0,0.0,ShAdDafrF,18.0,1061.0,17.0,1056.0,FTP
1720731108.057234,CtQKbL31QQO7veiqOd,192.168.1.6,40450.0,192.168.1.4,21.0,tcp,10.403761863708496,117.0,188.0,SF,1.0,1.0,0.0,ShAdDafrF,18.0,1061.0,17.0,1056.0,FTP
1720731859.039893,C3Uvoe39Abtn3J6LBc,192.168.1.6,41002.0,192.168.1.4,21.0,tcp,9.587369203567505,108.0,188.0,SF,1.0,1.0,0.0,ShAdDafrF,18.0,1052.0,17.0,1056.0,FTP
1720727766.688991,CYBUyyzpYocs3Dvab,192.168.1.4,36114.0,52.168.117.171,443.0,tcp,9.587369203567505,108.0,188.0,SF,1.0,1.0,0.0,ShAdDafrF,18.0,1052.0,17.0,1056.0,HTTPS
1720728155.757239,CPzdwi42ln7tF6o74b,192.168.1.4,59014.0,104.96.220.202,443.0,tcp,52.99721193313599,2451.0,4781.0,SF,1.0,0.0,0.0,ShADadFfR,13.0,3111.0,12.0,5413.0,HTTPS
1720730576.877149,CwmGst4MUPIxtMg3qi,192.168.1.6,39522.0,192.168.1.4,21.0,tcp,10.113464832305908,127.0,188.0,SF,1.0,1.0,0.0,ShAdDafrF,18.0,1071.0,17.0,1056.0,FTP
1720730102.676676,C3nQTq47ndQgkOubhi,192.168.1.6,49044.0,192.168.1.4,21.0,tcp,9.559206008911133,132.0,188.0,SF,1.0,1.0,0.0,ShAdDafrF,18.0,1076.0,17.0,1056.0,FTP
1720728767.215815,C5alJM1BEUu7EcxNE4,192.168.1.6,32986.0,192.168.1.4,21.0,tcp,9.999153852462769,119.0,188.0,SF,1.0,1.0,0.0,ShAdDafrF,18.0,1063.0,17.0,1056.0,FTP
1720729953.042867,CrXOYq20VuRozT3s3g,192.168.1.6,48420.0,192.168.1.4,21.0,tcp,9.924216985702516,128.0,188.0,SF,1.0,1.0,0.0,ShAdDafrF,18.0,1072.0,17.0,1056.0,FTP
1720728305.732847,Cp3I6V3SJXjEF6TP2c,192.168.1.4,56597.0,192.168.1.1,53.0,udp,0.043345928192138,43.0,356.0,SF,1.0,1.0,0.0,Dd,1.0,71.0,1.0,384.0,DNS
1720728504.704066,CgRnktICd2vMlvo3a,192.168.1.6,41930.0,192.168.1.4,21.0,tcp,9.762058973312378,118.0,188.0,SF,1.0,1.0,0.0,ShAdDafFr,18.0,1062.0,17.0,1056.0,FTP
1720727793.866146,CNsumR3AGcyvL4x6Ug,192.168.1.4,55577.0,192.168.1.1,53.0,udp,0.070447921752929,48.0,130.0,SF,1.0,1.0,0.0,Dd,1.0,76.0,1.0,158.0,DNS
1720728364.021706,C1kR5R2oDKJv0bGOl9,192.168.1.6,46722.0,192.168.1.4,21.0,tcp,9.83247184753418,118.0,188.0,SF,1.0,1.0,0.0,ShAdDafrF,18.0,1062.0,17.0,1056.0,FTP
1720731153.042963,CbAs0K2BnJflLfmxo8,192.168.1.6,59820.0,192.168.1.4,21.0,tcp,10.135823965072632,108.0,188.0,SF,1.0,1.0,0.0,ShAdDafrF,18.0,1052.0,17.0,1056.0,FTP
1720731318.431914,CYZube1tGQse1qKOve,192.168.1.6,34678.0,192.168.1.4,21.0,tcp,10.900059938430786,166.0,188.0,SF,1.0,1.0,0.0,ShAdDafrF,18.0,1110.0,17.0,1056.0,FTP
1720731128.438721,CfD8G42cH8ltMu3Pfl,192.168.1.6,38862.0,192.168.1.4,21.0,tcp,9.507882118225098,109.0,188.0,SF,1.0,1.0,0.0,ShAdDafFr,18.0,1053.0,17.0,1056.0,FTP
1720727825.182413,CyYQ6y3oqf6eE0cOpe,192.168.1.4,33909.0,192.168.1.1,53.0,udp,0.002832889556884,50.0,561.0,SF,1.0,1.0,0.0,Dd,1.0,78.0,1.0,589.0,DNS
1720728110.91292,CikSocDfjIeJV2iEb,192.168.1.6,37200.0,192.168.1.4,21.0,tcp,9.337804079055786,118.0,188.0,SF,1.0,1.0,0.0,ShAdDafrF,18.0,1062.0,17.0,1056.0,FTP
1720728244.882713,CYR0P44aqhcZ5yBWlk,192.168.1.4,42180.0,20.76.201.171,443.0,tcp,60.39853191375733,1783.0,7865.0,SF,1.0,0.0,0.0,ShADadFf,14.0,2519.0,12.0,8497.0,HTTPS
1720728001.38881,CDjRlz4PCEm0QAzVdf,192.168.1.6,51370.0,192.168.1.4,21.0,tcp,10.47485899925232,117.0,188.0,SF,1.0,1.0,0.0,ShAdDafrF,18.0,1061.0,17.0,1056.0,FTP
1720731107.798246,CAA5Ig38v92j4mn7p9,192.168.1.6,40392.0,192.168.1.4,21.0,tcp,10.605107069015505,120.0,188.0,SF,1.0,1.0,0.0,ShAdDafrF,18.0,1064.0,17.0,1056.0,FTP
1720729129.612254,CSuhOj1xWDHomDrzVg,192.168.1.6,45816.0,192.168.1.4,21.0,tcp,10.775658130645752,118.0,188.0,SF,1.0,1.0,0.0,ShAdDafrF,18.0,1062.0,17.0,1056.0,FTP
1720728798.31986,Cp4R4I11VSPGoAFDx9,192.168.1.6,45114.0,192.168.1.4,21.0,tcp,9.427453994750977,117.0,188.0,SF,1.0,1.0,0.0,ShAdDafFr,18.0,1061.0,17.0,1056.0,FTP
1720728875.485521,CfCDtRWlXVXuPcGKb,192.168.1.6,38050.0,192.168.1.4,21.0,tcp,8.934151887893677,169.0,188.0,SF,1.0,1.0,0.0,ShAdDafrF,18.0,1113.0,17.0,1056.0,FTP
1720731056.830604,CxVdIo2Pf7DmK7HDLc,192.168.1.6,56122.0,192.168.1.4,21.0,tcp,9.789777040481567,130.0,188.0,SF,1.0,1.0,0.0,ShAdDafrF,18.0,1074.0,17.0,1056.0,FTP
1720729288.879621,C5TjJk3jCz3pEEoxr4,192.168.1.6,38194.0,192.168.1.4,21.0,tcp,10.32616400718689,112.0,188.0,SF,1.0,1.0,0.0,ShAdDafrF,18.0,1056.0,17.0,1056.0,FTP
1720728034.071859,CyaoAE4Y34ANg8f5z4,192.168.1.4,55339.0,192.168.1.1,53.0,udp,10.32616400718689,112.0,188.0,SF,1.0,1.0,0.0,ShAdDafrF,18.0,1056.0,17.0,1056.0,DNS
1720728215.820561,CM2KTx3thQeVst9MMl,192.168.1.4,57717.0,162.159.135.232,443.0,udp,1.170042037963867,14345.0,1089517.0,SF,1.0,0.0,0.0,Dd,152.0,18601.0,932.0,1115613.0,HTTPS
1720728589.882082,C3H6Tz27STfb7YU796,192.168.1.6,45260.0,192.168.1.4,21.0,tcp,10.23922610282898,115.0,188.0,SF,1.0,1.0,0.0,ShAdDafrF,18.0,1059.0,17.0,1056.0,FTP
1720727763.044091,CEz0Fy1GG6ikjx9wLh,192.168.1.4,34144.0,192.168.1.1,53.0,udp,0.001893997192382,36.0,120.0,SF,1.0,1.0,0.0,Dd,1.0,64.0,1.0,148.0,DNS
1720728272.005179,CHTIqh1tn4alMsSyyf,192.168.1.4,58201.0,35.190.80.1,443.0,udp,0.001893997192382,36.0,120.0,SF,1.0,1.0,0.0,IIiishhHH,1.0,64.0,1.0,148.0,HTTPS
1720728096.70085,C2DydmcDuh8SbyMi8,192.168.1.4,58765.0,192.168.1.1,53.0,udp,0.001893997192382,36.0,120.0,SF,1.0,1.0,0.0,IIiishhHH,1.0,64.0,1.0,148.0,DNS
1720730388.65688,CjzEUA1Vm7CoTzkQ9j,192.168.1.6,35198.0,192.168.1.4,21.0,tcp,10.68453311920166,124.0,188.0,SF,1.0,1.0,0.0,ShAdDafFr,18.0,1068.0,17.0,1056.0,FTP
1720729417.854714,Ce0OmR1xcRLY0jBtt9,192.168.1.6,36198.0,192.168.1.4,21.0,tcp,9.782953023910522,121.0,188.0,SF,1.0,1.0,0.0,ShAdDafrF,18.0,1065.0,17.0,1056.0,FTP
1720728096.847383,CSkM3z1s0UPneIfQmc,192.168.1.4,51241.0,192.168.1.1,53.0,udp,9.782953023910522,121.0,188.0,SF,1.0,1.0,0.0,ShAdDafrF,18.0,1065.0,17.0,1056.0,DNS
1720730238.136543,Cf9r4o1nw6L4mDYIg1,192.168.1.6,35222.0,192.168.1.4,21.0,tcp,11.438066959381104,122.0,188.0,SF,1.0,1.0,0.0,ShAdDafrF,18.0,1066.0,17.0,1056.0,FTP
1720728133.234099,C7Tx1M2mbIFFvWjjg7,192.168.1.4,37366.0,192.168.1.1,53.0,udp,0.000713109970092,58.0,250.0,SF,1.0,1.0,0.0,Dd,1.0,86.0,1.0,278.0,DNS
1720727823.273602,CnswJf1lw4XYs6zbCk,192.168.1.4,44036.0,192.168.1.1,53.0,udp,0.103700876235961,41.0,165.0,SF,1.0,1.0,0.0,Dd,1.0,69.0,1.0,193.0,DNS
1720730232.838678,C1b0h5WB62OvIruAh,192.168.1.6,47166.0,192.168.1.4,21.0,tcp,9.91469407081604,124.0,188.0,SF,1.0,1.0,0.0,ShAdDafFr,18.0,1068.0,17.0,1056.0,FTP
1720727884.433345,CUQGKa3P5DCjAyy5Ni,192.168.1.4,50394.0,104.18.32.90,443.0,tcp,0.039790868759155,1884.0,4739.0,SF,1.0,0.0,0.0,ShADadFRfR,10.0,2388.0,7.0,5111.0,HTTPS
1720730729.771889,Co5aW24WQaiphUln0h,192.168.1.6,50926.0,192.168.1.4,21.0,tcp,10.796478986740112,125.0,188.0,SF,1.0,1.0,0.0,ShAdDafrF,18.0,1069.0,17.0,1056.0,FTP
1720729962.882039,CDE2U2w6ZeWhDBgEc,192.168.1.6,48558.0,192.168.1.4,21.0,tcp,9.817893028259276,131.0,188.0,SF,1.0,1.0,0.0,ShAdDafFr,18.0,1075.0,17.0,1056.0,FTP
1720729881.079857,CGgoQu47LsZyt05xk1,192.168.1.6,46284.0,192.168.1.4,21.0,tcp,10.383185863494871,130.0,188.0,SF,1.0,1.0,0.0,ShAdDafFr,18.0,1074.0,17.0,1056.0,FTP
1720728219.785423,Cwxezc4wqTRTNbxJzf,192.168.1.4,57282.0,192.168.1.1,53.0,udp,10.383185863494871,130.0,188.0,SF,1.0,1.0,0.0,ShAdDafFr,18.0,1074.0,17.0,1056.0,DNS
1720728151.17661,C9lOss30CxuxnOSDKi,192.168.1.4,53003.0,192.168.1.1,53.0,udp,0.002125978469848,41.0,209.0,SF,1.0,1.0,0.0,Dd,1.0,69.0,1.0,237.0,DNS
1720727915.768199,CFQuOi1B4ZNHJ9y7f,192.168.1.4,48933.0,192.168.1.1,53.0,udp,0.002125978469848,41.0,209.0,SF,1.0,1.0,0.0,Dd,1.0,69.0,1.0,237.0,DNS
1720728027.202181,CQxZIl10syYJizfFF2,192.168.1.6,43118.0,192.168.1.4,21.0,tcp,10.37096095085144,118.0,188.0,SF,1.0,1.0,0.0,ShAdDafrF,18.0,1062.0,17.0,1056.0,FTP
1720728915.989421,C2g9Xj21YIUZ7W2TJa,192.168.1.6,50528.0,192.168.1.4,21.0,tcp,9.70088815689087,155.0,188.0,SF,1.0,1.0,0.0,ShAdDafrF,18.0,1099.0,17.0,1056.0,FTP
1720727861.935569,C09WMxNIGeiWWIG6h,192.168.1.6,42296.0,192.168.1.4,21.0,tcp,10.892581939697266,117.0,188.0,SF,1.0,1.0,0.0,ShAdDafrF,18.0,1061.0,17.0,1056.0,FTP
1720727915.523244,CbEtwy1Z8XNnShODtc,192.168.1.4,50020.0,142.251.40.196,443.0,udp,0.103293180465698,4815.0,10025.0,SF,1.0,0.0,0.0,Dd,10.0,5095.0,13.0,10389.0,HTTPS
1720730242.830551,CYRlER2vQfRy2AmXU1,192.168.1.6,35268.0,192.168.1.4,21.0,tcp,10.68042016029358,126.0,188.0,SF,1.0,1.0,0.0,ShAdDafFr,18.0,1070.0,17.0,1056.0,FTP
1720729205.827032,CR0Yiw2WHaUZPuI0wg,192.168.1.6,56328.0,192.168.1.4,21.0,tcp,10.476799011230469,127.0,188.0,SF,1.0,1.0,0.0,ShAdDafrF,18.0,1071.0,17.0,1056.0,FTP
1720727794.102835,CSID9wgVOpdjGKfd5,192.168.1.4,39554.0,192.168.1.1,53.0,udp,10.476799011230469,127.0,188.0,SF,1.0,1.0,0.0,ShAdDafrF,18.0,1071.0,17.0,1056.0,DNS
1720731513.672715,Czrj96IwryK2qayb8,192.168.1.6,47118.0,192.168.1.4,21.0,tcp,10.338190078735352,158.0,188.0,SF,1.0,1.0,0.0,ShAdDafrF,18.0,1102.0,17.0,1056.0,FTP
1720728306.208627,CLCOC63EyEDA46ECW5,192.168.1.4,39791.0,192.168.1.1,53.0,udp,0.020841121673583,43.0,279.0,SF,1.0,1.0,0.0,Dd,1.0,71.0,1.0,307.0,DNS
1720727915.080221,Cg04I3RDbYRTu8e9l,192.168.1.4,38790.0,192.184.68.228,443.0,tcp,60.17422795295715,3153.0,13901.0,SF,1.0,0.0,0.0,ShADadfF,21.0,4253.0,24.0,15157.0,HTTPS
1720728553.910299,CeqtfjbtwGZVcXUek,192.168.1.6,50738.0,192.168.1.4,21.0,tcp,9.71863889694214,118.0,188.0,SF,1.0,1.0,0.0,ShAdDafrF,18.0,1062.0,17.0,1056.0,FTP
1720728642.488189,CFJTya4pPZyncKNs16,192.168.1.6,45586.0,192.168.1.4,21.0,tcp,10.808701992034912,131.0,188.0,SF,1.0,1.0,0.0,ShAdDafrF,18.0,1075.0,17.0,1056.0,FTP
1720730779.298698,CE7YV741KJnJnnczD1,192.168.1.6,58002.0,192.168.1.4,21.0,tcp,10.242727994918823,117.0,188.0,SF,1.0,1.0,0.0,ShAdDafrF,18.0,1061.0,17.0,1056.0,FTP
1720728155.134022,CgLPMk43MhA2J6EQX1,192.168.1.4,34542.0,142.251.32.104,443.0,tcp,10.242727994918823,117.0,188.0,SF,1.0,1.0,0.0,IIiiiIhhhHHhH,18.0,1061.0,17.0,1056.0,HTTPS
1720730743.233651,CfUk0FGOHo75g7di9,192.168.1.4,52812.0,192.168.1.1,53.0,udp,0.000686168670654,58.0,394.0,SF,1.0,1.0,0.0,Dd,1.0,86.0,1.0,422.0,DNS
1720730295.390456,CNipWV3r1a5naVtOo4,192.168.1.6,44626.0,192.168.1.4,21.0,tcp,10.582231998443604,122.0,188.0,SF,1.0,1.0,0.0,ShAdDafFr,18.0,1066.0,17.0,1056.0,FTP
1720728573.575946,C0pwzQ2uHTjElgw7Ki,192.168.1.6,47544.0,192.168.1.4,21.0,tcp,10.17748498916626,118.0,188.0,SF,1.0,1.0,0.0,ShAdDafrF,18.0,1062.0,17.0,1056.0,FTP
1720728034.427027,CP7wIy9UyW8UZVLod,192.168.1.4,35804.0,144.118.67.10,443.0,tcp,10.17748498916626,118.0,188.0,SF,1.0,1.0,0.0,ShAdDafrF,18.0,1062.0,17.0,1056.0,HTTPS
1720727733.793231,CdkL3A1gQDuOUIy5l1,192.168.1.4,43675.0,142.251.32.104,443.0,tcp,10.17748498916626,118.0,188.0,SF,1.0,1.0,0.0,IIiiiIhhhHHhH,18.0,1062.0,17.0,1056.0,HTTPS
1720728393.288546,CJvzso3VmOSzluaRJ1,192.168.1.6,60220.0,192.168.1.4,21.0,tcp,10.701337814331056,118.0,188.0,SF,1.0,1.0,0.0,ShAdDafrF,18.0,1062.0,17.0,1056.0,FTP
1720728645.91339,CO7t9XzriRu5ONRhe,192.168.1.6,35454.0,192.168.1.4,21.0,tcp,10.31571912765503,139.0,188.0,SF,1.0,1.0,0.0,ShAdDafFr,18.0,1083.0,17.0,1056.0,FTP
1720728634.674143,CewaGc3m8LxYhOT069,192.168.1.6,45510.0,192.168.1.4,21.0,tcp,11.105621814727783,120.0,188.0,SF,1.0,1.0,0.0,ShAdDafrF,18.0,1064.0,17.0,1056.0,FTP
1720729861.098489,CJe0Tp1BYV9UhSs4K7,192.168.1.6,47918.0,192.168.1.4,21.0,tcp,10.04268193244934,124.0,188.0,SF,1.0,1.0,0.0,ShAdDafrF,18.0,1068.0,17.0,1056.0,FTP
1720728096.324536,CUzL02vien70Ylgqj,192.168.1.4,41345.0,192.168.1.1,53.0,udp,0.01003885269165,54.0,118.0,SF,1.0,1.0,0.0,Dd,1.0,82.0,1.0,146.0,DNS
1720727794.493567,CGF5NMTqDv46Kkcuh,192.168.1.4,37113.0,192.168.1.1,53.0,udp,0.001790046691894,50.0,321.0,SF,1.0,1.0,0.0,Dd,1.0,78.0,1.0,349.0,DNS
1720729068.134747,CtH6C9EUXowCN02G8,192.168.1.6,37034.0,192.168.1.4,21.0,tcp,10.09296202659607,138.0,188.0,SF,1.0,1.0,0.0,ShAdDafrF,18.0,1082.0,17.0,1056.0,FTP
1720727914.010096,CdH73f2z5CYgQJny18,192.168.1.4,50568.0,192.168.1.1,53.0,udp,0.194620847702026,44.0,317.0,SF,1.0,1.0,0.0,Dd,1.0,72.0,1.0,345.0,DNS
1720729402.555474,CfbnOe2fMEo4OjXuo1,192.168.1.6,49210.0,192.168.1.4,21.0,tcp,10.25615406036377,123.0,188.0,SF,1.0,1.0,0.0,ShAdDafrF,18.0,1067.0,17.0,1056.0,FTP
1720730354.632699,CCT7IP3gxE6xb1M9E2,192.168.1.6,56700.0,192.168.1.4,21.0,tcp,9.04444694519043,135.0,188.0,SF,1.0,1.0,0.0,ShAdDafFr,18.0,1079.0,17.0,1056.0,FTP
1720728684.351253,CDkHHb22aTp91Pjgi1,192.168.1.6,55004.0,192.168.1.4,21.0,tcp,10.425582885742188,143.0,188.0,SF,1.0,1.0,0.0,ShAdDafFr,18.0,1087.0,17.0,1056.0,FTP
1720728017.308975,CuzSS846OL9Eb7bsff,192.168.1.4,52831.0,192.168.1.1,53.0,udp,0.015480041503906,41.0,176.0,SF,1.0,1.0,0.0,Dd,1.0,69.0,1.0,204.0,DNS
1720727786.556803,CHpFsFvvnDbQuHlyf,192.168.1.4,38074.0,104.96.221.57,443.0,tcp,304.5834701061249,2256.0,4877.0,SF,1.0,0.0,0.0,ShADadFfR,19.0,3228.0,18.0,5821.0,HTTPS
1720731107.858326,CyWc7l1nzar5Ek3Ca8,192.168.1.6,40424.0,192.168.1.4,21.0,tcp,10.602692127227783,114.0,188.0,SF,1.0,1.0,0.0,ShAdDafrF,18.0,1058.0,17.0,1056.0,FTP
1720729173.207866,CE2cZ21H5GMhWDr657,192.168.1.6,37214.0,192.168.1.4,21.0,tcp,9.857151985168455,114.0,188.0,SF,1.0,1.0,0.0,ShAdDafrF,18.0,1058.0,17.0,1056.0,FTP
1720727854.005834,Ck6Tt93k4n8fdgvDei,192.168.1.4,50427.0,192.168.1.1,53.0,udp,0.01786184310913,44.0,357.0,SF,1.0,1.0,0.0,Dd,1.0,72.0,1.0,385.0,DNS
1720731506.000846,CAh7uzIkwfUBCY7X9,192.168.1.6,39568.0,192.168.1.4,21.0,tcp,10.993633031845093,145.0,188.0,SF,1.0,1.0,0.0,ShAdDafFr,18.0,1089.0,17.0,1056.0,FTP
1720728071.155698,CKsxHJ2xr9FzSHEP8,192.168.1.6,56222.0,192.168.1.4,21.0,tcp,10.018769025802612,117.0,188.0,SF,1.0,1.0,0.0,ShAdDafrF,18.0,1061.0,17.0,1056.0,FTP
1720729276.008731,CZggkJ1sxcLaWFG8Pa,192.168.1.6,60028.0,192.168.1.4,21.0,tcp,9.966667175292969,126.0,188.0,SF,1.0,1.0,0.0,ShAdDafrF,18.0,1070.0,17.0,1056.0,FTP
1720729925.925703,CEuUi34erEe0203gWi,192.168.1.6,52106.0,192.168.1.4,21.0,tcp,10.91746997833252,124.0,188.0,SF,1.0,1.0,0.0,ShAdDafrF,18.0,1068.0,17.0,1056.0,FTP
1720727734.508941,Csyglp3x73jB1Xkb1b,192.168.1.4,46376.0,216.239.36.178,443.0,tcp,244.98893809318545,15086.0,7532.0,SF,1.0,0.0,0.0,ShADadFf,29.0,16602.0,36.0,9412.0,HTTPS
1720727765.610979,CAKVlI28fsmSnD60c2,192.168.1.4,49720.0,68.67.160.75,443.0,tcp,13.725945949554443,3894.0,11990.0,SF,1.0,0.0,0.0,ShADadfF,28.0,5358.0,21.0,13090.0,HTTPS
1720728646.313931,CV2VYA1DOW7Pr0qeU5,192.168.1.6,35500.0,192.168.1.4,21.0,tcp,10.42531394958496,138.0,188.0,SF,1.0,1.0,0.0,ShAdDafrF,18.0,1082.0,17.0,1056.0,FTP
1720728532.007486,CGVRtp1RNhEkGyIBSg,192.168.1.6,54590.0,192.168.1.4,21.0,tcp,9.552137851715088,117.0,188.0,SF,1.0,1.0,0.0,ShAdDafrF,18.0,1061.0,17.0,1056.0,FTP
1720730821.141669,CoZ2fv4r7OEhLYLH02,192.168.1.6,54228.0,192.168.1.4,21.0,tcp,10.215775966644289,120.0,188.0,SF,1.0,1.0,0.0,ShAdDafrF,18.0,1064.0,17.0,1056.0,FTP
1720728211.934645,C7fDNE4GtLeBLZ2wwk,192.168.1.4,36720.0,40.71.99.188,443.0,tcp,5.9314329624176025,2888.0,6879.0,SF,1.0,0.0,0.0,ShADadFf,11.0,3468.0,13.0,7563.0,HTTPS
1720731128.511349,CkZEKJLEx82bzW4x7,192.168.1.6,38912.0,192.168.1.4,21.0,tcp,9.513164043426514,109.0,188.0,SF,1.0,1.0,0.0,ShAdDafrF,18.0,1053.0,17.0,1056.0,FTP
1720729282.295138,CJrN142cwxisAvUmI9,192.168.1.6,60122.0,192.168.1.4,21.0,tcp,10.04622220993042,125.0,188.0,SF,1.0,1.0,0.0,ShAdDafrF,18.0,1069.0,17.0,1056.0,FTP
1720728177.371351,CSQVLX1xMag2Awadri,192.168.1.6,37116.0,192.168.1.4,21.0,tcp,9.822711944580078,117.0,188.0,SF,1.0,1.0,0.0,ShAdDafFr,18.0,1061.0,17.0,1056.0,FTP
1720728096.972465,ClT5d4y6Rzq4YfQ1,192.168.1.4,60230.0,192.168.1.1,53.0,udp,0.002201080322265,45.0,163.0,SF,1.0,1.0,0.0,Dd,1.0,73.0,1.0,191.0,DNS
1720728306.354647,CQlN3h2tFbpWpa2IAl,192.168.1.4,35728.0,52.223.40.198,443.0,tcp,45.08845901489258,3013.0,5746.0,SF,1.0,0.0,0.0,ShADadFf,20.0,4061.0,17.0,6638.0,HTTPS
1720728219.962078,CjM7vH1qT17CSN7qE4,192.168.1.4,47926.0,18.238.4.53,443.0,tcp,85.17660593986511,1862.0,5985.0,SF,1.0,0.0,0.0,ShADadFf,12.0,2494.0,12.0,6617.0,HTTPS
1720728581.581308,CsYyJk3vv1pRLBoe4l,192.168.1.6,47638.0,192.168.1.4,21.0,tcp,10.126507997512816,118.0,188.0,SF,1.0,1.0,0.0,ShAdDafFr,18.0,1062.0,17.0,1056.0,FTP
1720728185.339591,C0TOug4jvZYE4U37wk,192.168.1.4,55973.0,192.168.1.1,53.0,udp,0.001105070114135,53.0,114.0,SF,1.0,1.0,0.0,Dd,1.0,81.0,1.0,142.0,DNS
1720729881.291413,CvaezL2W3cyOX9hXmi,192.168.1.6,46312.0,192.168.1.4,21.0,tcp,10.388203859329224,126.0,188.0,SF,1.0,1.0,0.0,ShAdDafrF,18.0,1070.0,17.0,1056.0,FTP
1720728305.860409,CNQ1th5nXmd9pCGl2,192.168.1.4,37870.0,31.13.71.7,443.0,tcp,10.388203859329224,126.0,188.0,SF,1.0,1.0,0.0,ShAdDafrF,18.0,1070.0,17.0,1056.0,HTTPS
1720727765.845065,C9qu762l39x2a2uA2j,192.168.1.4,52979.0,192.168.1.1,53.0,udp,10.388203859329224,126.0,188.0,SF,1.0,1.0,0.0,ShAdDafrF,18.0,1070.0,17.0,1056.0,DNS
1720728393.604876,Cbvq6U1v8cBiT94aic,192.168.1.6,60248.0,192.168.1.4,21.0,tcp,10.50853395462036,117.0,188.0,SF,1.0,1.0,0.0,ShAdDafFr,18.0,1061.0,17.0,1056.0,FTP
1720727885.300648,Cfj2lmwwfVpq8otU4,192.168.1.6,53534.0,192.168.1.4,21.0,tcp,10.361042022705078,118.0,188.0,SF,1.0,1.0,0.0,ShAdDafrF,18.0,1062.0,17.0,1056.0,FTP
1720730049.527521,ChJw5SaqMA3y7jz5c,192.168.1.6,42418.0,192.168.1.4,21.0,tcp,9.955854177474976,134.0,188.0,SF,1.0,1.0,0.0,ShAdDafrF,18.0,1078.0,17.0,1056.0,FTP
1720728314.250312,CJDept3D2Qcn6qNJve,192.168.1.6,35602.0,192.168.1.4,21.0,tcp,9.900713920593262,118.0,188.0,SF,1.0,1.0,0.0,ShAdDafrF,18.0,1062.0,17.0,1056.0,FTP
1720729412.07362,CiYpnl41ixjngeKW8,192.168.1.6,36870.0,192.168.1.4,21.0,tcp,10.76731300354004,121.0,188.0,SF,1.0,1.0,0.0,ShAdDafrF,18.0,1065.0,17.0,1056.0,FTP
1720731318.269173,CbB3fm24IKab51C6U8,192.168.1.6,34642.0,192.168.1.4,21.0,tcp,10.89964199066162,167.0,188.0,SF,1.0,1.0,0.0,ShAdDafrF,18.0,1111.0,17.0,1056.0,FTP
1720729320.989091,CBjO7f2m47sp3D5Jv5,192.168.1.6,33634.0,192.168.1.4,21.0,tcp,9.158709049224854,118.0,188.0,SF,1.0,1.0,0.0,ShAdDafrF,18.0,1062.0,17.0,1056.0,FTP
1720729175.2132,CTefmD2kvsq59sszNj,192.168.1.6,37230.0,192.168.1.4,21.0,tcp,10.354743957519531,122.0,188.0,SF,1.0,1.0,0.0,ShAdDafrF,18.0,1066.0,17.0,1056.0,FTP
1720728953.465307,CJhZUB4ov7wzZjzxO3,192.168.1.6,60848.0,192.168.1.4,21.0,tcp,10.216049909591677,121.0,188.0,SF,1.0,1.0,0.0,ShAdDafrF,18.0,1065.0,17.0,1056.0,FTP
1720728275.835165,CJZCs83lvGZolLBoid,192.168.1.4,49380.0,20.190.152.20,443.0,tcp,10.216049909591677,121.0,188.0,SF,1.0,1.0,0.0,ShAdDafrF,18.0,1065.0,17.0,1056.0,HTTPS
1720730586.726656,CKRdLE3bcAgU44QB8,192.168.1.6,34964.0,192.168.1.4,21.0,tcp,10.362555027008057,125.0,188.0,SF,1.0,1.0,0.0,ShAdDafrF,18.0,1069.0,17.0,1056.0,FTP
1720727882.307405,CeH4n734OEoH4cLWe1,192.168.1.4,55564.0,192.168.1.1,53.0,udp,0.017291069030761,45.0,263.0,SF,1.0,1.0,0.0,Dd,1.0,73.0,1.0,291.0,DNS
1720727965.291052,ChVmeP1aNyEWUm0tH8,192.168.1.6,41642.0,192.168.1.4,21.0,tcp,10.633283853530884,118.0,188.0,SF,1.0,1.0,0.0,ShAdDafrF,18.0,1062.0,17.0,1056.0,FTP
1720727673.728983,C081mZ36E9tGNcF3Z3,192.168.1.4,33006.0,23.205.106.132,443.0,tcp,122.81069612503052,2522.0,222313.0,SF,1.0,0.0,0.0,ShADadFf,74.0,6378.0,109.0,227989.0,HTTPS
1720728303.796008,CsE8MuH35ArZgdG76,192.168.1.6,45636.0,192.168.1.4,21.0,tcp,10.454149961471558,118.0,188.0,SF,1.0,1.0,0.0,ShAdDafrF,18.0,1062.0,17.0,1056.0,FTP
1720728128.329199,Cewi3TOxpV2Tw6pX3,192.168.1.4,46692.0,20.114.189.135,443.0,tcp,10.454149961471558,118.0,188.0,SF,1.0,1.0,0.0,ShAdDafrF,18.0,1062.0,17.0,1056.0,HTTPS
1720729670.387512,CPruBIRCX4Pe6LxM8,192.168.1.6,59902.0,192.168.1.4,21.0,tcp,9.372611045837402,146.0,188.0,SF,1.0,1.0,0.0,ShAdDafrF,18.0,1090.0,17.0,1056.0,FTP
1720729420.288863,CpOoxJ2HTQ3NxGwX84,192.168.1.6,36258.0,192.168.1.4,21.0,tcp,10.284463167190552,121.0,188.0,SF,1.0,1.0,0.0,ShAdDafFr,18.0,1065.0,17.0,1056.0,FTP
1720729246.317874,CMoxNw3iQIfcIivCGi,192.168.1.6,43918.0,192.168.1.4,21.0,tcp,9.739475011825562,116.0,188.0,SF,1.0,1.0,0.0,ShAdDafrF,18.0,1060.0,17.0,1056.0,FTP
1720728482.084605,C3tCMj4tvl2Z9CzE95,192.168.1.6,53220.0,192.168.1.4,21.0,tcp,10.086697101593018,118.0,188.0,SF,1.0,1.0,0.0,ShAdDafrF,18.0,1062.0,17.0,1056.0,FTP
1720730138.79587,CSIgxW1MrT004qxFhj,192.168.1.6,57502.0,192.168.1.4,21.0,tcp,10.054558992385864,122.0,188.0,SF,1.0,1.0,0.0,ShAdDafrF,18.0,1066.0,17.0,1056.0,FTP
1720729861.052151,C3lTQNiRVC4W9I1v4,192.168.1.6,47908.0,192.168.1.4,21.0,tcp,10.03750991821289,130.0,188.0,SF,1.0,1.0,0.0,ShAdDafrF,18.0,1074.0,17.0,1056.0,FTP
1720728245.226222,CkzZj21hyfKvBQpqj,192.168.1.4,42414.0,192.168.1.1,53.0,udp,10.03750991821289,130.0,188.0,SF,1.0,1.0,0.0,ShAdDafrF,18.0,1074.0,17.0,1056.0,DNS
1720728379.247706,CvJlRl24jszUsTzQ1i,192.168.1.4,39334.0,192.168.1.1,53.0,udp,10.03750991821289,130.0,188.0,SF,1.0,1.0,0.0,ShAdDafrF,18.0,1074.0,17.0,1056.0,DNS
1720728315.399381,C7SYKC2t00ZKcB0Hj7,192.168.1.6,35632.0,192.168.1.4,21.0,tcp,10.925688028335571,118.0,188.0,SF,1.0,1.0,0.0,ShAdDafrF,18.0,1062.0,17.0,1056.0,FTP
1720728812.512328,ChCILc1acuKqQ7KfWc,192.168.1.6,37446.0,192.168.1.4,21.0,tcp,10.26801609992981,131.0,188.0,SF,1.0,1.0,0.0,ShAdDafFr,18.0,1075.0,17.0,1056.0,FTP
1720728155.172071,Cnlnnur2owfQdbg39,192.168.1.4,41470.0,192.168.1.1,53.0,udp,10.26801609992981,131.0,188.0,SF,1.0,1.0,0.0,ShAdDafFr,18.0,1075.0,17.0,1056.0,DNS
1720731128.403199,ChXXrPOfXvknFsV9k,192.168.1.6,38846.0,192.168.1.4,21.0,tcp,9.491158962249756,109.0,188.0,SF,1.0,1.0,0.0,ShAdDafrF,18.0,1053.0,17.0,1056.0,FTP
1720730511.984822,CRT3he25333tCAsZR9,192.168.1.6,60898.0,192.168.1.4,21.0,tcp,10.479871988296509,124.0,188.0,SF,1.0,1.0,0.0,ShAdDafrF,18.0,1068.0,17.0,1056.0,FTP
1720729483.891666,CIFe5w4zAy9y6pKCej,192.168.1.6,55876.0,192.168.1.4,21.0,tcp,10.083565950393677,121.0,188.0,SF,1.0,1.0,0.0,ShAdDafrF,18.0,1065.0,17.0,1056.0,FTP
1720728361.902667,C6JT1s3cSfDYPGrEI3,192.168.1.6,36082.0,192.168.1.4,21.0,tcp,9.20342206954956,118.0,188.0,SF,1.0,1.0,0.0,ShAdDafFr,18.0,1062.0,17.0,1056.0,FTP
1720727884.312422,CHnDBo4e5O2VPwUvI4,192.168.1.4,43408.0,142.251.32.104,443.0,tcp,9.20342206954956,118.0,188.0,SF,1.0,1.0,0.0,ShAdDafFr,18.0,1062.0,17.0,1056.0,HTTPS
1720727947.444436,CsVRgYFGQpc3iKmvl,192.168.1.6,60262.0,192.168.1.4,21.0,tcp,10.706962823867798,118.0,188.0,SF,1.0,1.0,0.0,ShAdDafFr,18.0,1062.0,17.0,1056.0,FTP
1720728133.235667,CM6rSCn0GiyP3bpx9,192.168.1.4,33026.0,91.189.91.98,80.0,tcp,0.040281057357788,88.0,185.0,SF,1.0,0.0,0.0,ShADdfFa,5.0,356.0,4.0,401.0,HTTP
1720728186.030151,CCvKpY3hPNts8V5lQl,192.168.1.4,49182.0,23.205.106.91,443.0,tcp,0.040281057357788,88.0,185.0,SF,1.0,0.0,0.0,ShADdfFa,5.0,356.0,4.0,401.0,HTTPS
1720731076.849511,CTlaqz1kIAoy45sbP2,192.168.1.6,56908.0,192.168.1.4,21.0,tcp,10.84860110282898,126.0,188.0,SF,1.0,1.0,0.0,ShAdDafrF,18.0,1070.0,17.0,1056.0,FTP
1720728094.723111,Cr3bSv1ArNI8g80AJf,192.168.1.4,33882.0,23.62.164.157,443.0,tcp,10.84860110282898,126.0,188.0,SF,1.0,1.0,0.0,ShAdDafrF,18.0,1070.0,17.0,1056.0,HTTPS
1720728155.232762,C56mZO2Kt3VpKt9sEf,192.168.1.4,51574.0,192.168.1.1,53.0,udp,0.002627849578857,52.0,108.0,SF,1.0,1.0,0.0,Dd,1.0,80.0,1.0,136.0,DNS
1720728066.146091,CeEem51QkAxpWxMKZj,192.168.1.6,56216.0,192.168.1.4,21.0,tcp,10.237009048461914,118.0,188.0,SF,1.0,1.0,0.0,ShAdDafrF,18.0,1062.0,17.0,1056.0,FTP
1720730644.154501,CJFX3w1ZXkRen9Ghoe,192.168.1.6,32908.0,192.168.1.4,21.0,tcp,10.646000146865845,138.0,188.0,SF,1.0,1.0,0.0,ShAdDafFr,18.0,1082.0,17.0,1056.0,FTP
1720728064.612965,CxuTL52C5ch566k589,192.168.1.4,50478.0,13.224.214.54,443.0,tcp,10.646000146865845,138.0,188.0,SF,1.0,1.0,0.0,ShAdDafFr,18.0,1082.0,17.0,1056.0,HTTPS
1720731938.101792,CbEsDO2PJcUImH9elc,192.168.1.6,33102.0,192.168.1.4,21.0,tcp,9.780148983001707,190.0,188.0,SF,1.0,1.0,0.0,ShAdDafFr,18.0,1134.0,17.0,1056.0,FTP
1720728154.664331,CK1wR14wLQjyFJ6GZ2,192.168.1.4,44070.0,192.168.1.1,53.0,udp,0.001953125,54.0,110.0,SF,1.0,1.0,0.0,Dd,1.0,82.0,1.0,138.0,DNS
1720728134.794435,CskmE43E2qVF8W5BSh,192.168.1.6,37278.0,192.168.1.4,21.0,tcp,9.3746440410614,118.0,188.0,SF,1.0,1.0,0.0,ShAdDafrF,18.0,1062.0,17.0,1056.0,FTP
1720727882.305056,CbRNd42CyR49TqkNYd,192.168.1.6,46392.0,192.168.1.4,21.0,tcp,9.9754319190979,116.0,188.0,SF,1.0,1.0,0.0,ShAdDafrF,18.0,1060.0,17.0,1056.0,FTP
1720728124.767317,CUTtoOSIFatyRHnyk,192.168.1.4,37170.0,142.250.65.163,443.0,tcp,9.9754319190979,116.0,188.0,SF,1.0,1.0,0.0,ShAdDafrF,18.0,1060.0,17.0,1056.0,HTTPS
1720729333.233643,CTINDK376UKuwWxQz5,192.168.1.4,48379.0,192.168.1.1,53.0,udp,9.9754319190979,116.0,188.0,SF,1.0,1.0,0.0,ShAdDafrF,18.0,1060.0,17.0,1056.0,DNS
1720730048.659918,CSwWfe2QYsSuqELmfd,192.168.1.6,42386.0,192.168.1.4,21.0,tcp,9.650918006896973,135.0,188.0,SF,1.0,1.0,0.0,ShAdDafrF,18.0,1079.0,17.0,1056.0,FTP
1720731133.25551,CNrlyP6RNhUkngWPb,192.168.1.4,44818.0,91.189.91.49,80.0,tcp,9.650918006896973,135.0,188.0,SF,1.0,1.0,0.0,ShAdDafrF,18.0,1079.0,17.0,1056.0,HTTP
1720729308.833363,CL1dVr3wa9bmum6qT4,192.168.1.6,43834.0,192.168.1.4,21.0,tcp,9.081752061843872,129.0,188.0,SF,1.0,1.0,0.0,ShAdDafrF,18.0,1073.0,17.0,1056.0,FTP
1720731037.261562,C5LJzP1VnCSI5bG017,192.168.1.6,56882.0,192.168.1.4,21.0,tcp,11.028973817825316,123.0,188.0,SF,1.0,1.0,0.0,ShAdDafrF,18.0,1067.0,17.0,1056.0,FTP
1720729436.1166,CR93bX3LScrRnCrv0c,192.168.1.4,44074.0,192.168.1.1,53.0,udp,0.023331880569458,45.0,280.0,SF,1.0,1.0,0.0,Dd,1.0,73.0,1.0,308.0,DNS
1720728272.001126,CwoDHB2AgctQC5XFq3,192.168.1.4,57283.0,192.168.1.1,53.0,udp,0.016201972961425,49.0,405.0,SF,1.0,1.0,0.0,Dd,1.0,77.0,1.0,433.0,DNS
1720730668.982491,CtQh6c1biAjjqXSmB8,192.168.1.6,45648.0,192.168.1.4,21.0,tcp,10.328598976135254,126.0,188.0,SF,1.0,1.0,0.0,ShAdDafFr,18.0,1070.0,17.0,1056.0,FTP
1720729983.424562,CQ3p7f9gczJAzkk66,192.168.1.6,44472.0,192.168.1.4,21.0,tcp,9.47160291671753,118.0,188.0,SF,1.0,1.0,0.0,ShAdDafFr,18.0,1062.0,17.0,1056.0,FTP
1720728875.70353,CrJWo3VhYGLinOmb,192.168.1.6,38082.0,192.168.1.4,21.0,tcp,8.770474910736084,151.0,188.0,SF,1.0,1.0,0.0,ShAdDafrF,18.0,1095.0,17.0,1056.0,FTP
1720729417.844673,CKqL4n4taoLWwRn5Ui,192.168.1.6,36194.0,192.168.1.4,21.0,tcp,9.77018404006958,120.0,188.0,SF,1.0,1.0,0.0,ShAdDafrF,18.0,1064.0,17.0,1056.0,FTP
1720728305.154577,CCd5EA2QBSzwT4GxZ6,192.168.1.4,43092.0,45.60.109.20,443.0,tcp,9.77018404006958,120.0,188.0,SF,1.0,1.0,0.0,ShAdDafrF,18.0,1064.0,17.0,1056.0,HTTPS
1720730808.280689,CjwIAJ1Ae9VbFZHGw6,192.168.1.6,53328.0,192.168.1.4,21.0,tcp,9.571919918060305,142.0,188.0,SF,1.0,1.0,0.0,ShAdDafrF,18.0,1086.0,17.0,1056.0,FTP
1720731728.998196,CDjQpz4kpDtMoznUya,192.168.1.6,34620.0,192.168.1.4,21.0,tcp,10.361773014068604,168.0,188.0,SF,1.0,1.0,0.0,ShAdDafFr,18.0,1112.0,17.0,1056.0,FTP
1720730850.850077,CD5zO916vbLIjUakfe,192.168.1.6,45118.0,192.168.1.4,21.0,tcp,9.613213062286375,124.0,188.0,SF,1.0,1.0,0.0,ShAdDafFr,18.0,1068.0,17.0,1056.0,FTP
1720728095.327089,C2huYi4XmJDz9YERSc,192.168.1.4,44232.0,45.60.73.43,443.0,tcp,9.613213062286375,124.0,188.0,SF,1.0,1.0,0.0,ShAdDafFr,18.0,1068.0,17.0,1056.0,HTTPS
1720727865.681693,Cdpqxd3Wo2FoF4xkQe,192.168.1.6,47780.0,192.168.1.4,21.0,tcp,10.260491847991943,118.0,188.0,SF,1.0,1.0,0.0,ShAdDafrF,18.0,1062.0,17.0,1056.0,FTP
1720729527.502829,Copcoz1MOG9FMoplfi,192.168.1.6,56930.0,192.168.1.4,21.0,tcp,10.812731981277466,115.0,188.0,SF,1.0,1.0,0.0,ShAdDafrF,18.0,1059.0,17.0,1056.0,FTP
1720728563.944186,CHstsXeNhMpo5r0lf,192.168.1.6,38076.0,192.168.1.4,21.0,tcp,9.730822086334229,118.0,188.0,SF,1.0,1.0,0.0,ShAdDafFr,18.0,1062.0,17.0,1056.0,FTP
1720728225.114461,CnGh4kSsJzniSQN4d,192.168.1.6,34574.0,192.168.1.4,21.0,tcp,10.240523099899292,118.0,188.0,SF,1.0,1.0,0.0,ShAdDafrF,18.0,1062.0,17.0,1056.0,FTP
1720728035.162015,CXpKXC3N4YKLwXTvhf,192.168.1.4,36628.0,192.168.1.1,53.0,udp,10.240523099899292,118.0,188.0,SF,1.0,1.0,0.0,ShAdDafrF,18.0,1062.0,17.0,1056.0,DNS
1720730828.951896,C6cM5h3domqS6InKS8,192.168.1.6,34348.0,192.168.1.4,21.0,tcp,8.55884313583374,124.0,188.0,SF,1.0,1.0,0.0,ShAdDafrF,18.0,1068.0,17.0,1056.0,FTP
1720729706.276665,CXC41HCmXW123UuLj,192.168.1.6,47902.0,192.168.1.4,21.0,tcp,8.711849927902222,122.0,188.0,SF,1.0,1.0,0.0,ShAdDafFr,18.0,1066.0,17.0,1056.0,FTP
1720730070.791701,CyhhAJ39XpFl6O2Jt1,192.168.1.6,51292.0,192.168.1.4,21.0,tcp,10.043038845062256,130.0,188.0,SF,1.0,1.0,0.0,ShAdDafrF,18.0,1074.0,17.0,1056.0,FTP
1720728164.542691,CLMYPE1l86r2U4oYB7,192.168.1.6,46896.0,192.168.1.4,21.0,tcp,8.660597085952759,117.0,188.0,SF,1.0,1.0,0.0,ShAdDafFr,18.0,1061.0,17.0,1056.0,FTP
1720729119.418764,CW9mHtt2u5REPcdD2,192.168.1.6,41774.0,192.168.1.4,21.0,tcp,10.241310834884644,121.0,188.0,SF,1.0,1.0,0.0,ShAdDafrF,18.0,1065.0,17.0,1056.0,FTP
1720728999.920802,CdFmwI2nRpbl3GGAih,192.168.1.6,51464.0,192.168.1.4,21.0,tcp,10.746810913085938,128.0,188.0,SF,1.0,1.0,0.0,ShAdDafrF,18.0,1072.0,17.0,1056.0,FTP
1720730809.237645,CtbRjb304SGAiDpIya,192.168.1.6,53412.0,192.168.1.4,21.0,tcp,9.936851978302002,129.0,188.0,SF,1.0,1.0,0.0,ShAdDafrF,18.0,1073.0,17.0,1056.0,FTP
1720729199.62168,CSmxLi30E2EYKPBXyj,192.168.1.6,39154.0,192.168.1.4,21.0,tcp,10.47476291656494,123.0,188.0,SF,1.0,1.0,0.0,ShAdDafrF,18.0,1067.0,17.0,1056.0,FTP
1720731043.234414,CkNrXM3BsrtW2063u1,192.168.1.4,49307.0,192.168.1.1,53.0,udp,0.000653982162475,58.0,394.0,SF,1.0,1.0,0.0,Dd,1.0,86.0,1.0,422.0,DNS
1720727765.781409,C6MDRh4zwJ9l9gq1Ji,192.168.1.4,46470.0,192.168.1.1,53.0,udp,0.000653982162475,58.0,394.0,SF,1.0,1.0,0.0,Dd,1.0,86.0,1.0,422.0,DNS
1720727865.779351,COAb3c4fCZxLZamool,192.168.1.6,47802.0,192.168.1.4,21.0,tcp,10.393420934677124,118.0,188.0,SF,1.0,1.0,0.0,ShAdDafFr,18.0,1062.0,17.0,1056.0,FTP
1720727763.152854,CaGkTD3UWEyxpn8dE9,192.168.1.4,59782.0,204.79.197.203,443.0,tcp,60.13328814506531,3328.0,452.0,RSTR,1.0,0.0,0.0,ShADadFr,9.0,3708.0,11.0,904.0,HTTPS
1720727915.184567,CZpgDzooqAmnMMcSl,192.168.1.4,41797.0,192.168.1.1,53.0,udp,60.13328814506531,3328.0,452.0,RSTR,1.0,0.0,0.0,ShADadFr,9.0,3708.0,11.0,904.0,DNS
1720731388.3947,C1UYRmlvYlGjwcNb,192.168.1.6,40382.0,192.168.1.4,21.0,tcp,10.25721001625061,151.0,188.0,SF,1.0,1.0,0.0,ShAdDafrF,18.0,1095.0,17.0,1056.0,FTP
1720730472.543607,Cfvsyx3NOKGeB5np1c,192.168.1.6,36382.0,192.168.1.4,21.0,tcp,10.475327014923096,122.0,188.0,SF,1.0,1.0,0.0,ShAdDafFr,18.0,1066.0,17.0,1056.0,FTP
1720728106.832577,CSI081PPMiHSRT9n5,192.168.1.4,56990.0,162.247.243.29,443.0,tcp,101.9231219291687,11743.0,1688.0,SF,1.0,0.0,0.0,ShADadFfR,19.0,12715.0,18.0,2632.0,HTTPS
1720729759.628142,CPk9JD3YtJYgnNjHzl,192.168.1.6,43608.0,192.168.1.4,21.0,tcp,9.140082836151125,115.0,188.0,SF,1.0,1.0,0.0,ShAdDafrF,18.0,1059.0,17.0,1056.0,FTP
1720729554.095105,CIWWGa3yAJDMROGic9,192.168.1.6,56680.0,192.168.1.4,21.0,tcp,10.403078079223633,123.0,188.0,SF,1.0,1.0,0.0,ShAdDafFr,18.0,1067.0,17.0,1056.0,FTP
1720729749.798215,CwyApN26zWVMuu8f18,192.168.1.6,60752.0,192.168.1.4,21.0,tcp,9.852538108825684,113.0,188.0,SF,1.0,1.0,0.0,ShAdDafFr,18.0,1057.0,17.0,1056.0,FTP
1720728186.330465,Ce4UfFjgHtDYC4OBh,192.168.1.6,42666.0,192.168.1.4,21.0,tcp,10.04501986503601,118.0,188.0,SF,1.0,1.0,0.0,ShAdDafFr,18.0,1062.0,17.0,1056.0,FTP
1720730038.366556,CHiBxV2VeonBRfJ7s1,192.168.1.6,34358.0,192.168.1.4,21.0,tcp,10.272807121276855,121.0,188.0,SF,1.0,1.0,0.0,ShAdDafFr,18.0,1065.0,17.0,1056.0,FTP
1720731339.000509,C87Q3k17pD2XWP1xmk,192.168.1.6,38376.0,192.168.1.4,21.0,tcp,9.283036947250366,157.0,188.0,SF,1.0,1.0,0.0,ShAdDafFr,18.0,1101.0,17.0,1056.0,FTP
1720729023.750344,C7PYaH17sYyaMwjJah,192.168.1.6,47606.0,192.168.1.4,21.0,tcp,9.846526861190796,109.0,188.0,SF,1.0,1.0,0.0,ShAdDafFr,18.0,1053.0,17.0,1056.0,FTP
1720727793.83053,CYIoIF1dcKABzIrGN9,192.168.1.4,39599.0,192.168.1.1,53.0,udp,0.076572179794311,45.0,263.0,SF,1.0,1.0,0.0,Dd,1.0,73.0,1.0,291.0,DNS
1720729061.303404,Cin8pyxawQAl4CNOe,192.168.1.6,59950.0,192.168.1.4,21.0,tcp,10.374109983444214,121.0,188.0,SF,1.0,1.0,0.0,ShAdDafrF,18.0,1065.0,17.0,1056.0,FTP
1720728004.432817,CsKzWl3Qx3M6s06gUb,192.168.1.4,40507.0,192.168.1.1,53.0,udp,10.374109983444214,121.0,188.0,SF,1.0,1.0,0.0,ShAdDafrF,18.0,1065.0,17.0,1056.0,DNS
1720728298.832848,C2wZ6i9288HLzJKKe,192.168.1.6,60704.0,192.168.1.4,21.0,tcp,9.92473292350769,118.0,188.0,SF,1.0,1.0,0.0,ShAdDafrF,18.0,1062.0,17.0,1056.0,FTP
1720727974.160793,CpsVfo1w2oXrn6mCO6,192.168.1.4,38166.0,204.235.147.206,443.0,tcp,9.92473292350769,118.0,188.0,SF,1.0,1.0,0.0,ShAdDafrF,18.0,1062.0,17.0,1056.0,HTTPS
1720728064.81372,CxuTL52C5ch566k589,192.168.1.4,50478.0,13.224.214.54,443.0,tcp,9.92473292350769,118.0,188.0,SF,1.0,1.0,0.0,ShAdDafrF,18.0,1062.0,17.0,1056.0,HTTPS
1720728125.372219,CgBwfo2xsp8CI7AGrb,192.168.1.4,46070.0,142.250.65.202,443.0,tcp,60.097532987594604,1804.0,6721.0,SF,1.0,0.0,0.0,ShADadFf,13.0,2488.0,11.0,7301.0,HTTPS
1720728095.559531,C9YXnC2W8uCOw2KyWi,192.168.1.4,46523.0,142.251.40.226,443.0,tcp,60.097532987594604,1804.0,6721.0,SF,1.0,0.0,0.0,IIiiiIhhhHHhH,13.0,2488.0,11.0,7301.0,HTTPS
1720729611.559984,CLIt9714An52zTCY4f,192.168.1.6,48624.0,192.168.1.4,21.0,tcp,9.686295986175535,113.0,188.0,SF,1.0,1.0,0.0,ShAdDafrF,18.0,1057.0,17.0,1056.0,FTP
1720728613.791016,CnYdpvXvobvrBwD1,192.168.1.6,37278.0,192.168.1.4,21.0,tcp,9.991834878921509,122.0,188.0,SF,1.0,1.0,0.0,ShAdDafrF,18.0,1066.0,17.0,1056.0,FTP
1720730967.646711,CBudBdrNzV2ujEj15,192.168.1.6,48910.0,192.168.1.4,21.0,tcp,10.14689588546753,127.0,188.0,SF,1.0,1.0,0.0,ShAdDafFr,18.0,1071.0,17.0,1056.0,FTP
1720728064.588047,CMMdNI14VMHr2jKKs4,192.168.1.4,60010.0,142.250.65.170,443.0,tcp,10.14689588546753,127.0,188.0,SF,1.0,1.0,0.0,ShAdDafFr,18.0,1071.0,17.0,1056.0,HTTPS
1720727845.065609,C9VjLd4m8uPliGmDwl,192.168.1.6,39288.0,192.168.1.4,21.0,tcp,10.59895396232605,118.0,188.0,SF,1.0,1.0,0.0,ShAdDafFr,18.0,1062.0,17.0,1056.0,FTP
1720728096.354748,CGmzB92NGtsU78jbPl,192.168.1.4,40262.0,23.50.126.61,443.0,tcp,10.59895396232605,118.0,188.0,SF,1.0,1.0,0.0,ShAdDafFr,18.0,1062.0,17.0,1056.0,HTTPS
1720728155.232762,C56mZO2Kt3VpKt9sEf,192.168.1.4,51574.0,192.168.1.1,53.0,udp,10.59895396232605,118.0,188.0,SF,1.0,1.0,0.0,ShAdDafFr,18.0,1062.0,17.0,1056.0,DNS
1720728096.335139,Ca0Qlj2Vq31f2ytW1a,192.168.1.4,37393.0,192.168.1.1,53.0,udp,0.057131052017211,48.0,189.0,SF,1.0,1.0,0.0,Dd,1.0,76.0,1.0,217.0,DNS
1720729433.161081,CJr28t44Hr8ZXCr2Tf,192.168.1.6,51786.0,192.168.1.4,21.0,tcp,10.903836965560911,157.0,188.0,SF,1.0,1.0,0.0,ShAdDafrF,18.0,1101.0,17.0,1056.0,FTP
1720728245.156978,CxI4mixvV8hcb6k8,192.168.1.4,38761.0,192.168.1.1,53.0,udp,10.903836965560911,157.0,188.0,SF,1.0,1.0,0.0,ShAdDafrF,18.0,1101.0,17.0,1056.0,DNS
1720728035.574114,CZQ9iDsc8OdZOQwx3,192.168.1.4,56252.0,15.197.193.217,443.0,udp,10.903836965560911,157.0,188.0,SF,1.0,1.0,0.0,ShAdDafrF,18.0,1101.0,17.0,1056.0,HTTPS
1720728096.293655,C5rin9EBSOhr6FYNa,192.168.1.4,51847.0,192.168.1.1,53.0,udp,10.903836965560911,157.0,188.0,SF,1.0,1.0,0.0,ShAdDafrF,18.0,1101.0,17.0,1056.0,DNS
1720727865.872773,CjVH0D2reMlR65Rdld,192.168.1.6,47840.0,192.168.1.4,21.0,tcp,10.402213096618652,118.0,188.0,SF,1.0,1.0,0.0,ShAdDafFr,18.0,1062.0,17.0,1056.0,FTP
1720729216.314363,CkU3Zp42mw4Li4ax8j,192.168.1.6,40164.0,192.168.1.4,21.0,tcp,9.865607976913452,117.0,188.0,SF,1.0,1.0,0.0,ShAdDafrF,18.0,1061.0,17.0,1056.0,FTP
1720728329.909289,CNGmS74EhlEzhQePmj,192.168.1.6,52238.0,192.168.1.4,21.0,tcp,10.359618186950684,118.0,188.0,SF,1.0,1.0,0.0,ShAdDafrF,18.0,1062.0,17.0,1056.0,FTP
1720730417.273759,C8JFh13Unai88xmrEe,192.168.1.6,49636.0,192.168.1.4,21.0,tcp,9.667933225631714,127.0,188.0,SF,1.0,1.0,0.0,ShAdDafrF,18.0,1071.0,17.0,1056.0,FTP
1720728540.418793,CoQ4hd2XvCXkAdQE7h,192.168.1.6,36592.0,192.168.1.4,21.0,tcp,9.842575073242188,118.0,188.0,SF,1.0,1.0,0.0,ShAdDafrF,18.0,1062.0,17.0,1056.0,FTP
1720731154.138718,CllHWa4KYPy5e3WMK4,192.168.1.6,59836.0,192.168.1.4,21.0,tcp,9.893999099731444,106.0,188.0,SF,1.0,1.0,0.0,ShAdDafrF,18.0,1050.0,17.0,1056.0,FTP
1720729798.317593,CeDxvl1NJ3Lkaw0mI5,192.168.1.6,54314.0,192.168.1.4,21.0,tcp,9.629514932632446,120.0,188.0,SF,1.0,1.0,0.0,ShAdDafFr,18.0,1064.0,17.0,1056.0,FTP
1720730546.354761,CQ1NRB2yy27LvHo2Ze,192.168.1.6,58618.0,192.168.1.4,21.0,tcp,9.686811208724976,132.0,188.0,SF,1.0,1.0,0.0,ShAdDafrF,18.0,1076.0,17.0,1056.0,FTP
1720729053.98168,CxiYtf2xkOoH7M30w7,192.168.1.6,59852.0,192.168.1.4,21.0,tcp,10.68054699897766,116.0,188.0,SF,1.0,1.0,0.0,ShAdDafrF,18.0,1060.0,17.0,1056.0,FTP
1720728157.955478,CKLe7s2cFNaUPybLaf,192.168.1.6,47736.0,192.168.1.4,21.0,tcp,9.17081904411316,118.0,188.0,SF,1.0,1.0,0.0,ShAdDafrF,18.0,1062.0,17.0,1056.0,FTP
1720730455.791968,C9Lr544Z3MpjuJ6fm5,192.168.1.6,42138.0,192.168.1.4,21.0,tcp,9.278318881988524,128.0,188.0,SF,1.0,1.0,0.0,ShAdDafrF,18.0,1072.0,17.0,1056.0,FTP
1720728643.234184,CkSnf1QNP2sQzMdR7,192.168.1.4,39744.0,192.168.1.1,53.0,udp,9.278318881988524,128.0,188.0,SF,1.0,1.0,0.0,ShAdDafrF,18.0,1072.0,17.0,1056.0,DNS
1720731742.572528,C1bqnO3kG60lHP30ll,192.168.1.6,52754.0,192.168.1.4,21.0,tcp,10.329252004623411,155.0,188.0,SF,1.0,1.0,0.0,ShAdDafrF,18.0,1099.0,17.0,1056.0,FTP
1720730832.305584,CL5rQE1Z0W8hebRfLa,192.168.1.6,34382.0,192.168.1.4,21.0,tcp,9.136068105697632,124.0,188.0,SF,1.0,1.0,0.0,ShAdDafFr,18.0,1068.0,17.0,1056.0,FTP
1720730347.331348,CSjozl482XbEsyhsph,192.168.1.6,48956.0,192.168.1.4,21.0,tcp,10.310006141662598,154.0,188.0,SF,1.0,1.0,0.0,ShAdDafrF,18.0,1098.0,17.0,1056.0,FTP
1720730544.083983,Cfp6FG1HaCsexmm7y9,192.168.1.6,58572.0,192.168.1.4,21.0,tcp,9.849136114120483,117.0,188.0,SF,1.0,1.0,0.0,ShAdDafrF,18.0,1061.0,17.0,1056.0,FTP
1720728155.592778,CIvw2a4SGjYuLZ0ifg,192.168.1.4,59002.0,104.96.220.202,443.0,tcp,9.849136114120483,117.0,188.0,SF,1.0,1.0,0.0,ShAdDafrF,18.0,1061.0,17.0,1056.0,HTTPS
1720727824.942366,CFKKs51UwOd8giK7T,192.168.1.4,50376.0,142.251.32.118,443.0,tcp,60.082120180130005,1891.0,6761.0,SF,1.0,0.0,0.0,ShADadFf,12.0,2523.0,10.0,7289.0,HTTPS
1720728035.284971,C0gd7l43SqHxJFjzj6,192.168.1.4,51302.0,104.18.20.104,443.0,tcp,173.46351099014282,2474.0,5581.0,SF,1.0,0.0,0.0,ShADadFf,16.0,3314.0,14.0,6317.0,HTTPS
1720728212.535021,CRa7xHoidvgVOIGei,192.168.1.6,43910.0,192.168.1.4,21.0,tcp,9.236671924591064,118.0,188.0,SF,1.0,1.0,0.0,ShAdDafFr,18.0,1062.0,17.0,1056.0,FTP
1720731484.624252,Cs0iHl4NkLdkRhoeDh,192.168.1.6,60718.0,192.168.1.4,21.0,tcp,9.41145086288452,181.0,188.0,SF,1.0,1.0,0.0,ShAdDafrF,18.0,1125.0,17.0,1056.0,FTP
1720728306.184266,CGV4NfwOwdiCnWMte,192.168.1.4,56206.0,44.205.220.150,443.0,tcp,45.25914001464844,2588.0,6415.0,SF,1.0,0.0,0.0,ShADadFf,15.0,3376.0,14.0,7151.0,HTTPS
1720728812.750785,CgFfVz1VdSBU7ocKpa,192.168.1.6,37460.0,192.168.1.4,21.0,tcp,9.653439998626707,140.0,188.0,SF,1.0,1.0,0.0,ShAdDafFr,18.0,1084.0,17.0,1056.0,FTP
1720728185.111651,C88BAE3Io5BdrowT0i,192.168.1.4,52076.0,192.168.1.1,53.0,udp,9.653439998626707,140.0,188.0,SF,1.0,1.0,0.0,ShAdDafFr,18.0,1084.0,17.0,1056.0,DNS
1720727765.582689,C3g7pk26iMhl9DYOzb,192.168.1.4,53644.0,192.168.1.1,53.0,udp,0.023262023925781,43.0,172.0,SF,1.0,1.0,0.0,Dd,1.0,71.0,1.0,200.0,DNS
1720727855.251811,Cw0i8tFwq7GIgduh4,144.80.110.68,49997.0,192.168.1.4,22.0,udp,0.023262023925781,43.0,172.0,SF,1.0,1.0,0.0,Dd,1.0,71.0,1.0,200.0,SSH
1720728726.722005,CvL2ie2VABjW67vBlb,192.168.1.6,59572.0,192.168.1.4,21.0,tcp,10.535543203353882,138.0,188.0,SF,1.0,1.0,0.0,ShAdDafFr,18.0,1082.0,17.0,1056.0,FTP
1720728076.383284,CKFG8j2eUkrvpcwRM5,192.168.1.6,52082.0,192.168.1.4,21.0,tcp,9.883665800094604,118.0,188.0,SF,1.0,1.0,0.0,ShAdDafFr,18.0,1062.0,17.0,1056.0,FTP
1720731143.900132,C5GsNw3cfCAPwBeGtl,192.168.1.6,58550.0,192.168.1.4,21.0,tcp,10.238410949707031,109.0,188.0,SF,1.0,1.0,0.0,ShAdDafrF,18.0,1053.0,17.0,1056.0,FTP
1720728217.796628,Ch1xH53p6BnHKrBoCk,192.168.1.4,35181.0,192.168.1.1,53.0,udp,0.001127004623413,53.0,113.0,SF,1.0,1.0,0.0,Dd,1.0,81.0,1.0,141.0,DNS
1720727793.224995,CCrjrw2ehHXUkFPoj9,192.168.1.4,60928.0,184.72.124.184,443.0,tcp,88.08613801002502,2606.0,6236.0,RSTO,1.0,0.0,0.0,ShADadfR,14.0,3342.0,11.0,6816.0,HTTPS
1720728329.899252,CP1P1q3BqoERXyqlT,192.168.1.6,52226.0,192.168.1.4,21.0,tcp,10.348986148834229,118.0,188.0,SF,1.0,1.0,0.0,ShAdDafrF,18.0,1062.0,17.0,1056.0,FTP
1720728960.181882,CXZbkk2VJ22i1G2se6,192.168.1.6,60982.0,192.168.1.4,21.0,tcp,9.944472074508669,115.0,188.0,SF,1.0,1.0,0.0,ShAdDafrF,18.0,1059.0,17.0,1056.0,FTP
1720731662.960443,CeoxJC1adqMvS2tatd,192.168.1.6,43368.0,192.168.1.4,21.0,tcp,9.840907096862791,145.0,188.0,SF,1.0,1.0,0.0,ShAdDafrF,18.0,1089.0,17.0,1056.0,FTP
1720731733.234037,C7LRWm3RCwcmHeAi9g,192.168.1.4,47168.0,192.168.1.1,53.0,udp,9.840907096862791,145.0,188.0,SF,1.0,1.0,0.0,ShAdDafrF,18.0,1089.0,17.0,1056.0,DNS
1720731784.756648,CBqD2yB0lucidGFei,192.168.1.6,55024.0,192.168.1.4,21.0,tcp,10.29032301902771,193.0,188.0,SF,1.0,1.0,0.0,ShAdDafrF,18.0,1137.0,17.0,1056.0,FTP
1720727884.865171,Cgr8RI26RnLWqdXuw2,192.168.1.4,48873.0,142.251.40.130,443.0,tcp,10.29032301902771,193.0,188.0,SF,1.0,1.0,0.0,IIiiiIhhhHH,18.0,1137.0,17.0,1056.0,HTTPS
1720728595.748522,CHpZQB4x066seD7Una,192.168.1.6,35562.0,192.168.1.4,21.0,tcp,10.254299879074097,115.0,188.0,SF,1.0,1.0,0.0,ShAdDafFr,18.0,1059.0,17.0,1056.0,FTP
1720728066.099942,Cpp9fD17Nq4KpD2pi6,192.168.1.6,56200.0,192.168.1.4,21.0,tcp,10.24589705467224,118.0,188.0,SF,1.0,1.0,0.0,ShAdDafrF,18.0,1062.0,17.0,1056.0,FTP
1720728096.688981,C0WLxE26Nu9gdIUBRk,192.168.1.4,51196.0,140.86.220.209,443.0,tcp,87.98748302459717,2995.0,4667.0,RSTO,1.0,0.0,0.0,ShADadfR,11.0,3587.0,11.0,5247.0,HTTPS
1720730285.184167,CEcA2f1X23YbDQi67e,192.168.1.6,50972.0,192.168.1.4,21.0,tcp,10.170204162597656,117.0,188.0,SF,1.0,1.0,0.0,ShAdDafrF,18.0,1061.0,17.0,1056.0,FTP
1720728279.20412,CtPh0G1CrGEIZQp6ed,192.168.1.6,57570.0,192.168.1.4,21.0,tcp,10.478984117507936,118.0,188.0,SF,1.0,1.0,0.0,ShAdDafrF,18.0,1062.0,17.0,1056.0,FTP
1720731325.423125,CyxLhA4aZuULZa8Nz,192.168.1.6,35208.0,192.168.1.4,21.0,tcp,11.091786861419678,170.0,188.0,SF,1.0,1.0,0.0,ShAdDafrF,18.0,1114.0,17.0,1056.0,FTP
1720728096.877597,CT06cY1HkqMzSzvfVg,192.168.1.4,44264.0,45.60.73.43,443.0,tcp,111.88356280326845,2563.0,8391.0,SF,1.0,0.0,0.0,ShADadtTFRf,22.0,3738.0,20.0,9939.0,HTTPS
1720730148.761525,CXmvy92aDphkmCUDp4,192.168.1.6,55532.0,192.168.1.4,21.0,tcp,10.6551251411438,123.0,188.0,SF,1.0,1.0,0.0,ShAdDafrF,18.0,1067.0,17.0,1056.0,FTP
1720729007.324064,CqmWON3UdmZaPvSLYf,192.168.1.6,33912.0,192.168.1.4,21.0,tcp,10.437886953353882,120.0,188.0,SF,1.0,1.0,0.0,ShAdDafrF,18.0,1064.0,17.0,1056.0,FTP
1720727915.392321,CYhkaDp7pQFEU3vF5,192.168.1.4,33950.0,192.168.1.1,53.0,udp,10.437886953353882,120.0,188.0,SF,1.0,1.0,0.0,ShAdDafrF,18.0,1064.0,17.0,1056.0,DNS
1720728133.234099,C7Tx1M2mbIFFvWjjg7,192.168.1.4,37366.0,192.168.1.1,53.0,udp,10.437886953353882,120.0,188.0,SF,1.0,1.0,0.0,ShAdDafrF,18.0,1064.0,17.0,1056.0,DNS
1720728193.347013,CltDRN2Fa5ishgXANg,192.168.1.6,53796.0,192.168.1.4,21.0,tcp,10.205565929412842,118.0,188.0,SF,1.0,1.0,0.0,ShAdDafrF,18.0,1062.0,17.0,1056.0,FTP
1720731683.264324,CX7VRu3ngSuXlyMCI8,192.168.1.6,52538.0,192.168.1.4,21.0,tcp,10.426772117614746,166.0,188.0,SF,1.0,1.0,0.0,ShAdDafrF,18.0,1110.0,17.0,1056.0,FTP
1720731871.583101,C2URxe2fDOalr8H1Jd,192.168.1.6,58132.0,192.168.1.4,21.0,tcp,9.791801929473875,122.0,188.0,SF,1.0,1.0,0.0,ShAdDafrF,18.0,1066.0,17.0,1056.0,FTP
1720728221.771768,Cd29tk3WQnI0T27FOh,192.168.1.6,42464.0,192.168.1.4,21.0,tcp,10.217779874801636,115.0,188.0,SF,1.0,1.0,0.0,ShAdDafrF,18.0,1059.0,17.0,1056.0,FTP
1720729377.766311,CYVa1cIU4i7tl4iAd,192.168.1.6,47818.0,192.168.1.4,21.0,tcp,9.97672414779663,141.0,188.0,SF,1.0,1.0,0.0,ShAdDafrF,18.0,1085.0,17.0,1056.0,FTP
1720727980.109345,CofXcg2xMLb1uzN8T,192.168.1.6,55108.0,192.168.1.4,21.0,tcp,10.486176013946531,118.0,188.0,SF,1.0,1.0,0.0,ShAdDafrF,18.0,1062.0,17.0,1056.0,FTP
1720731369.508384,ChbilV3oMtBtj4u3zg,192.168.1.6,56790.0,192.168.1.4,21.0,tcp,9.9101140499115,173.0,188.0,SF,1.0,1.0,0.0,ShAdDafrF,18.0,1117.0,17.0,1056.0,FTP
1720731402.41258,CorF5k1M7diGIhmLJ1,192.168.1.6,48512.0,192.168.1.4,21.0,tcp,10.490967988967896,174.0,188.0,SF,1.0,1.0,0.0,ShAdDafFr,18.0,1118.0,17.0,1056.0,FTP
1720728155.771556,CPzdwi42ln7tF6o74b,192.168.1.4,59014.0,104.96.220.202,443.0,tcp,10.490967988967896,174.0,188.0,SF,1.0,1.0,0.0,ShAdDafFr,18.0,1118.0,17.0,1056.0,HTTPS
1720728996.563026,Cjvulvzju5xVG04V8,192.168.1.6,51420.0,192.168.1.4,21.0,tcp,10.720611095428469,125.0,188.0,SF,1.0,1.0,0.0,ShAdDafrF,18.0,1069.0,17.0,1056.0,FTP
1720730817.908393,CXSAfG2fiQMCBNwRDd,192.168.1.6,54162.0,192.168.1.4,21.0,tcp,10.16598415374756,126.0,188.0,SF,1.0,1.0,0.0,ShAdDafFr,18.0,1070.0,17.0,1056.0,FTP
1720730288.427867,CVFgP41IbExcRkbwxb,192.168.1.6,51020.0,192.168.1.4,21.0,tcp,10.22834300994873,130.0,188.0,SF,1.0,1.0,0.0,ShAdDafrF,18.0,1074.0,17.0,1056.0,FTP
1720730492.220769,ClHbpE2mwI8SB9in56,192.168.1.6,48754.0,192.168.1.4,21.0,tcp,9.76166009902954,126.0,188.0,SF,1.0,1.0,0.0,ShAdDafFr,18.0,1070.0,17.0,1056.0,FTP
1720727915.138189,CY16m42TJPzmS7RGtg,192.168.1.4,39588.0,192.168.1.1,53.0,udp,0.058579921722412,50.0,306.0,SF,1.0,1.0,0.0,Dd,1.0,78.0,1.0,334.0,DNS
1720728215.77726,CCpOIt1D4VcMxJSdB1,192.168.1.4,51514.0,192.168.1.1,53.0,udp,0.014758825302124,43.0,408.0,SF,1.0,1.0,0.0,Dd,1.0,71.0,1.0,436.0,DNS
1720728831.73824,CaGiDq3F7eoHx90oM9,192.168.1.6,48038.0,192.168.1.4,21.0,tcp,10.104669094085692,124.0,188.0,SF,1.0,1.0,0.0,ShAdDafrF,18.0,1068.0,17.0,1056.0,FTP
1720728616.002052,CVBU0m1MuPkwQCuOf,192.168.1.6,37342.0,192.168.1.4,21.0,tcp,10.61543083190918,132.0,188.0,SF,1.0,1.0,0.0,ShAdDafrF,18.0,1076.0,17.0,1056.0,FTP
1720729831.249591,CWaQxy1hAcnytmgKya,192.168.1.6,34404.0,192.168.1.4,21.0,tcp,10.349466800689695,136.0,188.0,SF,1.0,1.0,0.0,ShAdDafrF,18.0,1080.0,17.0,1056.0,FTP
1720727884.442664,CvCW051KwatMG3Xtc6,192.168.1.4,54701.0,142.251.32.104,443.0,udp,0.082956075668334,4023.0,8801.0,SF,1.0,0.0,0.0,Dd,7.0,4219.0,10.0,9081.0,HTTPS
1720729033.317298,CgXtJr2s3Js4gqV7Uh,192.168.1.4,33898.0,185.125.190.96,80.0,udp,0.082956075668334,4023.0,8801.0,SF,1.0,0.0,0.0,Dd,7.0,4219.0,10.0,9081.0,HTTP
1720728186.41497,CJtni7tmJWJ5bEK6a,192.168.1.4,60330.0,18.238.4.29,443.0,udp,0.082956075668334,4023.0,8801.0,SF,1.0,0.0,0.0,Dd,7.0,4219.0,10.0,9081.0,HTTPS
1720731529.357726,Cr145E49BCADdWnBqf,192.168.1.6,46558.0,192.168.1.4,21.0,tcp,10.461457014083862,143.0,188.0,SF,1.0,1.0,0.0,ShAdDafFr,18.0,1087.0,17.0,1056.0,FTP
1720728472.091556,Ch6vMp2C32TlIo2dyi,192.168.1.6,41048.0,192.168.1.4,21.0,tcp,9.992946863174438,118.0,188.0,SF,1.0,1.0,0.0,ShAdDafrF,18.0,1062.0,17.0,1056.0,FTP
1720731338.910351,CJs0DD1JO7rGi7I74d,192.168.1.6,38346.0,192.168.1.4,21.0,tcp,9.26484489440918,165.0,188.0,SF,1.0,1.0,0.0,ShAdDafrF,18.0,1109.0,17.0,1056.0,FTP
1720728186.588515,Ch92PQs2hRFjCpB5i,192.168.1.4,38498.0,13.224.214.125,443.0,udp,22.14987802505493,3570.0,8549.0,SF,1.0,0.0,0.0,Dd,12.0,3906.0,10.0,8829.0,HTTPS
1720727914.033977,C8NGOr3ouFN2NjoQF7,192.168.1.4,46622.0,192.168.1.1,53.0,udp,0.156162977218627,42.0,314.0,SF,1.0,1.0,0.0,Dd,1.0,70.0,1.0,342.0,DNS
1720728094.527968,CJ5oNL2tqN8S8znS2d,192.168.1.4,51508.0,192.168.1.1,53.0,udp,0.156162977218627,42.0,314.0,SF,1.0,1.0,0.0,Dd,1.0,70.0,1.0,342.0,DNS
1720729686.879294,C6esRr2NHt5Hh4LOHe,192.168.1.6,55994.0,192.168.1.4,21.0,tcp,9.293296098709106,126.0,188.0,SF,1.0,1.0,0.0,ShAdDafrF,18.0,1070.0,17.0,1056.0,FTP
1720728299.923243,CzKWEk2BjBGNvotbrf,192.168.1.6,60754.0,192.168.1.4,21.0,tcp,11.12656593322754,118.0,188.0,SF,1.0,1.0,0.0,ShAdDafFr,18.0,1062.0,17.0,1056.0,FTP
1720730010.54383,CcdHDN3jxhxZVl9dui,192.168.1.6,41244.0,192.168.1.4,21.0,tcp,9.863232135772703,119.0,188.0,SF,1.0,1.0,0.0,ShAdDafrF,18.0,1063.0,17.0,1056.0,FTP
1720727845.100354,CK9KIx1eu1f1I7Io81,192.168.1.6,39326.0,192.168.1.4,21.0,tcp,10.607819080352783,117.0,188.0,SF,1.0,1.0,0.0,ShAdDafFr,18.0,1061.0,17.0,1056.0,FTP
1720729513.406833,CqGkIL2joRh6mxVRl5,192.168.1.6,36428.0,192.168.1.4,21.0,tcp,10.371859073638916,111.0,188.0,SF,1.0,1.0,0.0,ShAdDafFr,18.0,1055.0,17.0,1056.0,FTP
1720728095.636125,CCWnpZ2MBRlkrGTVx8,192.168.1.4,38230.0,192.168.1.1,53.0,udp,10.371859073638916,111.0,188.0,SF,1.0,1.0,0.0,ShAdDafFr,18.0,1055.0,17.0,1056.0,DNS
1720729386.581715,C2CJBq1IG1Lv1g1kJ9,192.168.1.6,36146.0,192.168.1.4,21.0,tcp,9.543943881988524,119.0,188.0,SF,1.0,1.0,0.0,ShAdDafFr,18.0,1063.0,17.0,1056.0,FTP
1720728110.933502,CBq6Zq3cF5DwBZpHfl,192.168.1.6,37224.0,192.168.1.4,21.0,tcp,9.337461948394775,117.0,188.0,SF,1.0,1.0,0.0,ShAdDafFr,18.0,1061.0,17.0,1056.0,FTP
1720731670.363319,COTVLk3tYLCjsZ9NK6,192.168.1.6,43444.0,192.168.1.4,21.0,tcp,9.591752052307127,151.0,188.0,SF,1.0,1.0,0.0,ShAdDafrF,18.0,1095.0,17.0,1056.0,FTP
1720727913.646854,Cs0ppk4EIiUZMw9Pcd,192.168.1.4,43414.0,192.168.1.1,53.0,udp,9.591752052307127,151.0,188.0,SF,1.0,1.0,0.0,ShAdDafrF,18.0,1095.0,17.0,1056.0,DNS
1720729843.234896,C9alP04fIOd4wNNHTd,192.168.1.4,47175.0,192.168.1.1,53.0,udp,9.591752052307127,151.0,188.0,SF,1.0,1.0,0.0,ShAdDafrF,18.0,1095.0,17.0,1056.0,DNS
1720730918.220752,CrjQNpwBzGp14L6Ue,192.168.1.6,34698.0,192.168.1.4,21.0,tcp,11.164541006088257,167.0,188.0,SF,1.0,1.0,0.0,ShAdDafFr,18.0,1111.0,17.0,1056.0,FTP
1720731643.216481,CspjB91WhY4kSzyuGc,192.168.1.6,40656.0,192.168.1.4,21.0,tcp,9.495018005371094,136.0,188.0,SF,1.0,1.0,0.0,ShAdDafrF,18.0,1080.0,17.0,1056.0,FTP
1720728245.204277,CM5k2a2tToX0dz1Fbd,192.168.1.4,48593.0,192.168.1.1,53.0,udp,0.004159927368164,50.0,50.0,SF,1.0,1.0,0.0,Dd,1.0,78.0,1.0,78.0,DNS
1720731878.873131,CxfLCXEAgd94h6JGb,192.168.1.6,46392.0,192.168.1.4,21.0,tcp,10.498902082443236,139.0,188.0,SF,1.0,1.0,0.0,ShAdDafrF,18.0,1083.0,17.0,1056.0,FTP
1720728185.219912,Ch3Hh22VS8XDSjVi0k,192.168.1.4,59742.0,23.205.106.82,443.0,tcp,23.537925004959103,8954.0,52661.0,SF,1.0,0.0,0.0,ShADadFRf,30.0,10498.0,42.0,54853.0,HTTPS
1720728778.890812,CwRirw2Vhs3ZVYXLJi,192.168.1.6,41546.0,192.168.1.4,21.0,tcp,10.397740125656128,137.0,188.0,SF,1.0,1.0,0.0,ShAdDafrF,18.0,1081.0,17.0,1056.0,FTP
1720730273.118059,Cxzqvd2xLUXk8X8Ga6,192.168.1.6,54000.0,192.168.1.4,21.0,tcp,10.24348211288452,127.0,188.0,SF,1.0,1.0,0.0,ShAdDafrF,18.0,1071.0,17.0,1056.0,FTP
1720728125.430127,CaBf1v4d7DKNtlrBH5,192.168.1.4,38713.0,192.168.1.1,53.0,udp,10.24348211288452,127.0,188.0,SF,1.0,1.0,0.0,ShAdDafrF,18.0,1071.0,17.0,1056.0,DNS
1720730837.870577,Cp5FZP1KjIHekxH3k7,192.168.1.6,40796.0,192.168.1.4,21.0,tcp,9.9481098651886,124.0,188.0,SF,1.0,1.0,0.0,ShAdDafFr,18.0,1068.0,17.0,1056.0,FTP
1720729071.7724,CSECrd4zkDyZnIBDzg,192.168.1.6,37060.0,192.168.1.4,21.0,tcp,9.94848918914795,133.0,188.0,SF,1.0,1.0,0.0,ShAdDafrF,18.0,1077.0,17.0,1056.0,FTP
1720731652.661981,C6rv4E1VtSeE0vAdn7,192.168.1.6,40760.0,192.168.1.4,21.0,tcp,10.261016845703123,164.0,188.0,SF,1.0,1.0,0.0,ShAdDafrF,18.0,1108.0,17.0,1056.0,FTP
1720731207.742097,CV5eD62X08EpIFgd03,192.168.1.6,58444.0,192.168.1.4,21.0,tcp,9.51129698753357,118.0,188.0,SF,1.0,1.0,0.0,ShAdDafrF,18.0,1062.0,17.0,1056.0,FTP
1720727763.119428,CyUrIC4VrJNG6uLNMg,192.168.1.4,41644.0,192.168.1.1,53.0,udp,0.0224130153656,40.0,218.0,SF,1.0,1.0,0.0,Dd,1.0,68.0,1.0,246.0,DNS
1720728034.892612,ClHgxF4okfWZqSVz95,192.168.1.4,38858.0,104.96.220.105,443.0,tcp,120.1048629283905,2522.0,5941.0,SF,1.0,0.0,0.0,ShADadfF,16.0,3362.0,18.0,6885.0,HTTPS
1720729470.064092,CrZOdL27PN4h79ByE7,192.168.1.6,35322.0,192.168.1.4,21.0,tcp,10.482364177703856,112.0,188.0,SF,1.0,1.0,0.0,ShAdDafFr,18.0,1056.0,17.0,1056.0,FTP
1720730256.525984,CXj3yQ3sjJuIbHzIHl,192.168.1.6,40338.0,192.168.1.4,21.0,tcp,10.642843008041382,123.0,188.0,SF,1.0,1.0,0.0,ShAdDafrF,18.0,1067.0,17.0,1056.0,FTP
1720729203.312989,C2p8O4BHRREaxNgG8,192.168.1.6,56316.0,192.168.1.4,21.0,tcp,9.830702066421509,116.0,188.0,SF,1.0,1.0,0.0,ShAdDafrF,18.0,1060.0,17.0,1056.0,FTP
1720728071.773594,C4O40b1JWdv0MYXEVl,192.168.1.6,56298.0,192.168.1.4,21.0,tcp,10.102797031402588,118.0,188.0,SF,1.0,1.0,0.0,ShAdDafrF,18.0,1062.0,17.0,1056.0,FTP
1720728484.231691,Cj3GggfklRZZfqxn5,192.168.1.6,36298.0,192.168.1.4,21.0,tcp,10.254927158355711,118.0,188.0,SF,1.0,1.0,0.0,ShAdDafrF,18.0,1062.0,17.0,1056.0,FTP
1720728306.053374,CNZzcn3s5SeljnoaU8,192.168.1.4,33799.0,192.168.1.1,53.0,udp,0.004561901092529,56.0,330.0,SF,1.0,1.0,0.0,Dd,1.0,84.0,1.0,358.0,DNS
1720729397.81147,CCIbri4WBgBIxd25Ql,192.168.1.6,49126.0,192.168.1.4,21.0,tcp,10.48610496520996,125.0,188.0,SF,1.0,1.0,0.0,ShAdDafrF,18.0,1069.0,17.0,1056.0,FTP
1720729275.998674,COj2bW1IMsSOYH9Vy,192.168.1.6,60014.0,192.168.1.4,21.0,tcp,9.976680040359495,117.0,188.0,SF,1.0,1.0,0.0,ShAdDafFr,18.0,1061.0,17.0,1056.0,FTP
1720728004.41628,CAiCT1wPXqcKJZxC8,192.168.1.4,47432.0,192.168.1.1,53.0,udp,9.976680040359495,117.0,188.0,SF,1.0,1.0,0.0,ShAdDafFr,18.0,1061.0,17.0,1056.0,DNS
1720727884.990819,C2H2jj1E874lnAofXa,192.168.1.6,53478.0,192.168.1.4,21.0,tcp,10.22156810760498,118.0,188.0,SF,1.0,1.0,0.0,ShAdDafrF,18.0,1062.0,17.0,1056.0,FTP
1720729240.091702,CHjhE14QlH7VteUdQd,192.168.1.6,38368.0,192.168.1.4,21.0,tcp,9.488009929656982,121.0,188.0,SF,1.0,1.0,0.0,ShAdDafrF,18.0,1065.0,17.0,1056.0,FTP
1720728245.534645,CM8UHIzjuGgkrLkQ1,192.168.1.4,58850.0,20.190.152.19,443.0,tcp,0.0,121.0,188.0,SF,0.0,1.0,0.0,ShAdDafrF,18.0,1065.0,17.0,1056.0,HTTPS
1720731298.193966,CaDzhm1WoK0G0Naf83,192.168.1.6,44924.0,192.168.1.4,21.0,tcp,10.161487102508543,171.0,188.0,SF,1.0,1.0,0.0,ShAdDafrF,18.0,1115.0,17.0,1056.0,FTP
1720727980.125814,CIoqMB2HDuFp3jqMtg,192.168.1.6,55122.0,192.168.1.4,21.0,tcp,10.47992706298828,118.0,188.0,SF,1.0,1.0,0.0,ShAdDafrF,18.0,1062.0,17.0,1056.0,FTP
1720727763.119316,CeONFd3QnSGhkZA6D2,192.168.1.4,60221.0,192.168.1.1,53.0,udp,0.0047128200531,53.0,134.0,SF,1.0,1.0,0.0,Dd,1.0,81.0,1.0,162.0,DNS
1720728096.345214,CfEB3u2Jp7IbLIbtkj,192.168.1.4,57826.0,192.168.1.1,53.0,udp,0.0047128200531,53.0,134.0,SF,1.0,1.0,0.0,Dd,1.0,81.0,1.0,162.0,DNS
1720729514.979644,CI9V9d3foo7PXdY4Sl,192.168.1.6,36444.0,192.168.1.4,21.0,tcp,10.538055896759031,121.0,188.0,SF,1.0,1.0,0.0,ShAdDafFr,18.0,1065.0,17.0,1056.0,FTP
1720728245.158228,CgKKJv3bEVArbMpWhh,192.168.1.4,51864.0,104.96.219.183,443.0,tcp,10.538055896759031,121.0,188.0,SF,1.0,1.0,0.0,ShAdDafFr,18.0,1065.0,17.0,1056.0,HTTPS
1720728245.135772,C69Sqt3TseCnP22GT5,192.168.1.4,37886.0,192.168.1.1,53.0,udp,10.538055896759031,121.0,188.0,SF,1.0,1.0,0.0,ShAdDafFr,18.0,1065.0,17.0,1056.0,DNS
1720728095.566181,CpeWNp4WqHOLgnTdef,192.168.1.4,57322.0,216.239.36.181,443.0,udp,10.538055896759031,121.0,188.0,SF,1.0,1.0,0.0,ShAdDafFr,18.0,1065.0,17.0,1056.0,HTTPS
1720728244.876694,CWG6e923XG38aCGdr9,192.168.1.4,53365.0,192.168.1.1,53.0,udp,10.538055896759031,121.0,188.0,SF,1.0,1.0,0.0,ShAdDafFr,18.0,1065.0,17.0,1056.0,DNS
1720728064.277622,CZjDxtB76tp1JIlGh,192.168.1.4,40486.0,34.193.69.252,80.0,tcp,21.029571056365967,0.0,0.0,SF,1.0,0.0,0.0,ShAfFa,4.0,216.0,3.0,164.0,HTTP
1720728306.058353,CaCylw3dZcq2MhwV9i,192.168.1.4,40959.0,142.250.65.194,443.0,udp,0.179558992385864,5465.0,10015.0,SF,1.0,0.0,0.0,Dd,14.0,5857.0,15.0,10435.0,HTTPS
1720728139.86055,CvdDms3KKba296kV2l,192.168.1.6,37354.0,192.168.1.4,21.0,tcp,8.771239995956421,118.0,188.0,SF,1.0,1.0,0.0,ShAdDafrF,18.0,1062.0,17.0,1056.0,FTP
1720728245.226222,CkzZj21hyfKvBQpqj,192.168.1.4,42414.0,192.168.1.1,53.0,udp,0.01782202720642,58.0,131.0,SF,1.0,1.0,0.0,Dd,1.0,86.0,1.0,159.0,DNS
1720728875.713624,CBUlvu2rA2CgCzqAYg,192.168.1.6,38084.0,192.168.1.4,21.0,tcp,8.750091075897217,146.0,188.0,SF,1.0,1.0,0.0,ShAdDafrF,18.0,1090.0,17.0,1056.0,FTP
1720728818.408053,CVKna64Jfqx0SHdkwc,192.168.1.6,57290.0,192.168.1.4,21.0,tcp,9.284343004226685,118.0,188.0,SF,1.0,1.0,0.0,ShAdDafFr,18.0,1062.0,17.0,1056.0,FTP
1720729884.772292,CAro721OMG8jdlGtY8,192.168.1.6,52112.0,192.168.1.4,21.0,tcp,10.447237014770508,127.0,188.0,SF,1.0,1.0,0.0,ShAdDafFr,18.0,1071.0,17.0,1056.0,FTP
1720731394.381971,CPT5gy3gh2jTtHIld,192.168.1.6,48448.0,192.168.1.4,21.0,tcp,9.718626022338867,183.0,188.0,SF,1.0,1.0,0.0,ShAdDafrF,18.0,1127.0,17.0,1056.0,FTP
1720729546.225713,CqFtBZGKDzluaEdh8,192.168.1.6,48896.0,192.168.1.4,21.0,tcp,9.96997594833374,115.0,188.0,SF,1.0,1.0,0.0,ShAdDafrF,18.0,1059.0,17.0,1056.0,FTP
1720730309.221027,CZwrAH1K9CPjHoPKR6,192.168.1.6,50306.0,192.168.1.4,21.0,tcp,10.380222082138062,140.0,188.0,SF,1.0,1.0,0.0,ShAdDafFr,18.0,1084.0,17.0,1056.0,FTP
1720730740.605507,C28K7q2gFeMNfYMXtg,192.168.1.6,52528.0,192.168.1.4,21.0,tcp,9.990153074264526,139.0,188.0,SF,1.0,1.0,0.0,ShAdDafrF,18.0,1083.0,17.0,1056.0,FTP
1720729774.294411,CYi6kX2Zih4VY5iuF8,192.168.1.6,46696.0,192.168.1.4,21.0,tcp,10.046669960021973,114.0,188.0,SF,1.0,1.0,0.0,ShAdDafFr,18.0,1058.0,17.0,1056.0,FTP
1720729427.637837,Czut8x4Qrq2MuGOfv3,192.168.1.6,47252.0,192.168.1.4,21.0,tcp,10.382575988769531,136.0,188.0,SF,1.0,1.0,0.0,ShAdDafrF,18.0,1080.0,17.0,1056.0,FTP
1720728417.154828,CuR8gy3MIj557fAqcf,192.168.1.6,47060.0,192.168.1.4,21.0,tcp,10.00162386894226,118.0,188.0,SF,1.0,1.0,0.0,ShAdDafrF,18.0,1062.0,17.0,1056.0,FTP
1720727854.23294,ChW8gZ39ncpQn85JDe,192.168.1.4,35334.0,192.168.1.1,53.0,udp,0.005177974700927,48.0,105.0,SF,1.0,1.0,0.0,Dd,1.0,76.0,1.0,133.0,DNS
1720731207.382401,CcFZMq2dyc6VcjWHI8,192.168.1.6,58426.0,192.168.1.4,21.0,tcp,9.70021104812622,114.0,188.0,SF,1.0,1.0,0.0,ShAdDafFr,18.0,1058.0,17.0,1056.0,FTP
1720728117.178364,C359tZRAsRq4SWAe,192.168.1.6,53722.0,192.168.1.4,21.0,tcp,9.272166967391968,118.0,188.0,SF,1.0,1.0,0.0,ShAdDafFr,18.0,1062.0,17.0,1056.0,FTP
1720730567.515736,CaxLN81daVLa49zFta,192.168.1.6,33692.0,192.168.1.4,21.0,tcp,9.644094944000244,124.0,188.0,SF,1.0,1.0,0.0,ShAdDafFr,18.0,1068.0,17.0,1056.0,FTP
1720729679.749674,CaKzoM21mmWIja9wh5,192.168.1.6,54696.0,192.168.1.4,21.0,tcp,9.827491998672484,156.0,188.0,SF,1.0,1.0,0.0,ShAdDafrF,18.0,1100.0,17.0,1056.0,FTP
1720731423.198181,CzjCP93lncn2oXqAI7,192.168.1.6,35404.0,192.168.1.4,21.0,tcp,9.861330032348633,152.0,188.0,SF,1.0,1.0,0.0,ShAdDafrF,18.0,1096.0,17.0,1056.0,FTP
1720728061.838087,CxupiN1SYw1WmUy6Ud,192.168.1.6,46094.0,192.168.1.4,21.0,tcp,9.317456007003784,116.0,188.0,SF,1.0,1.0,0.0,ShAdDafrF,18.0,1060.0,17.0,1056.0,FTP
1720730348.660534,CGbIru1vDLeLQqwFE4,192.168.1.6,48968.0,192.168.1.4,21.0,tcp,10.36771321296692,134.0,188.0,SF,1.0,1.0,0.0,ShAdDafrF,18.0,1078.0,17.0,1056.0,FTP
1720728125.356733,CTVvLL1fwmbqQO9NFj,192.168.1.4,48217.0,192.168.1.1,53.0,udp,10.36771321296692,134.0,188.0,SF,1.0,1.0,0.0,ShAdDafrF,18.0,1078.0,17.0,1056.0,DNS
1720727914.196361,CjJbDunW2UHKadzG4,192.168.1.4,39770.0,13.224.214.94,443.0,udp,10.36771321296692,134.0,188.0,SF,1.0,1.0,0.0,ShAdDafrF,18.0,1078.0,17.0,1056.0,HTTPS
1720728306.058353,CaCylw3dZcq2MhwV9i,192.168.1.4,40959.0,142.250.65.194,443.0,udp,10.36771321296692,134.0,188.0,SF,1.0,1.0,0.0,IIiiiIhhhHHhH,18.0,1078.0,17.0,1056.0,HTTPS
1720730190.59044,CM3FzO1B1UpnOAEcne,192.168.1.6,53620.0,192.168.1.4,21.0,tcp,10.623033046722412,131.0,188.0,SF,1.0,1.0,0.0,ShAdDafFr,18.0,1075.0,17.0,1056.0,FTP
1720730857.216807,Cvw8Kc1IfYxQoVYS17,192.168.1.6,41940.0,192.168.1.4,21.0,tcp,10.53946018218994,121.0,188.0,SF,1.0,1.0,0.0,ShAdDafrF,18.0,1065.0,17.0,1056.0,FTP
1720728422.042535,CCHeEj19gMpVc1Aja,192.168.1.6,47090.0,192.168.1.4,21.0,tcp,10.714601993560793,118.0,188.0,SF,1.0,1.0,0.0,ShAdDafrF,18.0,1062.0,17.0,1056.0,FTP
1720728186.430582,Ca07IW3FGgM0YwJyB8,192.168.1.4,58256.0,192.168.1.1,53.0,udp,10.714601993560793,118.0,188.0,SF,1.0,1.0,0.0,ShAdDafrF,18.0,1062.0,17.0,1056.0,DNS
1720727764.256249,COMSfx1QXYAixThC3j,192.168.1.4,49093.0,192.168.1.1,53.0,udp,0.001322031021118,60.0,120.0,SF,1.0,1.0,0.0,Dd,1.0,88.0,1.0,148.0,DNS
1720729516.417124,CGiMaY3d6yZKyK2kmi,192.168.1.6,36496.0,192.168.1.4,21.0,tcp,11.08552885055542,115.0,188.0,SF,1.0,1.0,0.0,ShAdDafFr,18.0,1059.0,17.0,1056.0,FTP
1720731545.072722,CK9ETP2roHb1v9uWAc,192.168.1.6,39758.0,192.168.1.4,21.0,tcp,9.77922296524048,142.0,188.0,SF,1.0,1.0,0.0,ShAdDafrF,18.0,1086.0,17.0,1056.0,FTP
1720727676.403548,C0QK7R2MW9unpt1fH6,192.168.1.4,48744.0,104.244.42.3,443.0,tcp,300.4117109775543,2723.0,4387.0,SF,1.0,0.0,0.0,ShADadFfR,21.0,3799.0,20.0,5435.0,HTTPS
1720727958.218141,CS6tAO3BoxXGGlaUTc,192.168.1.6,56578.0,192.168.1.4,21.0,tcp,11.092067003250122,118.0,188.0,SF,1.0,1.0,0.0,ShAdDafrF,18.0,1062.0,17.0,1056.0,FTP
1720728903.596195,CxsN9RluOMNLdHWR,192.168.1.6,43398.0,192.168.1.4,21.0,tcp,8.932689905166626,150.0,188.0,SF,1.0,1.0,0.0,ShAdDafFr,18.0,1094.0,17.0,1056.0,FTP
1720730720.52021,CnVJbr3ENFhOQiF3Ke,192.168.1.6,43990.0,192.168.1.4,21.0,tcp,9.312205076217651,129.0,188.0,SF,1.0,1.0,0.0,ShAdDafFr,18.0,1073.0,17.0,1056.0,FTP
1720728684.340978,C35Jut1KgRZNtSgoda,192.168.1.6,55000.0,192.168.1.4,21.0,tcp,10.424947023391724,133.0,188.0,SF,1.0,1.0,0.0,ShAdDafrF,18.0,1077.0,17.0,1056.0,FTP
1720729210.09662,CKhctj3xqDCrQxkWy7,192.168.1.6,56442.0,192.168.1.4,21.0,tcp,9.777891874313354,124.0,188.0,SF,1.0,1.0,0.0,ShAdDafFr,18.0,1068.0,17.0,1056.0,FTP
1720727915.681094,CgNxL73DXVUYZpJaP4,192.168.1.4,49174.0,13.224.214.45,443.0,tcp,9.777891874313354,124.0,188.0,SF,1.0,1.0,0.0,ShAdDafFr,18.0,1068.0,17.0,1056.0,HTTPS
1720728064.569056,CLI8EshrQe4gqEL43,192.168.1.4,36961.0,192.168.1.1,53.0,udp,9.777891874313354,124.0,188.0,SF,1.0,1.0,0.0,ShAdDafFr,18.0,1068.0,17.0,1056.0,DNS
1720729347.824751,C7Owf04t86VGa7tl84,192.168.1.6,32952.0,192.168.1.4,21.0,tcp,9.95549702644348,127.0,188.0,SF,1.0,1.0,0.0,ShAdDafrF,18.0,1071.0,17.0,1056.0,FTP
1720731733.234037,C7LRWm3RCwcmHeAi9g,192.168.1.4,47168.0,192.168.1.1,53.0,udp,0.023574113845825,58.0,418.0,SF,1.0,1.0,0.0,Dd,1.0,86.0,1.0,446.0,DNS
1720728433.256688,CWSnx910aqN2cWozef,192.168.1.4,51840.0,91.189.91.97,80.0,udp,0.023574113845825,58.0,418.0,SF,1.0,1.0,0.0,Dd,1.0,86.0,1.0,446.0,HTTP
1720730635.758012,CT9eNwWF2cEghVBMb,192.168.1.6,48578.0,192.168.1.4,21.0,tcp,9.915029048919678,131.0,188.0,SF,1.0,1.0,0.0,ShAdDafrF,18.0,1075.0,17.0,1056.0,FTP
1720728219.975761,ClLx5m1Bf28QQDNO2f,192.168.1.4,37776.0,104.96.221.64,443.0,tcp,9.915029048919678,131.0,188.0,SF,1.0,1.0,0.0,ShAdDafrF,18.0,1075.0,17.0,1056.0,HTTPS
1720728306.158668,CQytVee8Mfhs5iiLb,192.168.1.4,37928.0,192.168.1.1,53.0,udp,9.915029048919678,131.0,188.0,SF,1.0,1.0,0.0,ShAdDafrF,18.0,1075.0,17.0,1056.0,DNS
1720728474.114516,CbJ0WW3eHlhMLVxuti,192.168.1.6,53084.0,192.168.1.4,21.0,tcp,10.117022037506104,117.0,188.0,SF,1.0,1.0,0.0,ShAdDafrF,18.0,1061.0,17.0,1056.0,FTP
1720728035.129868,Cx6YmB4mqCW3yf8Ji7,192.168.1.4,57281.0,192.168.1.1,53.0,udp,0.014379978179931,52.0,374.0,SF,1.0,1.0,0.0,Dd,1.0,80.0,1.0,402.0,DNS
1720731318.328937,CmQ6lE4dV9V4wfz2c5,192.168.1.6,34648.0,192.168.1.4,21.0,tcp,10.891495943069458,154.0,188.0,SF,1.0,1.0,0.0,ShAdDafrF,18.0,1098.0,17.0,1056.0,FTP
1720728266.925783,CCt2vm4tL0B02NA98c,192.168.1.6,34652.0,192.168.1.4,21.0,tcp,10.22485613822937,118.0,188.0,SF,1.0,1.0,0.0,ShAdDafrF,18.0,1062.0,17.0,1056.0,FTP
1720728064.231634,CXt1ycQEmJPFHDuzf,192.168.1.4,55327.0,192.168.1.1,53.0,udp,0.151876211166381,47.0,308.0,SF,1.0,1.0,0.0,Dd,1.0,75.0,1.0,336.0,DNS
1720727824.979342,CFCw0U1TxJEmV9jRd3,192.168.1.4,56912.0,142.251.32.110,443.0,tcp,240.12764811515808,2616.0,10146.0,SF,1.0,0.0,0.0,ShADadFf,23.0,3820.0,23.0,11350.0,HTTPS
1720729551.755923,CG7Xw74NksBDuaIGDf,192.168.1.6,48974.0,192.168.1.4,21.0,tcp,9.970396041870115,124.0,188.0,SF,1.0,1.0,0.0,ShAdDafFr,18.0,1068.0,17.0,1056.0,FTP
1720728245.984762,CjyP2I2NMHwPLc2Zi3,192.168.1.6,50818.0,192.168.1.4,21.0,tcp,11.03977108001709,118.0,188.0,SF,1.0,1.0,0.0,ShAdDafrF,18.0,1062.0,17.0,1056.0,FTP
1720728306.049712,CHjY7M24UPg9uknxyb,192.168.1.4,35439.0,31.13.71.36,443.0,tcp,11.03977108001709,118.0,188.0,SF,1.0,1.0,0.0,IIishhhHHh,18.0,1062.0,17.0,1056.0,HTTPS
1720728176.706768,CkLLZL33WRHXb9CEq9,192.168.1.6,37084.0,192.168.1.4,21.0,tcp,9.689054012298584,118.0,188.0,SF,1.0,1.0,0.0,ShAdDafrF,18.0,1062.0,17.0,1056.0,FTP
1720728636.267925,CTIld83MVMEVfoEkS3,192.168.1.6,45554.0,192.168.1.4,21.0,tcp,10.045872926712036,121.0,188.0,SF,1.0,1.0,0.0,ShAdDafrF,18.0,1065.0,17.0,1056.0,FTP
1720729687.510274,Cznc3phYonoNMtVS3,192.168.1.6,56010.0,192.168.1.4,21.0,tcp,8.90359902381897,113.0,188.0,SF,1.0,1.0,0.0,ShAdDafrF,18.0,1057.0,17.0,1056.0,FTP
1720728358.046392,C0msKPD23IZnLLWAe,192.168.1.6,36020.0,192.168.1.4,21.0,tcp,10.47996997833252,118.0,188.0,SF,1.0,1.0,0.0,ShAdDafrF,18.0,1062.0,17.0,1056.0,FTP
1720731602.256352,CIz2zB4B3K6AwzvdXj,192.168.1.6,60918.0,192.168.1.4,21.0,tcp,10.514464139938354,161.0,188.0,SF,1.0,1.0,0.0,ShAdDafrF,18.0,1105.0,17.0,1056.0,FTP
1720731499.350427,Cit9Df16HlzXjmSIV7,192.168.1.6,37998.0,192.168.1.4,21.0,tcp,9.28716206550598,133.0,188.0,SF,1.0,1.0,0.0,ShAdDafFr,18.0,1077.0,17.0,1056.0,FTP
1720729715.071837,C1FRNV1JhMz13CAQyk,192.168.1.6,56532.0,192.168.1.4,21.0,tcp,9.89968204498291,127.0,188.0,SF,1.0,1.0,0.0,ShAdDafFr,18.0,1071.0,17.0,1056.0,FTP
1720728305.18613,CzXgvP1lm1G4MW42da,192.168.1.4,45752.0,3.219.142.129,443.0,tcp,46.25871801376343,1912.0,5674.0,SF,1.0,0.0,0.0,ShADadFf,11.0,2492.0,11.0,6254.0,HTTPS
1720728186.547486,CukUgV1Tr0d0g4JEf,192.168.1.4,49623.0,192.168.1.1,53.0,udp,0.001566886901855,47.0,321.0,SF,1.0,1.0,0.0,Dd,1.0,75.0,1.0,349.0,DNS
1720729167.28462,CLsdTs3zw5oMxjJXhe,192.168.1.6,38294.0,192.168.1.4,21.0,tcp,10.021158933639526,112.0,188.0,SF,1.0,1.0,0.0,ShAdDafrF,18.0,1056.0,17.0,1056.0,FTP
1720729567.964943,CCZuM4xZyZvN7faI3,192.168.1.6,55710.0,192.168.1.4,21.0,tcp,9.560439109802246,111.0,188.0,SF,1.0,1.0,0.0,ShAdDafFr,18.0,1055.0,17.0,1056.0,FTP
1720728095.277044,CAtDXU2RbNAKzdmJff,192.168.1.4,42120.0,104.108.97.114,443.0,tcp,113.48081398010254,2732.0,5631.0,SF,1.0,0.0,0.0,ShADadFfR,15.0,3496.0,14.0,6367.0,HTTPS
1720728184.697583,Cn8ozZ250PAPVQbO95,192.168.1.4,47112.0,23.48.104.69,443.0,tcp,113.48081398010254,2732.0,5631.0,SF,1.0,0.0,0.0,ShADadFfR,15.0,3496.0,14.0,6367.0,HTTPS
1720730867.874506,CUSAIq4US1HvmrgSr1,192.168.1.6,39198.0,192.168.1.4,21.0,tcp,9.628068923950195,129.0,188.0,SF,1.0,1.0,0.0,ShAdDafrF,18.0,1073.0,17.0,1056.0,FTP
1720728186.933683,CH9am3HzG0pjdv5Ph,192.168.1.4,59114.0,23.205.106.81,443.0,tcp,9.628068923950195,129.0,188.0,SF,1.0,1.0,0.0,ShAdDafrF,18.0,1073.0,17.0,1056.0,HTTPS
1720728173.365153,CGU1jy31LphJv38NKh,192.168.1.6,37014.0,192.168.1.4,21.0,tcp,10.305794954299929,118.0,188.0,SF,1.0,1.0,0.0,ShAdDafFr,18.0,1062.0,17.0,1056.0,FTP
1720728245.100295,CaFoWm2yqP5mMV4z6l,192.168.1.4,53383.0,192.168.1.1,53.0,udp,10.305794954299929,118.0,188.0,SF,1.0,1.0,0.0,ShAdDafFr,18.0,1062.0,17.0,1056.0,DNS
1720728120.374131,Ci8uSE4CC3juCnN8j5,192.168.1.6,53824.0,192.168.1.4,21.0,tcp,9.870877981185911,118.0,188.0,SF,1.0,1.0,0.0,ShAdDafrF,18.0,1062.0,17.0,1056.0,FTP
1720728685.976347,CksHzg4JvTrjmAkJ1,192.168.1.6,55068.0,192.168.1.4,21.0,tcp,10.456296920776367,130.0,188.0,SF,1.0,1.0,0.0,ShAdDafrF,18.0,1074.0,17.0,1056.0,FTP
1720727916.254454,CeJrB1359H0NSm3wZ7,192.168.1.4,34343.0,192.168.1.1,53.0,udp,0.002637147903442,58.0,329.0,SF,1.0,1.0,0.0,Dd,1.0,86.0,1.0,357.0,DNS
1720728155.206871,CKchlB3EVqnLJoYDg5,192.168.1.4,60066.0,142.250.81.238,443.0,udp,0.002637147903442,58.0,329.0,SF,1.0,1.0,0.0,Dd,1.0,86.0,1.0,357.0,HTTPS
1720728792.080534,CaAfIh37t6XEHCaZW7,192.168.1.6,33968.0,192.168.1.4,21.0,tcp,10.566729068756104,117.0,188.0,SF,1.0,1.0,0.0,ShAdDafFr,18.0,1061.0,17.0,1056.0,FTP
1720727673.748243,CKsE74k6oTJT0hvkh,192.168.1.4,53768.0,23.220.128.152,443.0,tcp,121.40941786766052,2635.0,5337.0,SF,1.0,0.0,0.0,ShADadfF,22.0,3787.0,24.0,6593.0,HTTPS
1720730679.213598,COgdxm4dAUYo1NGDnf,192.168.1.6,42258.0,192.168.1.4,21.0,tcp,9.406575918197632,123.0,188.0,SF,1.0,1.0,0.0,ShAdDafrF,18.0,1067.0,17.0,1056.0,FTP
1720727794.624763,CHGjwV2gMKAbWZvsLh,192.168.1.4,43521.0,31.13.71.7,443.0,tcp,9.406575918197632,123.0,188.0,SF,1.0,1.0,0.0,ShAdDafrF,18.0,1067.0,17.0,1056.0,HTTPS
1720730321.412034,CU0Zszs9aPpB8YCc7,192.168.1.6,39202.0,192.168.1.4,21.0,tcp,10.285134077072144,125.0,188.0,SF,1.0,1.0,0.0,ShAdDafrF,18.0,1069.0,17.0,1056.0,FTP
1720728708.423431,CFkZZX3Dwq9e2VCrA2,192.168.1.6,37424.0,192.168.1.4,21.0,tcp,10.977576971054075,140.0,188.0,SF,1.0,1.0,0.0,ShAdDafrF,18.0,1084.0,17.0,1056.0,FTP
1720729345.758302,CHTLbn2FycgzZN8fAc,192.168.1.6,32898.0,192.168.1.4,21.0,tcp,10.59896206855774,123.0,188.0,SF,1.0,1.0,0.0,ShAdDafrF,18.0,1067.0,17.0,1056.0,FTP
1720727764.210646,Crwezj1L9g7UCnFcE4,192.168.1.4,52544.0,192.168.1.1,53.0,udp,0.001204967498779,68.0,129.0,SF,1.0,1.0,0.0,Dd,1.0,96.0,1.0,157.0,DNS
1720729196.170181,CCLIxr3IFmUaQSHB69,192.168.1.6,39072.0,192.168.1.4,21.0,tcp,9.667716979980469,121.0,188.0,SF,1.0,1.0,0.0,ShAdDafrF,18.0,1065.0,17.0,1056.0,FTP
1720728167.727038,C5sx5d2UjuyMVwY8xe,192.168.1.6,47008.0,192.168.1.4,21.0,tcp,9.644187211990356,118.0,188.0,SF,1.0,1.0,0.0,ShAdDafrF,18.0,1062.0,17.0,1056.0,FTP
1720728887.23742,CDTlWI3sjP4iITTIgh,192.168.1.6,55480.0,192.168.1.4,21.0,tcp,9.226601839065552,146.0,188.0,SF,1.0,1.0,0.0,ShAdDafrF,18.0,1090.0,17.0,1056.0,FTP
1720728561.135437,Cn50mw4rMaf5Goe44g,192.168.1.6,50812.0,192.168.1.4,21.0,tcp,9.138593912124634,118.0,188.0,SF,1.0,1.0,0.0,ShAdDafrF,18.0,1062.0,17.0,1056.0,FTP
1720729047.689617,CzRvQl1g7azpAx2464,192.168.1.6,55970.0,192.168.1.4,21.0,tcp,9.902969121932983,126.0,188.0,SF,1.0,1.0,0.0,ShAdDafFr,18.0,1070.0,17.0,1056.0,FTP
1720729854.909116,C5w4rmjyHpceaTldb,192.168.1.6,47816.0,192.168.1.4,21.0,tcp,9.620845079421995,130.0,188.0,SF,1.0,1.0,0.0,ShAdDafrF,18.0,1074.0,17.0,1056.0,FTP
1720728903.625382,CgZqVw42b59Sjmed8i,192.168.1.6,43414.0,192.168.1.4,21.0,tcp,8.944765090942383,168.0,188.0,SF,1.0,1.0,0.0,ShAdDafFr,18.0,1112.0,17.0,1056.0,FTP
1720728081.94408,CzvXZB19dsWiiD1I3j,192.168.1.6,52202.0,192.168.1.4,21.0,tcp,9.540042877197266,118.0,188.0,SF,1.0,1.0,0.0,ShAdDafrF,18.0,1062.0,17.0,1056.0,FTP
1720727915.213777,CfQtwciJL0PzDpyUb,192.168.1.4,36378.0,192.168.1.1,53.0,udp,9.540042877197266,118.0,188.0,SF,1.0,1.0,0.0,ShAdDafrF,18.0,1062.0,17.0,1056.0,DNS
1720730626.896398,CeWBmG1wPhTxifwZS8,192.168.1.6,45094.0,192.168.1.4,21.0,tcp,10.69845986366272,127.0,188.0,SF,1.0,1.0,0.0,ShAdDafrF,18.0,1071.0,17.0,1056.0,FTP
1720728906.002111,CT6BJFKhCBR9izWla,192.168.1.6,43440.0,192.168.1.4,21.0,tcp,9.097887992858888,149.0,188.0,SF,1.0,1.0,0.0,ShAdDafrF,18.0,1093.0,17.0,1056.0,FTP
1720728096.335027,CQ6thr1nttYX6blLqh,192.168.1.4,43265.0,192.168.1.1,53.0,udp,9.097887992858888,149.0,188.0,SF,1.0,1.0,0.0,ShAdDafrF,18.0,1093.0,17.0,1056.0,DNS
1720728999.94837,CwD3Qg4aNeIgSy26k5,192.168.1.6,51466.0,192.168.1.4,21.0,tcp,10.749948024749756,136.0,188.0,SF,1.0,1.0,0.0,ShAdDafrF,18.0,1080.0,17.0,1056.0,FTP
1720728425.885765,CeF7i64Eg2x2Fo6Hmk,192.168.1.6,50500.0,192.168.1.4,21.0,tcp,9.89114499092102,118.0,188.0,SF,1.0,1.0,0.0,ShAdDafrF,18.0,1062.0,17.0,1056.0,FTP
1720728176.686457,CxGN7Q3A2uGpjBfB48,192.168.1.6,37070.0,192.168.1.4,21.0,tcp,9.689367055892944,118.0,188.0,SF,1.0,1.0,0.0,ShAdDafrF,18.0,1062.0,17.0,1056.0,FTP
1720728215.690169,CrDrYw2LGQCAhG6Nml,192.168.1.4,37928.0,142.251.40.202,443.0,tcp,9.689367055892944,118.0,188.0,SF,1.0,1.0,0.0,ShAdDafrF,18.0,1062.0,17.0,1056.0,HTTPS
1720728185.233427,Ch3Hh22VS8XDSjVi0k,192.168.1.4,59742.0,23.205.106.82,443.0,tcp,9.689367055892944,118.0,188.0,SF,1.0,1.0,0.0,ShAdDafrF,18.0,1062.0,17.0,1056.0,HTTPS
1720731841.64336,CERzNn1s1tOothIL62,192.168.1.6,51838.0,192.168.1.4,21.0,tcp,8.822550058364868,118.0,188.0,SF,1.0,1.0,0.0,ShAdDafFr,18.0,1062.0,17.0,1056.0,FTP
1720728331.259511,CagpmGuU13u6TIBbf,192.168.1.6,52262.0,192.168.1.4,21.0,tcp,11.174665927886965,118.0,188.0,SF,1.0,1.0,0.0,ShAdDafrF,18.0,1062.0,17.0,1056.0,FTP
1720727915.8015,CIwmX1IxqUgWO4PNb,192.168.1.4,49194.0,13.224.214.45,443.0,tcp,240.5858838558197,3039.0,6867.0,RSTO,1.0,0.0,0.0,ShADadfR,20.0,4087.0,17.0,7759.0,HTTPS
1720728865.608582,CSbGkc2fvmXDNhjRb2,192.168.1.6,52364.0,192.168.1.4,21.0,tcp,10.10492205619812,143.0,188.0,SF,1.0,1.0,0.0,ShAdDafrF,18.0,1087.0,17.0,1056.0,FTP
1720728245.135772,C69Sqt3TseCnP22GT5,192.168.1.4,37886.0,192.168.1.1,53.0,udp,0.018248081207275,58.0,131.0,SF,1.0,1.0,0.0,Dd,1.0,86.0,1.0,159.0,DNS
1720731136.651982,CM4uVMoAys5ne4xra,192.168.1.6,35476.0,192.168.1.4,21.0,tcp,10.063052892684937,109.0,188.0,SF,1.0,1.0,0.0,ShAdDafrF,18.0,1053.0,17.0,1056.0,FTP
1720728096.33476,CqNrpP1HKPyDSDIFij,192.168.1.4,58737.0,192.168.1.1,53.0,udp,10.063052892684937,109.0,188.0,SF,1.0,1.0,0.0,ShAdDafrF,18.0,1053.0,17.0,1056.0,DNS
1720728155.309789,Cu0jIywSeWH3bIBLh,192.168.1.4,33122.0,54.172.17.238,443.0,udp,10.063052892684937,109.0,188.0,SF,1.0,1.0,0.0,ShAdDafrF,18.0,1053.0,17.0,1056.0,HTTPS
1720728164.606454,CE6cSw45U3TOQRZZD1,192.168.1.6,46918.0,192.168.1.4,21.0,tcp,8.773144006729126,118.0,188.0,SF,1.0,1.0,0.0,ShAdDafrF,18.0,1062.0,17.0,1056.0,FTP
1720727854.235515,CCTdjI2poUIndf7bw3,192.168.1.4,34394.0,192.96.159.127,443.0,tcp,37.09148192405701,1903.0,3206.0,SF,1.0,0.0,0.0,ShADadfF,9.0,2379.0,10.0,3734.0,HTTPS
1720728134.75459,CcjgIp3YJiVilvHE0g,192.168.1.6,37270.0,192.168.1.4,21.0,tcp,9.380636930465698,117.0,188.0,SF,1.0,1.0,0.0,ShAdDafrF,18.0,1061.0,17.0,1056.0,FTP
1720729741.059812,CgxmAjYlkExwevNDi,192.168.1.6,42568.0,192.168.1.4,21.0,tcp,8.806238889694214,114.0,188.0,SF,1.0,1.0,0.0,ShAdDafrF,18.0,1058.0,17.0,1056.0,FTP
1720728271.93588,Cxn3rE3wuHtbMeHx9g,192.168.1.4,44856.0,35.190.80.1,443.0,tcp,8.806238889694214,114.0,188.0,SF,1.0,1.0,0.0,ShAdDafrF,18.0,1058.0,17.0,1056.0,HTTPS
1720730447.543318,CRgjmjETunn7n8Ht4,192.168.1.6,44148.0,192.168.1.4,21.0,tcp,9.241314888000488,135.0,188.0,SF,1.0,1.0,0.0,ShAdDafFr,18.0,1079.0,17.0,1056.0,FTP
1720731868.432477,CeSm0nT3854clXj3f,192.168.1.6,58028.0,192.168.1.4,21.0,tcp,10.4303719997406,132.0,188.0,SF,1.0,1.0,0.0,ShAdDafrF,18.0,1076.0,17.0,1056.0,FTP
1720731107.8469,CvCcZtYPVHZ0Jvsj,192.168.1.6,40408.0,192.168.1.4,21.0,tcp,10.593584060668944,121.0,188.0,SF,1.0,1.0,0.0,ShAdDafrF,18.0,1065.0,17.0,1056.0,FTP
1720728035.109296,C0Tgx9NQ9yRfpIRw4,192.168.1.4,35632.0,192.168.1.1,53.0,udp,0.014246940612792,53.0,103.0,SF,1.0,1.0,0.0,Dd,1.0,81.0,1.0,131.0,DNS
1720729933.947449,CRBxEiUKKav85t1i2,192.168.1.6,47682.0,192.168.1.4,21.0,tcp,9.307424068450928,133.0,188.0,SF,1.0,1.0,0.0,ShAdDafrF,18.0,1077.0,17.0,1056.0,FTP
1720728274.613252,C7qvkCVAi7TXbN3e8,192.168.1.6,57488.0,192.168.1.4,21.0,tcp,9.249154090881348,118.0,188.0,SF,1.0,1.0,0.0,ShAdDafrF,18.0,1062.0,17.0,1056.0,FTP
1720730378.715829,CQVMDiPiWONR0OqI5,192.168.1.6,33390.0,192.168.1.4,21.0,tcp,8.955875158309937,141.0,188.0,SF,1.0,1.0,0.0,ShAdDafrF,18.0,1085.0,17.0,1056.0,FTP
1720727854.232882,COBQSVHaJT5IBazHl,192.168.1.4,43366.0,192.168.1.1,53.0,udp,0.005059957504272,48.0,319.0,SF,1.0,1.0,0.0,Dd,1.0,76.0,1.0,347.0,DNS
1720728124.415649,CtAnKg3S2evn9AnOe,192.168.1.4,44010.0,192.168.1.1,53.0,udp,0.017402172088623,42.0,275.0,SF,1.0,1.0,0.0,Dd,1.0,70.0,1.0,303.0,DNS
1720727990.643749,CnLG5XZD15rDgljSh,192.168.1.6,48618.0,192.168.1.4,21.0,tcp,10.080615997314451,118.0,188.0,SF,1.0,1.0,0.0,ShAdDafrF,18.0,1062.0,17.0,1056.0,FTP
1720728245.063238,CTJuQQ3GKlj01f5jId,192.168.1.4,41060.0,192.168.1.1,53.0,udp,0.030205011367797,49.0,374.0,SF,1.0,1.0,0.0,Dd,1.0,77.0,1.0,402.0,DNS
1720728927.553116,CMUfKM7VWKQrAXPI8,192.168.1.6,56372.0,192.168.1.4,21.0,tcp,9.8431658744812,154.0,188.0,SF,1.0,1.0,0.0,ShAdDafrF,18.0,1098.0,17.0,1056.0,FTP
1720727763.044006,CLrghk3Txj9DUtXz64,192.168.1.4,54841.0,192.168.1.1,53.0,udp,0.015878915786743,36.0,351.0,SF,1.0,1.0,0.0,Dd,1.0,64.0,1.0,379.0,DNS
1720730041.12538,Cj5C9Y1ksUs2o5Wx96,192.168.1.6,34410.0,192.168.1.4,21.0,tcp,10.278560876846312,132.0,188.0,SF,1.0,1.0,0.0,ShAdDafFr,18.0,1076.0,17.0,1056.0,FTP
1720727764.908245,CT9Wgs1PgP9PmFxp81,192.168.1.4,33274.0,34.111.60.239,443.0,tcp,0.051877975463867,1823.0,4144.0,SF,1.0,0.0,0.0,ShADadFRfR,9.0,2275.0,7.0,4516.0,HTTPS
1720728960.152488,C3Inhm3GNsmm50mW51,192.168.1.6,60966.0,192.168.1.4,21.0,tcp,9.948417901992798,119.0,188.0,SF,1.0,1.0,0.0,ShAdDafrF,18.0,1063.0,17.0,1056.0,FTP
1720731266.426893,CfYTYy1bE7Nn1LVjOk,192.168.1.6,60976.0,192.168.1.4,21.0,tcp,9.861737966537476,154.0,188.0,SF,1.0,1.0,0.0,ShAdDafrF,18.0,1098.0,17.0,1056.0,FTP
1720730298.656389,C1pjuK2Ox2o1ATCbL1,192.168.1.6,44660.0,192.168.1.4,21.0,tcp,10.620397090911863,127.0,188.0,SF,1.0,1.0,0.0,ShAdDafFr,18.0,1071.0,17.0,1056.0,FTP
1720730130.632438,CI3lFm4v6RaNGWY7t8,192.168.1.6,52790.0,192.168.1.4,21.0,tcp,10.742470979690552,132.0,188.0,SF,1.0,1.0,0.0,ShAdDafFr,18.0,1076.0,17.0,1056.0,FTP
1720730030.745285,CjXPZb2h303hOLuSd8,192.168.1.6,59278.0,192.168.1.4,21.0,tcp,10.3799250125885,129.0,188.0,SF,1.0,1.0,0.0,ShAdDafrF,18.0,1073.0,17.0,1056.0,FTP
1720731216.51791,CCGnXs2oU2JtUc6242,192.168.1.6,51900.0,192.168.1.4,21.0,tcp,9.412051916122437,122.0,188.0,SF,1.0,1.0,0.0,ShAdDafrF,18.0,1066.0,17.0,1056.0,FTP
1720730213.565924,CSbGG83B0RfvYQzNh2,192.168.1.6,38066.0,192.168.1.4,21.0,tcp,10.248927116394045,130.0,188.0,SF,1.0,1.0,0.0,ShAdDafrF,18.0,1074.0,17.0,1056.0,FTP
1720727913.616802,CblqHOMHxTuDPwDF6,192.168.1.4,40685.0,192.168.1.1,53.0,udp,0.166626930236816,43.0,276.0,SF,1.0,1.0,0.0,Dd,1.0,71.0,1.0,304.0,DNS
1720728125.242553,C4jAn929t6ftSg1t6d,192.168.1.4,38824.0,142.250.176.206,443.0,tcp,83.51315689086914,3006.0,9088.0,SF,1.0,0.0,0.0,ShADadFf,17.0,3898.0,15.0,9876.0,HTTPS
1720727764.019279,Cojam22GIgvknRdfmf,192.168.1.4,49068.0,130.211.23.194,443.0,tcp,444.7307379245758,2797.0,5856.0,SF,1.0,0.0,0.0,ShADadFf,31.0,4417.0,30.0,7424.0,HTTPS
1720731841.769806,CrkKi51clWPhUmK4E5,192.168.1.6,51848.0,192.168.1.4,21.0,tcp,8.825347185134888,130.0,188.0,SF,1.0,1.0,0.0,ShAdDafFr,18.0,1074.0,17.0,1056.0,FTP
1720729899.057338,CJWQfw2t640K91acT,192.168.1.6,59690.0,192.168.1.4,21.0,tcp,10.34792709350586,118.0,188.0,SF,1.0,1.0,0.0,ShAdDafrF,18.0,1062.0,17.0,1056.0,FTP
1720731013.583475,CoLhfq3DdyjVA5kU6i,192.168.1.6,35440.0,192.168.1.4,21.0,tcp,11.36305284500122,120.0,188.0,SF,1.0,1.0,0.0,ShAdDafrF,18.0,1064.0,17.0,1056.0,FTP
1720729983.411114,CpNtKLmamfWvzt5gk,192.168.1.6,44468.0,192.168.1.4,21.0,tcp,9.473434925079346,125.0,188.0,SF,1.0,1.0,0.0,ShAdDafrF,18.0,1069.0,17.0,1056.0,FTP
1720728966.437181,C39DPR16VzjqFsbe5l,192.168.1.6,43094.0,192.168.1.4,21.0,tcp,9.73362112045288,159.0,188.0,SF,1.0,1.0,0.0,ShAdDafrF,18.0,1103.0,17.0,1056.0,FTP
1720730059.426589,CPjBHp3LWfEv5xcpI3,192.168.1.6,54830.0,192.168.1.4,21.0,tcp,9.3927960395813,144.0,188.0,SF,1.0,1.0,0.0,ShAdDafrF,18.0,1088.0,17.0,1056.0,FTP
1720729546.428426,CoV4Sv1Sm1gUdUwDJj,192.168.1.6,48906.0,192.168.1.4,21.0,tcp,10.443084955215454,121.0,188.0,SF,1.0,1.0,0.0,ShAdDafrF,18.0,1065.0,17.0,1056.0,FTP
1720728096.473707,CZK5GW1BKBCwA0NEl2,192.168.1.4,35051.0,142.250.80.68,443.0,udp,0.26145601272583,6114.0,11979.0,SF,1.0,0.0,0.0,Dd,14.0,6506.0,17.0,12455.0,HTTPS
1720728272.009248,C8mUpZ2oNN6Npod1C1,192.168.1.4,42400.0,104.96.220.105,80.0,udp,0.028013944625854,6114.0,11979.0,SF,0.0,0.0,0.0,Dd,14.0,6506.0,17.0,12455.0,HTTP
1720728943.353338,Cs4Ql2VzUevgG0gp,192.168.1.6,37532.0,192.168.1.4,21.0,tcp,10.0865581035614,122.0,188.0,SF,1.0,1.0,0.0,ShAdDafrF,18.0,1066.0,17.0,1056.0,FTP
1720728983.190431,C7O4GA1YJiuArKMpk9,192.168.1.6,34002.0,192.168.1.4,21.0,tcp,10.092912912368774,122.0,188.0,SF,1.0,1.0,0.0,ShAdDafrF,18.0,1066.0,17.0,1056.0,FTP
1720730247.109499,CdgC7n2fly3X9ZVxng,192.168.1.6,59326.0,192.168.1.4,21.0,tcp,10.342456102371216,122.0,188.0,SF,1.0,1.0,0.0,ShAdDafrF,18.0,1066.0,17.0,1056.0,FTP
1720728095.566181,CpeWNp4WqHOLgnTdef,192.168.1.4,57322.0,216.239.36.181,443.0,tcp,10.342456102371216,122.0,188.0,SF,1.0,1.0,0.0,IIiiiIhhhHHhH,18.0,1066.0,17.0,1056.0,HTTPS
1720730215.361245,C4GtBV3zWeVGNeKtQ7,192.168.1.6,38104.0,192.168.1.4,21.0,tcp,10.647087097167969,129.0,188.0,SF,1.0,1.0,0.0,ShAdDafrF,18.0,1073.0,17.0,1056.0,FTP
1720729975.796575,CGI6zRcF8Zo5Nvlub,192.168.1.6,38304.0,192.168.1.4,21.0,tcp,9.594976902008057,123.0,188.0,SF,1.0,1.0,0.0,ShAdDafrF,18.0,1067.0,17.0,1056.0,FTP
1720726362.691735,CvFCIPLWpBLkYD5W9,144.80.110.68,49958.0,192.168.1.4,22.0,tcp,1985.3360929489136,333444.0,735507914.0,RSTO,0.0,1.0,379896720.0,ShAdDaTTttgggggTtgFR,433792.0,18591076.0,225680.0,745888242.0,SSH
1720729177.305948,CaPcm84tcAbrXAguKd,192.168.1.6,37274.0,192.168.1.4,21.0,tcp,10.59465193748474,133.0,188.0,SF,1.0,1.0,0.0,ShAdDafrF,18.0,1077.0,17.0,1056.0,FTP
1720728096.271197,CyeZSS1Gv61HYdP02b,192.168.1.4,48300.0,192.168.1.1,53.0,udp,0.002916812896728,42.0,123.0,SF,1.0,1.0,0.0,Dd,1.0,70.0,1.0,151.0,DNS
1720731694.233363,Ca0bLv1nsTFCzuDfke,192.168.1.6,35524.0,192.168.1.4,21.0,tcp,10.2741060256958,167.0,188.0,SF,1.0,1.0,0.0,ShAdDafrF,18.0,1111.0,17.0,1056.0,FTP
1720731710.750187,CHSJtt418G2FdVpnag,192.168.1.6,52974.0,192.168.1.4,21.0,tcp,10.588344097137451,180.0,188.0,SF,1.0,1.0,0.0,ShAdDafrF,18.0,1124.0,17.0,1056.0,FTP
1720727965.291031,CpdrrA1b0gFaIOR7dj,192.168.1.6,41648.0,192.168.1.4,21.0,tcp,10.64347219467163,118.0,188.0,SF,1.0,1.0,0.0,ShAdDafrF,18.0,1062.0,17.0,1056.0,FTP
1720728335.953797,CJgfmn279SsqdGfe3k,192.168.1.4,46792.0,192.168.1.1,53.0,udp,10.64347219467163,118.0,188.0,SF,1.0,1.0,0.0,ShAdDafrF,18.0,1062.0,17.0,1056.0,DNS
1720731006.787031,C5s3tEcQro0Ubc6Ld,192.168.1.6,35408.0,192.168.1.4,21.0,tcp,11.67811918258667,125.0,188.0,SF,1.0,1.0,0.0,ShAdDafFr,18.0,1069.0,17.0,1056.0,FTP
1720728306.009506,CvpwRI3N0cYUgJVNEb,192.168.1.4,60805.0,192.168.1.1,53.0,udp,11.67811918258667,125.0,188.0,SF,1.0,1.0,0.0,ShAdDafFr,18.0,1069.0,17.0,1056.0,DNS
1720730408.590611,CyJWnq2BCTuvqDFZP1,192.168.1.6,55422.0,192.168.1.4,21.0,tcp,9.322885990142822,128.0,188.0,SF,1.0,1.0,0.0,ShAdDafrF,18.0,1072.0,17.0,1056.0,FTP
1720727735.443857,C5wxjI36QqF7mKCPBa,192.168.1.4,52968.0,18.238.11.220,443.0,tcp,240.0453381538391,2658.0,7179.0,SF,1.0,0.0,0.0,ShADadfF,22.0,3810.0,23.0,8383.0,HTTPS
1720728921.482481,CaBoLk1EnrfZLoK9Oa,192.168.1.6,50590.0,192.168.1.4,21.0,tcp,9.06934094429016,145.0,188.0,SF,1.0,1.0,0.0,ShAdDafrF,18.0,1089.0,17.0,1056.0,FTP
1720727795.988239,CPb5ebzWKw06U3gI7,192.168.1.6,57516.0,192.168.1.4,21.0,tcp,9.88771104812622,118.0,188.0,SF,1.0,1.0,0.0,ShAdDafrF,18.0,1062.0,17.0,1056.0,FTP
1720729966.679637,CuYyH81On9Nz0mwHf3,192.168.1.6,36190.0,192.168.1.4,21.0,tcp,9.071402072906494,127.0,188.0,SF,1.0,1.0,0.0,ShAdDafrF,18.0,1071.0,17.0,1056.0,FTP
1720728219.801571,ClZYpPBwXYAi2g3nd,192.168.1.4,35593.0,192.168.1.1,53.0,udp,9.071402072906494,127.0,188.0,SF,1.0,1.0,0.0,ShAdDafrF,18.0,1071.0,17.0,1056.0,DNS
1720727904.713794,Chboq225mOEq0KT8Cf,192.168.1.6,47600.0,192.168.1.4,21.0,tcp,10.923788070678713,116.0,188.0,SF,1.0,1.0,0.0,ShAdDafrF,18.0,1060.0,17.0,1056.0,FTP
1720729353.263406,Cny2HJ3Yp6lUa7hh89,192.168.1.6,48468.0,192.168.1.4,21.0,tcp,9.476289987564089,125.0,188.0,SF,1.0,1.0,0.0,ShAdDafrF,18.0,1069.0,17.0,1056.0,FTP
1720730446.006382,CTldMH3VX1vNJQeU55,192.168.1.6,44140.0,192.168.1.4,21.0,tcp,10.294801950454712,124.0,188.0,SF,1.0,1.0,0.0,ShAdDafrF,18.0,1068.0,17.0,1056.0,FTP
1720727915.523244,CbEtwy1Z8XNnShODtc,192.168.1.4,50020.0,142.251.40.196,443.0,tcp,10.294801950454712,124.0,188.0,SF,1.0,1.0,0.0,ShAdDafrF,18.0,1068.0,17.0,1056.0,HTTPS
1720728298.822573,C5kxtF3sAeGMA3U1L3,192.168.1.6,60702.0,192.168.1.4,21.0,tcp,9.924744129180908,118.0,188.0,SF,1.0,1.0,0.0,ShAdDafrF,18.0,1062.0,17.0,1056.0,FTP
1720728719.453683,CWpwOj27f7dkFfp3Ca,192.168.1.6,45250.0,192.168.1.4,21.0,tcp,10.505738019943236,139.0,188.0,SF,1.0,1.0,0.0,ShAdDafrF,18.0,1083.0,17.0,1056.0,FTP
1720728768.01588,CsUwlf49CtDSYzeVU1,192.168.1.6,33010.0,192.168.1.4,21.0,tcp,10.412336826324465,123.0,188.0,SF,1.0,1.0,0.0,ShAdDafFr,18.0,1067.0,17.0,1056.0,FTP
1720730367.965359,CnYM2Y2GUDlQG0xeLb,192.168.1.6,44806.0,192.168.1.4,21.0,tcp,10.843650102615356,127.0,188.0,SF,1.0,1.0,0.0,ShAdDafrF,18.0,1071.0,17.0,1056.0,FTP
1720729768.817717,C1GNYm1LkxTKbPOPsl,192.168.1.6,59080.0,192.168.1.4,21.0,tcp,10.671937942504885,113.0,188.0,SF,1.0,1.0,0.0,ShAdDafrF,18.0,1057.0,17.0,1056.0,FTP
1720731207.43564,Cmjxti1h1XwgLZbTHk,192.168.1.6,58434.0,192.168.1.4,21.0,tcp,9.700450897216797,134.0,188.0,SF,1.0,1.0,0.0,ShAdDafrF,18.0,1078.0,17.0,1056.0,FTP
1720730449.134245,CQRWWb3KYtXf19W8m1,192.168.1.6,44188.0,192.168.1.4,21.0,tcp,10.323086977005005,122.0,188.0,SF,1.0,1.0,0.0,ShAdDafrF,18.0,1066.0,17.0,1056.0,FTP
1720727733.215117,CihZAA2jcIY0pahdn3,192.168.1.4,54422.0,142.250.65.163,443.0,tcp,240.28827691078183,2392.0,21458.0,SF,1.0,0.0,0.0,ShADadFf,30.0,3960.0,29.0,22974.0,HTTPS
1720728941.840192,CRgUwKMVs6s5QXQch,192.168.1.6,42492.0,192.168.1.4,21.0,tcp,9.737335920333862,125.0,188.0,SF,1.0,1.0,0.0,ShAdDafrF,18.0,1069.0,17.0,1056.0,FTP
1720727851.071619,CnZPEd2GV0BHORfJg,192.168.1.6,39370.0,192.168.1.4,21.0,tcp,10.681276082992554,118.0,188.0,SF,1.0,1.0,0.0,ShAdDafrF,18.0,1062.0,17.0,1056.0,FTP
1720728207.739973,ClRgHF2SypQPiz2fZ3,192.168.1.6,43896.0,192.168.1.4,21.0,tcp,10.109547853469849,118.0,188.0,SF,1.0,1.0,0.0,ShAdDafrF,18.0,1062.0,17.0,1056.0,FTP
1720730887.182595,Cx1msf1LbPpaFNnJ1h,192.168.1.6,43340.0,192.168.1.4,21.0,tcp,11.032602071762083,130.0,188.0,SF,1.0,1.0,0.0,ShAdDafrF,18.0,1074.0,17.0,1056.0,FTP
1720728031.145186,CXCuhF3jZM4apmKs53,192.168.1.6,43162.0,192.168.1.4,21.0,tcp,10.961969137191772,118.0,188.0,SF,1.0,1.0,0.0,ShAdDafrF,18.0,1062.0,17.0,1056.0,FTP
1720730430.189764,CjYhrsALvFp7gu064,192.168.1.6,58898.0,192.168.1.4,21.0,tcp,10.504431009292604,136.0,188.0,SF,1.0,1.0,0.0,ShAdDafrF,18.0,1080.0,17.0,1056.0,FTP
1720727916.400856,CjsY7B3JjDCJPTnkOl,192.168.1.4,37381.0,192.168.1.1,53.0,udp,10.504431009292604,136.0,188.0,SF,1.0,1.0,0.0,ShAdDafrF,18.0,1080.0,17.0,1056.0,DNS
1720728245.113243,Cdipsn28GUZMfpvPm4,192.168.1.4,58070.0,104.104.72.162,443.0,udp,0.0,136.0,188.0,SF,0.0,1.0,0.0,ShAdDafrF,18.0,1080.0,17.0,1056.0,HTTPS
1720731848.752387,CtDGO34KweXyC5NeS7,192.168.1.6,35362.0,192.168.1.4,21.0,tcp,10.32925295829773,115.0,188.0,SF,1.0,1.0,0.0,ShAdDafrF,18.0,1059.0,17.0,1056.0,FTP
1720728363.305845,CzrpcP27o0uSQewCrj,192.168.1.6,46678.0,192.168.1.4,21.0,tcp,10.418751001358032,118.0,188.0,SF,1.0,1.0,0.0,ShAdDafrF,18.0,1062.0,17.0,1056.0,FTP
1720727980.22295,CLPfLG3hlpMTZ6bJC7,192.168.1.6,55150.0,192.168.1.4,21.0,tcp,10.484323978424072,117.0,188.0,SF,1.0,1.0,0.0,ShAdDafrF,18.0,1061.0,17.0,1056.0,FTP
1720728305.987661,CVFbGk4Cy82IVQN0z5,192.168.1.4,40712.0,192.168.1.1,53.0,udp,10.484323978424072,117.0,188.0,SF,1.0,1.0,0.0,ShAdDafrF,18.0,1061.0,17.0,1056.0,DNS
1720727915.52629,C5x0854B2IuWfMUJV5,192.168.1.4,41322.0,192.168.1.1,53.0,udp,0.017037153244018,69.0,146.0,SF,1.0,1.0,0.0,Dd,1.0,97.0,1.0,174.0,DNS
1720727943.727539,CgPQhg4CobMD8D0bm2,192.168.1.4,34751.0,192.168.1.1,53.0,udp,0.017037153244018,69.0,146.0,SF,1.0,1.0,0.0,Dd,1.0,97.0,1.0,174.0,DNS
1720727884.862656,CmszSh4ZH6OnEEtci3,192.168.1.4,43366.0,192.168.1.1,53.0,udp,0.017037153244018,69.0,146.0,SF,1.0,1.0,0.0,Dd,1.0,97.0,1.0,174.0,DNS
1720730038.377612,CvcZtM2vTq7cTNWgdd,192.168.1.6,34366.0,192.168.1.4,21.0,tcp,10.282080888748167,128.0,188.0,SF,1.0,1.0,0.0,ShAdDafFr,18.0,1072.0,17.0,1056.0,FTP
1720731308.032654,CtqPYj2YAFGNBA1sFb,192.168.1.6,55876.0,192.168.1.4,21.0,tcp,10.306676864624023,162.0,188.0,SF,1.0,1.0,0.0,ShAdDafrF,18.0,1106.0,17.0,1056.0,FTP
1720730898.273132,C3URxB122P86uI0Vc,192.168.1.6,46422.0,192.168.1.4,21.0,tcp,9.802028894424438,127.0,188.0,SF,1.0,1.0,0.0,ShAdDafrF,18.0,1071.0,17.0,1056.0,FTP
1720727754.915529,CbOVxa2W7lj8id8DVi,192.168.1.6,52048.0,192.168.1.4,21.0,tcp,10.52669906616211,118.0,188.0,SF,1.0,1.0,0.0,ShAdDafrF,18.0,1062.0,17.0,1056.0,FTP
1720730702.016027,CTYdnayAHmSAavxy2,192.168.1.6,39482.0,192.168.1.4,21.0,tcp,8.926437139511108,129.0,188.0,SF,1.0,1.0,0.0,ShAdDafrF,18.0,1073.0,17.0,1056.0,FTP
1720727914.530736,C7rdZ81ftYJlFP1zDg,192.168.1.4,33274.0,13.224.214.45,443.0,tcp,242.77650094032288,8039.0,8064.0,RSTO,1.0,0.0,0.0,ShADadfR,25.0,9347.0,24.0,9320.0,HTTPS
1720729400.190557,C3T1Ig1Ml9hOLMChJg,192.168.1.6,49184.0,192.168.1.4,21.0,tcp,10.510926961898804,116.0,188.0,SF,1.0,1.0,0.0,ShAdDafrF,18.0,1060.0,17.0,1056.0,FTP
1720729256.176763,CV1JTw4PL1MiumtGrj,192.168.1.6,54464.0,192.168.1.4,21.0,tcp,9.851819038391112,121.0,188.0,SF,1.0,1.0,0.0,ShAdDafFr,18.0,1065.0,17.0,1056.0,FTP
1720727853.502535,Cza0Jb27j2zu8IWvgh,192.168.1.4,60047.0,192.168.1.1,53.0,udp,0.001701831817626,46.0,136.0,SF,1.0,1.0,0.0,Dd,1.0,74.0,1.0,164.0,DNS
1720729119.677736,C8bfad1cBjW2mSzrF7,192.168.1.6,41792.0,192.168.1.4,21.0,tcp,10.84453797340393,130.0,188.0,SF,1.0,1.0,0.0,ShAdDafFr,18.0,1074.0,17.0,1056.0,FTP
1720731524.274957,C9cgg94k4rRue3Wzsb,192.168.1.6,46518.0,192.168.1.4,21.0,tcp,10.146175146102903,142.0,188.0,SF,1.0,1.0,0.0,ShAdDafrF,18.0,1086.0,17.0,1056.0,FTP
1720728610.961394,CaZOFK3WtZmV1JdDEk,192.168.1.6,34166.0,192.168.1.4,21.0,tcp,10.56063199043274,123.0,188.0,SF,1.0,1.0,0.0,ShAdDafrF,18.0,1067.0,17.0,1056.0,FTP
1720728846.292788,CEPuhE4oyhHiDl74Ql,192.168.1.6,39712.0,192.168.1.4,21.0,tcp,9.986347913742064,117.0,188.0,SF,1.0,1.0,0.0,ShAdDafrF,18.0,1061.0,17.0,1056.0,FTP
1720730325.971015,CRtUgg4qWxRi5GQWPl,192.168.1.6,57432.0,192.168.1.4,21.0,tcp,9.54138207435608,117.0,188.0,SF,1.0,1.0,0.0,ShAdDafFr,18.0,1061.0,17.0,1056.0,FTP
1720728245.779451,CS4dna1LK7XG3FOQ71,192.168.1.4,50600.0,20.50.80.210,443.0,tcp,9.54138207435608,117.0,188.0,SF,1.0,1.0,0.0,ShAdDafFr,18.0,1061.0,17.0,1056.0,HTTPS
1720730549.13684,Ckqe8H1nhHVTZmgxA3,192.168.1.6,58680.0,192.168.1.4,21.0,tcp,10.050821781158447,140.0,188.0,SF,1.0,1.0,0.0,ShAdDafrF,18.0,1084.0,17.0,1056.0,FTP
1720728061.339265,ClxTKr3OMYy3GEZWg1,192.168.1.4,38416.0,20.114.189.135,443.0,tcp,23.968023777008057,3075.0,5896.0,RSTO,1.0,0.0,0.0,ShADadfR,13.0,3759.0,9.0,6372.0,HTTPS
1720728634.808538,C68CXt3zml9DZAyasd,192.168.1.6,45540.0,192.168.1.4,21.0,tcp,11.104802131652832,122.0,188.0,SF,1.0,1.0,0.0,ShAdDafrF,18.0,1066.0,17.0,1056.0,FTP
1720727794.472161,CcBEdp2avuWWV8epwl,192.168.1.4,45266.0,142.251.32.104,443.0,udp,0.086072921752929,4021.0,8794.0,SF,1.0,0.0,0.0,Dd,7.0,4217.0,10.0,9074.0,HTTPS
1720727884.899667,CT1x8z1nKYXio3PyDc,192.168.1.4,39288.0,146.75.36.84,443.0,udp,0.086072921752929,4021.0,8794.0,SF,1.0,0.0,0.0,Dd,7.0,4217.0,10.0,9074.0,HTTPS
1720729696.413997,CZRyzw20hAWOQPCTK2,192.168.1.6,36656.0,192.168.1.4,21.0,tcp,9.931413173675535,145.0,188.0,SF,1.0,1.0,0.0,ShAdDafrF,18.0,1089.0,17.0,1056.0,FTP
1720728335.526316,CIZ4qy2RZxp9iFyMi8,192.168.1.4,41013.0,104.18.12.201,443.0,udp,15.903670072555542,16898.0,1006862.0,SF,1.0,0.0,0.0,Dd,150.0,21098.0,870.0,1031222.0,HTTPS
1720728158.377519,CBfkcp4mwvZo651QMl,192.168.1.6,47768.0,192.168.1.4,21.0,tcp,9.31754207611084,118.0,188.0,SF,1.0,1.0,0.0,ShAdDafrF,18.0,1062.0,17.0,1056.0,FTP
1720727915.389081,Cxsa8La22x6Hj35Z6,192.168.1.4,34391.0,192.168.1.1,53.0,udp,0.003113985061645,44.0,160.0,SF,1.0,1.0,0.0,Dd,1.0,72.0,1.0,188.0,DNS
1720730587.388692,CdBtHl4UG7n7zX3b0b,192.168.1.6,35004.0,192.168.1.4,21.0,tcp,9.808410167694092,124.0,188.0,SF,1.0,1.0,0.0,ShAdDafFr,18.0,1068.0,17.0,1056.0,FTP
1720731237.333702,C4SSy8sUHKKK5nN2k,192.168.1.6,35104.0,192.168.1.4,21.0,tcp,9.74626898765564,166.0,188.0,SF,1.0,1.0,0.0,ShAdDafrF,18.0,1110.0,17.0,1056.0,FTP
1720730183.61467,C1N9Cl4LFYOw4rbB1j,192.168.1.6,53570.0,192.168.1.4,21.0,tcp,11.060095071792604,122.0,188.0,SF,1.0,1.0,0.0,ShAdDafrF,18.0,1066.0,17.0,1056.0,FTP
1720731337.636253,CJZ3OO1dYb7Ga5q03k,192.168.1.6,38332.0,192.168.1.4,21.0,tcp,11.19083285331726,160.0,188.0,SF,1.0,1.0,0.0,ShAdDafrF,18.0,1104.0,17.0,1056.0,FTP
1720729101.85973,CkqIFR2rXHM2pV3QY4,192.168.1.6,41638.0,192.168.1.4,21.0,tcp,9.9670889377594,119.0,188.0,SF,1.0,1.0,0.0,ShAdDafrF,18.0,1063.0,17.0,1056.0,FTP
1720727793.951502,CuqZ1N2LWHBn7kwN71,192.168.1.4,57840.0,44.207.14.248,443.0,tcp,9.9670889377594,119.0,188.0,SF,1.0,1.0,0.0,ShAdDafrF,18.0,1063.0,17.0,1056.0,HTTPS
1720727763.119257,CcWX3h4aQExsv37kc2,192.168.1.4,33758.0,192.168.1.1,53.0,udp,0.004061937332153,53.0,302.0,SF,1.0,1.0,0.0,Dd,1.0,81.0,1.0,330.0,DNS
1720727824.613051,CLzieZ2gV1pOgJDYo4,192.168.1.4,35906.0,142.251.41.3,443.0,tcp,0.063734054565429,1895.0,6346.0,SF,1.0,0.0,0.0,ShADadFRf,11.0,2451.0,9.0,6822.0,HTTPS
1720731554.910773,CYkPVw2MWlo6hKBKE8,192.168.1.6,35588.0,192.168.1.4,21.0,tcp,10.03044295310974,142.0,188.0,SF,1.0,1.0,0.0,ShAdDafrF,18.0,1086.0,17.0,1056.0,FTP
1720728715.540134,Ch6fzc1mwhCN97MIp,192.168.1.6,45154.0,192.168.1.4,21.0,tcp,10.997638940811155,141.0,188.0,SF,1.0,1.0,0.0,ShAdDafFr,18.0,1085.0,17.0,1056.0,FTP
1720727885.419672,C8dD3AAPNeTDIdQmh,192.168.1.4,46947.0,192.168.1.1,53.0,udp,0.002052068710327,37.0,119.0,SF,1.0,1.0,0.0,Dd,1.0,65.0,1.0,147.0,DNS
1720728186.39736,CLgZsh45zfY6DIKy9f,192.168.1.4,37026.0,63.140.39.82,443.0,tcp,0.047802925109863,1822.0,3618.0,SF,1.0,0.0,0.0,ShADadFfR,9.0,2274.0,7.0,3990.0,HTTPS
1720729992.049244,CxCxuO2sGnfIVLDS4,192.168.1.6,44596.0,192.168.1.4,21.0,tcp,9.85776710510254,130.0,188.0,SF,1.0,1.0,0.0,ShAdDafrF,18.0,1074.0,17.0,1056.0,FTP
1720729661.395437,CK1WncUjgpQyNWeTc,192.168.1.6,55878.0,192.168.1.4,21.0,tcp,10.471855878829956,165.0,188.0,SF,1.0,1.0,0.0,ShAdDafFr,18.0,1109.0,17.0,1056.0,FTP
1720728364.011504,CeMxtAxaTTH8eSngc,192.168.1.6,46706.0,192.168.1.4,21.0,tcp,9.832439184188845,117.0,188.0,SF,1.0,1.0,0.0,ShAdDafrF,18.0,1061.0,17.0,1056.0,FTP
1720728526.231584,Cgqv1a1lMb6vAw9wwg,192.168.1.6,54534.0,192.168.1.4,21.0,tcp,9.078181028366089,115.0,188.0,SF,1.0,1.0,0.0,ShAdDafrF,18.0,1059.0,17.0,1056.0,FTP
1720730791.836631,C4GNXn1Idt87SguGCe,192.168.1.6,45494.0,192.168.1.4,21.0,tcp,10.260325908660889,122.0,188.0,SF,1.0,1.0,0.0,ShAdDafFr,18.0,1066.0,17.0,1056.0,FTP
1720729633.233157,C3g0rd1eWfn1NUzq71,192.168.1.4,50370.0,192.168.1.1,53.0,udp,0.000682115554809,58.0,250.0,SF,1.0,1.0,0.0,Dd,1.0,86.0,1.0,278.0,DNS
1720730779.403991,CoRllXU4jwztHj3Mi,192.168.1.6,58060.0,192.168.1.4,21.0,tcp,10.248702049255373,121.0,188.0,SF,1.0,1.0,0.0,ShAdDafFr,18.0,1065.0,17.0,1056.0,FTP
1720728245.100345,CvIA0yiyXz5yUBTvh,192.168.1.4,47212.0,192.168.1.1,53.0,udp,0.022016048431396,43.0,148.0,SF,1.0,1.0,0.0,Dd,1.0,71.0,1.0,176.0,DNS
1720729285.97552,C4lWik3ky5HQXIS9Ak,192.168.1.6,38142.0,192.168.1.4,21.0,tcp,9.404973030090332,118.0,188.0,SF,1.0,1.0,0.0,ShAdDafrF,18.0,1062.0,17.0,1056.0,FTP
1720728272.088666,C8mUpZ2oNN6Npod1C1,192.168.1.4,42400.0,104.96.220.105,80.0,tcp,0.000226020812988,118.0,188.0,SF,0.0,1.0,0.0,ShAdDafrF,18.0,1062.0,17.0,1056.0,HTTP
1720728295.192393,CFyFXD3C5eGOWMq08b,192.168.1.6,60694.0,192.168.1.4,21.0,tcp,9.872421026229858,118.0,188.0,SF,1.0,1.0,0.0,ShAdDafrF,18.0,1062.0,17.0,1056.0,FTP
1720730699.208094,C204Jj1FD1ArUHDIQ1,192.168.1.6,39446.0,192.168.1.4,21.0,tcp,10.955886125564575,146.0,188.0,SF,1.0,1.0,0.0,ShAdDafrF,18.0,1090.0,17.0,1056.0,FTP
1720729315.49135,CIz7w51TSuzsdg49r1,192.168.1.6,33558.0,192.168.1.4,21.0,tcp,9.829836130142212,121.0,188.0,SF,1.0,1.0,0.0,ShAdDafrF,18.0,1065.0,17.0,1056.0,FTP
1720729462.858388,CpxRQA2Ym6oxd3qJBe,192.168.1.6,56514.0,192.168.1.4,21.0,tcp,10.64416003227234,131.0,188.0,SF,1.0,1.0,0.0,ShAdDafrF,18.0,1075.0,17.0,1056.0,FTP
1720729821.040143,CK5GkXPvPhk5nIqO7,192.168.1.6,34420.0,192.168.1.4,21.0,tcp,10.20928406715393,132.0,188.0,SF,1.0,1.0,0.0,ShAdDafrF,18.0,1076.0,17.0,1056.0,FTP
1720727882.315894,CslCzu36IE2Elcarq4,192.168.1.6,46416.0,192.168.1.4,21.0,tcp,9.977081060409546,116.0,188.0,SF,1.0,1.0,0.0,ShAdDafFr,18.0,1060.0,17.0,1056.0,FTP
1720731888.822044,CvlSOpEzL5cx93614,192.168.1.6,59770.0,192.168.1.4,21.0,tcp,9.517198085784912,183.0,188.0,SF,1.0,1.0,0.0,ShAdDafrF,18.0,1127.0,17.0,1056.0,FTP
1720728096.521436,CF5dggwzawgvT0bPj,192.168.1.4,55017.0,192.168.1.1,53.0,udp,9.517198085784912,183.0,188.0,SF,1.0,1.0,0.0,ShAdDafrF,18.0,1127.0,17.0,1056.0,DNS
1720727703.353738,CiO5Py1Zv5jup47Ni3,192.168.1.4,55026.0,216.239.34.181,443.0,tcp,240.07680702209475,2909.0,9210.0,SF,1.0,0.0,0.0,ShADadFf,22.0,4061.0,23.0,10414.0,HTTPS
1720729299.093959,C5AuhI3Ele7xH5td71,192.168.1.6,45734.0,192.168.1.4,21.0,tcp,9.762354850769045,149.0,188.0,SF,1.0,1.0,0.0,ShAdDafFr,18.0,1093.0,17.0,1056.0,FTP
1720728094.339222,CTO22t4EvziIkm70we,192.168.1.4,57227.0,192.168.1.1,53.0,udp,0.001384973526,41.0,119.0,SF,1.0,1.0,0.0,Dd,1.0,69.0,1.0,147.0,DNS
1720729417.870703,CCoykn1Jf28XfUE2b3,192.168.1.6,36212.0,192.168.1.4,21.0,tcp,9.78309202194214,115.0,188.0,SF,1.0,1.0,0.0,ShAdDafrF,18.0,1059.0,17.0,1056.0,FTP
1720727764.875423,CxjM6u1J9Ru9iTUq8,192.168.1.4,59713.0,192.168.1.1,53.0,udp,0.005377054214477,52.0,137.0,SF,1.0,1.0,0.0,Dd,1.0,80.0,1.0,165.0,DNS
1720727825.45863,CGEvMFpMatFnDbbui,192.168.1.6,52178.0,192.168.1.4,21.0,tcp,9.704778909683228,118.0,188.0,SF,1.0,1.0,0.0,ShAdDafFr,18.0,1062.0,17.0,1056.0,FTP
1720729050.027369,Cggey11sY6Ev23iWtc,192.168.1.6,56004.0,192.168.1.4,21.0,tcp,9.881412029266356,124.0,188.0,SF,1.0,1.0,0.0,ShAdDafFr,18.0,1068.0,17.0,1056.0,FTP
1720728017.326506,Cz1h9fMFOv52vVYl8,192.168.1.4,39900.0,20.114.189.135,443.0,tcp,13.756959199905396,2867.0,5892.0,RSTO,1.0,0.0,0.0,ShADadfR,12.0,3511.0,11.0,6472.0,HTTPS
1720728125.229733,C57qyg4aZY8OCZief8,192.168.1.4,52241.0,192.168.1.1,53.0,udp,13.756959199905396,2867.0,5892.0,RSTO,1.0,0.0,0.0,ShADadfR,12.0,3511.0,11.0,6472.0,DNS
1720728589.935799,Cb0mFf1JvJznGTbmP6,192.168.1.6,45290.0,192.168.1.4,21.0,tcp,10.23908519744873,115.0,188.0,SF,1.0,1.0,0.0,ShAdDafrF,18.0,1059.0,17.0,1056.0,FTP
1720731564.724632,C69Dge2Dj7pNhLoJ83,192.168.1.6,39834.0,192.168.1.4,21.0,tcp,9.67783808708191,146.0,188.0,SF,1.0,1.0,0.0,ShAdDafrF,18.0,1090.0,17.0,1056.0,FTP
1720728096.446052,CE7Jx322GNQMjpYKTe,192.168.1.4,56542.0,37.19.207.34,443.0,tcp,112.30349588394164,2611.0,9601.0,SF,1.0,0.0,0.0,ShADadFf,21.0,3711.0,19.0,10597.0,HTTPS
1720728096.420403,Cw6wck48nwD0ixwaYb,192.168.1.4,45074.0,23.212.250.9,443.0,tcp,112.30349588394164,2611.0,9601.0,SF,1.0,0.0,0.0,ShADadFf,21.0,3711.0,19.0,10597.0,HTTPS
1720730576.900491,CGXL4Q2XskcGWjsf7g,192.168.1.6,39528.0,192.168.1.4,21.0,tcp,10.120287895202637,135.0,188.0,SF,1.0,1.0,0.0,ShAdDafrF,18.0,1079.0,17.0,1056.0,FTP
1720727954.806062,CPTWrE3yVTIPfKjVmf,192.168.1.6,56482.0,192.168.1.4,21.0,tcp,10.569950103759766,118.0,188.0,SF,1.0,1.0,0.0,ShAdDafrF,18.0,1062.0,17.0,1056.0,FTP
1720727793.890434,CIrI1h7s3RP7e3Ezj,192.168.1.4,44260.0,142.251.32.104,443.0,tcp,240.7261929512024,2673.0,323232.0,SF,1.0,0.0,0.0,ShADadFf,128.0,9337.0,224.0,334888.0,HTTPS
1720730625.682767,CsmNAT2YmvThFHUmc2,192.168.1.6,45068.0,192.168.1.4,21.0,tcp,11.080365180969238,130.0,188.0,SF,1.0,1.0,0.0,ShAdDafrF,18.0,1074.0,17.0,1056.0,FTP
1720729841.599188,CjsFqh3hjmU089MWU2,192.168.1.6,43492.0,192.168.1.4,21.0,tcp,10.214629888534546,132.0,188.0,SF,1.0,1.0,0.0,ShAdDafrF,18.0,1076.0,17.0,1056.0,FTP
1720728125.056399,CcAW7W3rxppLXX8ODj,192.168.1.4,42289.0,192.168.1.1,53.0,udp,0.076638936996459,43.0,356.0,SF,1.0,1.0,0.0,Dd,1.0,71.0,1.0,384.0,DNS
1720729606.563974,C42j7B3zExHoaJ4yz2,192.168.1.6,48568.0,192.168.1.4,21.0,tcp,10.292898178100586,109.0,188.0,SF,1.0,1.0,0.0,ShAdDafrF,18.0,1053.0,17.0,1056.0,FTP
1720728283.862559,C1Fo2Q1nPFiyr6OF0d,192.168.1.6,43452.0,192.168.1.4,21.0,tcp,9.747509956359863,118.0,188.0,SF,1.0,1.0,0.0,ShAdDafFr,18.0,1062.0,17.0,1056.0,FTP
1720728887.905932,CBu5Q02VhNDZX4dCOa,192.168.1.6,55492.0,192.168.1.4,21.0,tcp,8.689044952392578,154.0,188.0,SF,1.0,1.0,0.0,ShAdDafrF,18.0,1098.0,17.0,1056.0,FTP
1720727765.880782,CzE2oe25FW4RXO7kwd,192.168.1.4,51117.0,34.111.60.239,443.0,udp,0.056894063949584,2734.0,5094.0,SF,1.0,0.0,0.0,Dd,5.0,2874.0,7.0,5290.0,HTTPS
1720730183.679369,CG1sEe2Fc4xCpq2Aig,192.168.1.6,53576.0,192.168.1.4,21.0,tcp,11.039516925811768,129.0,188.0,SF,1.0,1.0,0.0,ShAdDafrF,18.0,1073.0,17.0,1056.0,FTP
1720729437.988586,C9pVss25V8DzRlokl5,192.168.1.6,51828.0,192.168.1.4,21.0,tcp,10.961107969284058,128.0,188.0,SF,1.0,1.0,0.0,ShAdDafrF,18.0,1072.0,17.0,1056.0,FTP
1720728124.415723,CaQzQc1eFKoGWFH526,192.168.1.4,35018.0,192.168.1.1,53.0,udp,0.068569898605346,42.0,126.0,SF,1.0,1.0,0.0,Dd,1.0,70.0,1.0,154.0,DNS
1720727884.509536,CGiDTeMkMeJd4muWb,192.168.1.4,37343.0,192.168.1.1,53.0,udp,0.123470067977905,41.0,297.0,SF,1.0,1.0,0.0,Dd,1.0,69.0,1.0,325.0,DNS
1720730387.77098,CSycrs3r4wOtfQqPUj,192.168.1.6,35170.0,192.168.1.4,21.0,tcp,10.608029127120972,133.0,188.0,SF,1.0,1.0,0.0,ShAdDafrF,18.0,1077.0,17.0,1056.0,FTP
1720727794.662641,CLY9qO3FDt4G6kc6jh,192.168.1.4,37784.0,192.168.1.1,53.0,udp,0.008544921875,49.0,127.0,SF,1.0,1.0,0.0,Dd,1.0,77.0,1.0,155.0,DNS
1720730080.834942,CDetGQAaaqDqR2S9c,192.168.1.6,40216.0,192.168.1.4,21.0,tcp,9.49912691116333,125.0,188.0,SF,1.0,1.0,0.0,ShAdDafrF,18.0,1069.0,17.0,1056.0,FTP
1720728253.851895,CqvpPg1ooRoE3SSYUb,192.168.1.6,46660.0,192.168.1.4,21.0,tcp,9.711206912994385,118.0,188.0,SF,1.0,1.0,0.0,ShAdDafrF,18.0,1062.0,17.0,1056.0,FTP
1720731251.951291,CQhz2s1UR6tedrdM6d,192.168.1.6,36368.0,192.168.1.4,21.0,tcp,9.436419010162354,162.0,188.0,SF,1.0,1.0,0.0,ShAdDafFr,18.0,1106.0,17.0,1056.0,FTP
1720727734.583629,CTUQPu4pDlLv0P0x63,192.168.1.4,56068.0,18.238.11.164,443.0,tcp,240.0453150272369,2338.0,278578.0,SF,1.0,0.0,0.0,ShADadtfF,92.0,7142.0,141.0,285918.0,HTTPS
1720727764.931381,CNx6E17CKFFlQzLld,192.168.1.4,43215.0,192.168.1.1,53.0,udp,0.002279996871948,48.0,296.0,SF,1.0,1.0,0.0,Dd,1.0,76.0,1.0,324.0,DNS
1720729991.618028,CAgwCU2f49C5GV6vXk,192.168.1.6,44582.0,192.168.1.4,21.0,tcp,9.70098614692688,126.0,188.0,SF,1.0,1.0,0.0,ShAdDafFr,18.0,1070.0,17.0,1056.0,FTP
1720728185.111729,C9Xsr7eP3OLrGkl46,192.168.1.4,34835.0,192.168.1.1,53.0,udp,0.104156017303466,54.0,197.0,SF,1.0,1.0,0.0,Dd,1.0,82.0,1.0,225.0,DNS
1720731564.518629,CgmQA61CDWiFF0oDVb,192.168.1.6,39778.0,192.168.1.4,21.0,tcp,9.894100904464722,153.0,188.0,SF,1.0,1.0,0.0,ShAdDafrF,18.0,1097.0,17.0,1056.0,FTP
1720728196.411513,CPXD4S2f0RQl7kBex9,192.168.1.6,53838.0,192.168.1.4,21.0,tcp,9.77426290512085,118.0,188.0,SF,1.0,1.0,0.0,ShAdDafrF,18.0,1062.0,17.0,1056.0,FTP
1720727954.717816,CYzkuF3YY5rMUIyGu8,192.168.1.6,56472.0,192.168.1.4,21.0,tcp,10.573044776916504,117.0,188.0,SF,1.0,1.0,0.0,ShAdDafrF,18.0,1061.0,17.0,1056.0,FTP
1720728125.263948,CWzHjf6cFtvuM6Tz1,192.168.1.4,39309.0,192.168.1.1,53.0,udp,0.8372440338134761,53.0,203.0,SF,1.0,1.0,0.0,Dd,1.0,81.0,1.0,231.0,DNS
1720727765.7219,CwuWPw1pQTwqBKVsB7,192.168.1.4,42469.0,192.168.1.1,53.0,udp,0.002259016036987,71.0,169.0,SF,1.0,1.0,0.0,Dd,1.0,99.0,1.0,197.0,DNS
1720727914.570324,CIOYQU2eFA3OjgAYM4,192.168.1.4,37556.0,104.19.178.52,443.0,udp,0.002259016036987,71.0,169.0,SF,1.0,1.0,0.0,Dd,1.0,99.0,1.0,197.0,HTTPS
1720727764.940144,Cpi8vx3kF5otL7iCf3,192.168.1.4,48252.0,13.107.246.40,443.0,tcp,90.07945585250854,3027.0,50513.0,SF,1.0,0.0,0.0,ShADadFf,33.0,4751.0,46.0,52913.0,HTTPS
1720731391.198687,CB20E32sjnj9ef5zge,192.168.1.6,40468.0,192.168.1.4,21.0,tcp,11.287277936935425,151.0,188.0,SF,1.0,1.0,0.0,ShAdDafFr,18.0,1095.0,17.0,1056.0,FTP
1720731013.679462,Cxby2j39MMOgOG8gQg,192.168.1.6,35514.0,192.168.1.4,21.0,tcp,11.364264965057371,129.0,188.0,SF,1.0,1.0,0.0,ShAdDafrF,18.0,1073.0,17.0,1056.0,FTP
1720731513.329388,CBNO2BNlKQUf7hCQi,192.168.1.6,47072.0,192.168.1.4,21.0,tcp,10.873378038406372,158.0,188.0,SF,1.0,1.0,0.0,ShAdDafrF,18.0,1102.0,17.0,1056.0,FTP
1720728219.935694,CnptyA1BSZv9vXD9xk,192.168.1.4,60183.0,192.168.1.1,53.0,udp,0.0032639503479,53.0,286.0,SF,1.0,1.0,0.0,Dd,1.0,81.0,1.0,314.0,DNS
1720727854.872475,CdnjJc4tkCZRycuGV2,192.168.1.6,42204.0,192.168.1.4,21.0,tcp,10.050295114517212,117.0,188.0,SF,1.0,1.0,0.0,ShAdDafFr,18.0,1061.0,17.0,1056.0,FTP
1720731545.059821,CpF1Uh2hMK8Gk6s8eg,192.168.1.6,39752.0,192.168.1.4,21.0,tcp,9.758479118347168,142.0,188.0,SF,1.0,1.0,0.0,ShAdDafFr,18.0,1086.0,17.0,1056.0,FTP
1720727915.121754,C6ekto4TYggbqgJwSd,192.168.1.4,40396.0,142.251.179.84,443.0,tcp,241.56519412994385,2695.0,166704.0,SF,1.0,0.0,0.0,ShADadtFf,79.0,6811.0,117.0,172796.0,HTTPS
1720729164.871025,CKh5jt1x9goH77smga,192.168.1.6,38244.0,192.168.1.4,21.0,tcp,10.387135982513428,113.0,188.0,SF,1.0,1.0,0.0,ShAdDafrF,18.0,1057.0,17.0,1056.0,FTP
1720728203.163011,Ctm52t4367AeTQ1NDe,192.168.1.6,43764.0,192.168.1.4,21.0,tcp,9.689751863479614,118.0,188.0,SF,1.0,1.0,0.0,ShAdDafrF,18.0,1062.0,17.0,1056.0,FTP
1720727917.323602,CwY3wT3xaRmYX7nuYi,192.168.1.4,39958.0,142.251.32.98,443.0,tcp,9.689751863479614,118.0,188.0,SF,1.0,1.0,0.0,IIiiiIhhhHHhH,18.0,1062.0,17.0,1056.0,HTTPS
1720731118.504791,CgRGn21HGYE6RyqVW9,192.168.1.6,57664.0,192.168.1.4,21.0,tcp,10.047333002090454,107.0,188.0,SF,1.0,1.0,0.0,ShAdDafrF,18.0,1051.0,17.0,1056.0,FTP
1720729992.028799,Cmv9mAB8qEkH295pd,192.168.1.6,44588.0,192.168.1.4,21.0,tcp,9.832404851913452,122.0,188.0,SF,1.0,1.0,0.0,ShAdDafrF,18.0,1066.0,17.0,1056.0,FTP
1720728034.832249,Cmg0ox3hNwwHAI2Ce,192.168.1.4,53502.0,192.168.1.1,53.0,udp,9.832404851913452,122.0,188.0,SF,1.0,1.0,0.0,ShAdDafrF,18.0,1066.0,17.0,1056.0,DNS
1720727947.507232,CYEuEw3XPAh1OM5BZh,192.168.1.6,60294.0,192.168.1.4,21.0,tcp,10.700762033462524,117.0,188.0,SF,1.0,1.0,0.0,ShAdDafrF,18.0,1061.0,17.0,1056.0,FTP
1720727944.613015,CaypNf1SnOqulJVea9,192.168.1.4,40925.0,192.168.1.1,53.0,udp,10.700762033462524,117.0,188.0,SF,1.0,1.0,0.0,ShAdDafrF,18.0,1061.0,17.0,1056.0,DNS
1720727885.417864,CrtdJZ1ZnLhFXYm7rl,192.168.1.4,52173.0,146.75.36.84,443.0,udp,0.056321859359741,2825.0,7045.0,SF,1.0,0.0,0.0,Dd,6.0,2993.0,7.0,7241.0,HTTPS
1720728120.241007,CjiRdF8CaQ79Kt4H7,192.168.1.6,53774.0,192.168.1.4,21.0,tcp,9.895493984222412,117.0,188.0,SF,1.0,1.0,0.0,ShAdDafrF,18.0,1061.0,17.0,1056.0,FTP
1720727784.185109,CjJiqd34j9hOBB2Jml,192.168.1.6,45690.0,192.168.1.4,21.0,tcp,9.488707065582275,118.0,188.0,SF,1.0,1.0,0.0,ShAdDafrF,18.0,1062.0,17.0,1056.0,FTP
1720730474.702142,Curkr03DOWZ6TqV6W2,192.168.1.6,50448.0,192.168.1.4,21.0,tcp,9.7691969871521,132.0,188.0,SF,1.0,1.0,0.0,ShAdDafrF,18.0,1076.0,17.0,1056.0,FTP
1720728675.342954,Cne0F12BBaC2E1WMUi,192.168.1.6,41462.0,192.168.1.4,21.0,tcp,9.441867113113403,131.0,188.0,SF,1.0,1.0,0.0,ShAdDafrF,18.0,1075.0,17.0,1056.0,FTP
1720731643.196079,Ck6VoY398gbvwfrjA8,192.168.1.6,40642.0,192.168.1.4,21.0,tcp,9.475931882858276,154.0,188.0,SF,1.0,1.0,0.0,ShAdDafFr,18.0,1098.0,17.0,1056.0,FTP
1720730982.057618,CaKuMQ3QE45fNVp86a,192.168.1.6,36262.0,192.168.1.4,21.0,tcp,10.231316089630129,131.0,188.0,SF,1.0,1.0,0.0,ShAdDafrF,18.0,1075.0,17.0,1056.0,FTP
1720728035.162015,CXpKXC3N4YKLwXTvhf,192.168.1.4,36628.0,192.168.1.1,53.0,udp,0.022974967956542,56.0,101.0,SF,1.0,1.0,0.0,Dd,1.0,84.0,1.0,129.0,DNS
1720728124.978457,CkLfKD4HnhDvQUAzs3,192.168.1.4,46782.0,172.64.154.159,443.0,tcp,83.76804113388062,2761.0,31983.0,SF,1.0,0.0,0.0,ShADadtFf,29.0,4289.0,33.0,33707.0,HTTPS
1720728034.83756,CpyzOm2Z7RORC15k1d,192.168.1.4,58160.0,192.229.163.25,443.0,tcp,173.91737508773804,3514.0,112790.0,SF,1.0,0.0,0.0,ShADadFf,46.0,5914.0,58.0,115814.0,HTTPS
1720730277.481428,CTkAaN21UUPgj7124f,192.168.1.6,54066.0,192.168.1.4,21.0,tcp,10.969877004623411,133.0,188.0,SF,1.0,1.0,0.0,ShAdDafrF,18.0,1077.0,17.0,1056.0,FTP
1720729769.361236,CytcEu1i7eZ8X61TGh,192.168.1.6,59110.0,192.168.1.4,21.0,tcp,10.281974792480469,124.0,188.0,SF,1.0,1.0,0.0,ShAdDafFr,18.0,1068.0,17.0,1056.0,FTP
1720727845.130525,CVMT0v41EMgLObc5pe,192.168.1.6,39352.0,192.168.1.4,21.0,tcp,9.74178695678711,118.0,188.0,SF,1.0,1.0,0.0,ShAdDafrF,18.0,1062.0,17.0,1056.0,FTP
1720729738.725144,CWf9XY1OyYsYZvWeG,192.168.1.6,42542.0,192.168.1.4,21.0,tcp,10.326484203338625,116.0,188.0,SF,1.0,1.0,0.0,ShAdDafrF,18.0,1060.0,17.0,1056.0,FTP
1720727824.938454,CdakbE3R7Emb0wJyY7,192.168.1.4,51135.0,192.168.1.1,53.0,udp,10.326484203338625,116.0,188.0,SF,1.0,1.0,0.0,ShAdDafrF,18.0,1060.0,17.0,1056.0,DNS
1720728173.701513,CVVPQD3Jmpu83xtjWh,192.168.1.6,37034.0,192.168.1.4,21.0,tcp,10.101649045944214,118.0,188.0,SF,1.0,1.0,0.0,ShAdDafrF,18.0,1062.0,17.0,1056.0,FTP
1720728155.623203,CfUsgj2ihqKV0oDGl,192.168.1.4,58740.0,192.168.1.1,53.0,udp,10.101649045944214,118.0,188.0,SF,1.0,1.0,0.0,ShAdDafrF,18.0,1062.0,17.0,1056.0,DNS
1720727733.402823,CDTFM74RHFAmwSwV02,192.168.1.4,40442.0,142.251.32.104,443.0,tcp,240.5041389465332,2602.0,300149.0,SF,1.0,0.0,0.0,ShADadFf,120.0,8850.0,200.0,310557.0,HTTPS
1720731340.189473,CN6O6G36VQk6x2ZU8c,192.168.1.6,38434.0,192.168.1.4,21.0,tcp,9.671428203582764,170.0,188.0,SF,1.0,1.0,0.0,ShAdDafFr,18.0,1114.0,17.0,1056.0,FTP
1720727884.862131,CcZqv81hz0bSS5NFDh,192.168.1.4,51419.0,192.168.1.1,53.0,udp,9.671428203582764,170.0,188.0,SF,1.0,1.0,0.0,ShAdDafFr,18.0,1114.0,17.0,1056.0,DNS
1720728186.405104,CrhmbJ3NCejVbQkpN6,192.168.1.4,44624.0,192.168.1.1,53.0,udp,9.671428203582764,170.0,188.0,SF,1.0,1.0,0.0,ShAdDafFr,18.0,1114.0,17.0,1056.0,DNS
1720729391.153024,CNyrNe1ijOXIYmkrZ1,192.168.1.6,36230.0,192.168.1.4,21.0,tcp,11.274922132492064,116.0,188.0,SF,1.0,1.0,0.0,ShAdDafrF,18.0,1060.0,17.0,1056.0,FTP
1720728273.061836,CxwtKZ1bYYwcS67Wuc,192.168.1.4,58412.0,192.168.1.1,53.0,udp,0.001878976821899,59.0,221.0,SF,1.0,1.0,0.0,Dd,1.0,87.0,1.0,249.0,DNS
1720731672.934065,CeguBO204utVaVzDV5,192.168.1.6,43518.0,192.168.1.4,21.0,tcp,10.493465900421144,147.0,188.0,SF,1.0,1.0,0.0,ShAdDafrF,18.0,1091.0,17.0,1056.0,FTP
1720727824.769882,CMOmoY3DwgTzEv2hfg,192.168.1.4,55243.0,192.168.1.1,53.0,udp,10.493465900421144,147.0,188.0,SF,1.0,1.0,0.0,ShAdDafrF,18.0,1091.0,17.0,1056.0,DNS
1720728306.158668,CQytVee8Mfhs5iiLb,192.168.1.4,37928.0,192.168.1.1,53.0,udp,0.022799015045166,41.0,221.0,SF,1.0,1.0,0.0,Dd,1.0,69.0,1.0,249.0,DNS
1720728266.948612,CRE8N837iiqz4DF0rf,192.168.1.6,34656.0,192.168.1.4,21.0,tcp,10.212270975112917,118.0,188.0,SF,1.0,1.0,0.0,ShAdDafrF,18.0,1062.0,17.0,1056.0,FTP
1720729563.651745,CVw5Cr2OGW8l6x9xxb,192.168.1.6,55614.0,192.168.1.4,21.0,tcp,9.891141891479492,112.0,188.0,SF,1.0,1.0,0.0,ShAdDafrF,18.0,1056.0,17.0,1056.0,FTP
1720728331.345488,CGebqhdajUEUGgE2f,192.168.1.6,52296.0,192.168.1.4,21.0,tcp,11.17124891281128,118.0,188.0,SF,1.0,1.0,0.0,ShAdDafrF,18.0,1062.0,17.0,1056.0,FTP
1720729159.120126,CrTnkt2rYsH0sQYTp7,192.168.1.6,45858.0,192.168.1.4,21.0,tcp,10.112019062042236,122.0,188.0,SF,1.0,1.0,0.0,ShAdDafrF,18.0,1066.0,17.0,1056.0,FTP
1720728305.133772,CztTRg2fVmjoQ9nwFh,192.168.1.4,57860.0,192.168.1.1,53.0,udp,0.10063099861145,41.0,138.0,SF,1.0,1.0,0.0,Dd,1.0,69.0,1.0,166.0,DNS
1720728584.289157,CxTGSGQoDVDW2L6Ua,192.168.1.6,45212.0,192.168.1.4,21.0,tcp,9.961989164352415,114.0,188.0,SF,1.0,1.0,0.0,ShAdDafrF,18.0,1058.0,17.0,1056.0,FTP
1720727980.699535,ClVcCgLwr0UYcLni5,192.168.1.6,55164.0,192.168.1.4,21.0,tcp,10.604978084564207,118.0,188.0,SF,1.0,1.0,0.0,ShAdDafrF,18.0,1062.0,17.0,1056.0,FTP
1720730837.510901,CLKpGa2HFWOWWDhODl,192.168.1.6,40764.0,192.168.1.4,21.0,tcp,10.133904933929443,118.0,188.0,SF,1.0,1.0,0.0,ShAdDafrF,18.0,1062.0,17.0,1056.0,FTP
1720727915.106679,Cvwxwa3RsHKVUv7e6j,192.168.1.4,58828.0,142.251.32.104,443.0,tcp,10.133904933929443,118.0,188.0,SF,1.0,1.0,0.0,ShAdDafrF,18.0,1062.0,17.0,1056.0,HTTPS
1720729706.345564,CURqg62MuMOZACjQp3,192.168.1.6,47922.0,192.168.1.4,21.0,tcp,8.725841999053955,115.0,188.0,SF,1.0,1.0,0.0,ShAdDafFr,18.0,1059.0,17.0,1056.0,FTP
1720727915.709756,CzC0OI2u9QKaPeOHnc,192.168.1.4,40726.0,18.238.4.5,443.0,tcp,8.725841999053955,115.0,188.0,SF,1.0,1.0,0.0,ShAdDafFr,18.0,1059.0,17.0,1056.0,HTTPS
1720727734.397102,CSMmNy1caSg2OU2FSe,192.168.1.4,39281.0,142.250.80.34,443.0,tcp,8.725841999053955,115.0,188.0,SF,1.0,1.0,0.0,IIiiiIhhhHHhH,18.0,1059.0,17.0,1056.0,HTTPS
1720728091.123441,CylxUz21F6jJdGJHa8,192.168.1.4,37626.0,192.168.1.1,53.0,udp,8.725841999053955,115.0,188.0,SF,1.0,1.0,0.0,IIiiiIhhhHHhH,18.0,1059.0,17.0,1056.0,DNS
1720727884.86895,CDVHgm3qbHaKhkKFxe,192.168.1.4,33636.0,192.168.1.1,53.0,udp,8.725841999053955,115.0,188.0,SF,1.0,1.0,0.0,IIiiiIhhhHHhH,18.0,1059.0,17.0,1056.0,DNS
1720729057.562597,CcjSM71jeU5Opw9ls4,192.168.1.6,59900.0,192.168.1.4,21.0,tcp,10.518393993377686,127.0,188.0,SF,1.0,1.0,0.0,ShAdDafrF,18.0,1071.0,17.0,1056.0,FTP
1720728593.718924,Cd8B88pe5p2whaQU4,192.168.1.6,35492.0,192.168.1.4,21.0,tcp,10.087576866149902,114.0,188.0,SF,1.0,1.0,0.0,ShAdDafrF,18.0,1058.0,17.0,1056.0,FTP
1720729034.422999,CMvBBZ2bb5LhkA3ih1,192.168.1.6,57766.0,192.168.1.4,21.0,tcp,9.904343128204346,119.0,188.0,SF,1.0,1.0,0.0,ShAdDafrF,18.0,1063.0,17.0,1056.0,FTP
1720728861.977448,CXnSOF4lHJm1wIW9Qa,192.168.1.6,50754.0,192.168.1.4,21.0,tcp,10.257385969161987,161.0,188.0,SF,1.0,1.0,0.0,ShAdDafrF,18.0,1105.0,17.0,1056.0,FTP
1720728306.007788,Czem2SGh9yKVvilk6,192.168.1.4,53001.0,192.168.1.1,53.0,udp,10.257385969161987,161.0,188.0,SF,1.0,1.0,0.0,ShAdDafrF,18.0,1105.0,17.0,1056.0,DNS
1720728484.266698,CAe9QB2q8hIwxTfG8l,192.168.1.6,36312.0,192.168.1.4,21.0,tcp,10.260133028030396,118.0,188.0,SF,1.0,1.0,0.0,ShAdDafrF,18.0,1062.0,17.0,1056.0,FTP
1720730466.579046,CZC0bb474vDKiZOXa8,192.168.1.6,36314.0,192.168.1.4,21.0,tcp,10.149200916290283,121.0,188.0,SF,1.0,1.0,0.0,ShAdDafrF,18.0,1065.0,17.0,1056.0,FTP
1720728960.31217,Co5rw124ukCVd5I8c2,192.168.1.6,60998.0,192.168.1.4,21.0,tcp,10.067239046096802,117.0,188.0,SF,1.0,1.0,0.0,ShAdDafrF,18.0,1061.0,17.0,1056.0,FTP
1720728934.343965,CsNgnTV84PRKkE7Y1,192.168.1.6,42382.0,192.168.1.4,21.0,tcp,9.105118036270142,152.0,188.0,SF,1.0,1.0,0.0,ShAdDafrF,18.0,1096.0,17.0,1056.0,FTP
1720730867.791396,C7w53t3VNuPrMY2Ng,192.168.1.6,39146.0,192.168.1.4,21.0,tcp,9.621272087097168,124.0,188.0,SF,1.0,1.0,0.0,ShAdDafFr,18.0,1068.0,17.0,1056.0,FTP
1720731826.559549,CCpbp71mXou1Lwrphb,192.168.1.6,45342.0,192.168.1.4,21.0,tcp,10.258010864257812,166.0,188.0,SF,1.0,1.0,0.0,ShAdDafrF,18.0,1110.0,17.0,1056.0,FTP
1720728004.41628,CAiCT1wPXqcKJZxC8,192.168.1.4,47432.0,192.168.1.1,53.0,udp,0.016377925872802,49.0,127.0,SF,1.0,1.0,0.0,Dd,1.0,77.0,1.0,155.0,DNS
1720727676.690563,CTPaQj1N55RAYzTfWe,192.168.1.4,54008.0,89.187.177.16,443.0,tcp,180.06417894363403,2403.0,6827.0,SF,1.0,0.0,0.0,ShADadfF,18.0,3347.0,23.0,8031.0,HTTPS
1720730953.895722,C2KsOW3aI89k0hJ0r5,192.168.1.6,51432.0,192.168.1.4,21.0,tcp,10.17578411102295,137.0,188.0,SF,1.0,1.0,0.0,ShAdDafFr,18.0,1081.0,17.0,1056.0,FTP
1720729826.464032,CAaiCdWhm47NKo6l2,192.168.1.6,34320.0,192.168.1.4,21.0,tcp,10.17578411102295,137.0,188.0,SF,1.0,1.0,0.0,ShAdDafFr,18.0,1081.0,17.0,1056.0,FTP
1720728096.396641,CnOZ0A4CRMtS0WBvs9,192.168.1.4,46757.0,192.168.1.1,53.0,udp,0.047725915908813,48.0,178.0,SF,1.0,1.0,0.0,Dd,1.0,76.0,1.0,206.0,DNS
1720727913.995933,Ci3Q8SO4GZqap9HW,192.168.1.4,47274.0,192.168.1.1,53.0,udp,0.064477920532226,47.0,227.0,SF,1.0,1.0,0.0,Dd,1.0,75.0,1.0,255.0,DNS
1720731584.072841,Cuxahm4a7SqxB6SyUg,192.168.1.6,47666.0,192.168.1.4,21.0,tcp,10.628137111663818,159.0,188.0,SF,1.0,1.0,0.0,ShAdDafrF,18.0,1103.0,17.0,1056.0,FTP
1720727872.838458,CGuBi44L5Ud7NkJRv4,192.168.1.6,47854.0,192.168.1.4,21.0,tcp,9.477257013320925,118.0,188.0,SF,1.0,1.0,0.0,ShAdDafrF,18.0,1062.0,17.0,1056.0,FTP
1720729262.933703,CyWDjOHrlzVuPakPd,192.168.1.6,54540.0,192.168.1.4,21.0,tcp,9.956666946411133,126.0,188.0,SF,1.0,1.0,0.0,ShAdDafrF,18.0,1070.0,17.0,1056.0,FTP
1720727915.74464,CsFou92yA9kYsoA5L4,192.168.1.4,33527.0,192.168.1.1,53.0,udp,9.956666946411133,126.0,188.0,SF,1.0,1.0,0.0,ShAdDafrF,18.0,1070.0,17.0,1056.0,DNS
1720728186.342464,CylxeE1yeEW4AoUxEe,192.168.1.4,49730.0,192.168.1.1,53.0,udp,9.956666946411133,126.0,188.0,SF,1.0,1.0,0.0,ShAdDafrF,18.0,1070.0,17.0,1056.0,DNS
1720727812.027108,CvfAzO18J8jkDRDlJ5,192.168.1.6,41994.0,192.168.1.4,21.0,tcp,10.161707162857056,118.0,188.0,SF,1.0,1.0,0.0,ShAdDafFr,18.0,1062.0,17.0,1056.0,FTP
1720731024.992114,CLJ2iUArehbWd4xh,192.168.1.6,43464.0,192.168.1.4,21.0,tcp,10.768229007720947,129.0,188.0,SF,1.0,1.0,0.0,ShAdDafrF,18.0,1073.0,17.0,1056.0,FTP
1720730408.619014,CMxFSY38jwO97UVeYl,192.168.1.6,55432.0,192.168.1.4,21.0,tcp,9.119114875793455,120.0,188.0,SF,1.0,1.0,0.0,ShAdDafrF,18.0,1064.0,17.0,1056.0,FTP
1720728173.203448,C2ndNRaFBa6PnTIn6,192.168.1.6,37004.0,192.168.1.4,21.0,tcp,9.48468804359436,116.0,188.0,SF,1.0,1.0,0.0,ShAdDafFr,18.0,1060.0,17.0,1056.0,FTP
1720730887.274419,CJWMFL3rFmUQela1H,192.168.1.6,43380.0,192.168.1.4,21.0,tcp,11.05715298652649,122.0,188.0,SF,1.0,1.0,0.0,ShAdDafFr,18.0,1066.0,17.0,1056.0,FTP
1720728305.977547,C1pP6z1RrVEBi1wK73,192.168.1.4,51283.0,142.251.41.6,443.0,tcp,11.05715298652649,122.0,188.0,SF,1.0,1.0,0.0,IIiiiIhhHhH,18.0,1066.0,17.0,1056.0,HTTPS
1720727735.999237,ClHVAn1jUsX6qXtvGf,192.168.1.4,51859.0,13.224.214.69,443.0,udp,1.48224401473999,3824.0,7726.0,SF,1.0,0.0,0.0,Dd,12.0,4160.0,11.0,8034.0,HTTPS
1720728219.957582,CrTchH33Gtpb6M3ng,192.168.1.4,33921.0,192.168.1.1,53.0,udp,0.002523899078369,52.0,113.0,SF,1.0,1.0,0.0,Dd,1.0,80.0,1.0,141.0,DNS
1720727884.897174,CGBajn4qh9bmaHoLS6,192.168.1.4,50750.0,192.168.1.1,53.0,udp,0.002523899078369,52.0,113.0,SF,1.0,1.0,0.0,Dd,1.0,80.0,1.0,141.0,DNS
1720727914.19411,CYJbawleUiOJAXc98,192.168.1.4,53070.0,192.168.1.1,53.0,udp,0.002523899078369,52.0,113.0,SF,1.0,1.0,0.0,Dd,1.0,80.0,1.0,141.0,DNS
1720728245.130849,CQYPFa4eXYbM24zSik,192.168.1.4,35003.0,192.168.1.1,53.0,udp,0.002262115478515,60.0,231.0,SF,1.0,1.0,0.0,Dd,1.0,88.0,1.0,259.0,DNS
1720728235.268561,CVWsbz3N3xZ1Rm1TM8,192.168.1.6,39138.0,192.168.1.4,21.0,tcp,10.649473190307615,118.0,188.0,SF,1.0,1.0,0.0,ShAdDafrF,18.0,1062.0,17.0,1056.0,FTP
1720730312.132653,CYeMpo2WYL42WQYsjd,192.168.1.6,50350.0,192.168.1.4,21.0,tcp,10.430952072143556,146.0,188.0,SF,1.0,1.0,0.0,ShAdDafFr,18.0,1090.0,17.0,1056.0,FTP
1720727916.400975,C3b01a3jcbZ58SJ7Hh,192.168.1.4,36433.0,192.168.1.1,53.0,udp,10.430952072143556,146.0,188.0,SF,1.0,1.0,0.0,ShAdDafFr,18.0,1090.0,17.0,1056.0,DNS
1720727825.345128,CbEQEt3haaagxmU1a4,192.168.1.6,52136.0,192.168.1.4,21.0,tcp,9.69646692276001,118.0,188.0,SF,1.0,1.0,0.0,ShAdDafrF,18.0,1062.0,17.0,1056.0,FTP
1720731176.053856,CuN69i1cL50Cmw0VI2,192.168.1.6,44584.0,192.168.1.4,21.0,tcp,9.93761110305786,111.0,188.0,SF,1.0,1.0,0.0,ShAdDafrF,18.0,1055.0,17.0,1056.0,FTP
1720729119.378712,CgxXlmzoeUcuYBw4h,192.168.1.6,41766.0,192.168.1.4,21.0,tcp,10.23334503173828,119.0,188.0,SF,1.0,1.0,0.0,ShAdDafrF,18.0,1063.0,17.0,1056.0,FTP
1720731518.622401,CYmu5h2ozVw8Nr2S69,192.168.1.6,47208.0,192.168.1.4,21.0,tcp,10.73517608642578,146.0,188.0,SF,1.0,1.0,0.0,ShAdDafrF,18.0,1090.0,17.0,1056.0,FTP
1720729432.331333,ClDfq74Ehe52PTv19,192.168.1.4,42307.0,192.168.1.1,53.0,udp,10.73517608642578,146.0,188.0,SF,1.0,1.0,0.0,ShAdDafrF,18.0,1090.0,17.0,1056.0,DNS
1720731137.957004,CsMJYn4fiRoFCT8Aj1,192.168.1.6,35522.0,192.168.1.4,21.0,tcp,10.166196823120115,112.0,188.0,SF,1.0,1.0,0.0,ShAdDafrF,18.0,1056.0,17.0,1056.0,FTP
1720728792.189005,CdfmGW28txqrn4saS7,192.168.1.6,34008.0,192.168.1.4,21.0,tcp,10.570435047149658,118.0,188.0,SF,1.0,1.0,0.0,ShAdDafrF,18.0,1062.0,17.0,1056.0,FTP
1720728216.950718,CJLwtF4KvYhCltqIkc,192.168.1.4,36758.0,204.79.197.237,443.0,tcp,10.570435047149658,118.0,188.0,SF,1.0,1.0,0.0,ShAdDafrF,18.0,1062.0,17.0,1056.0,HTTPS
1720729902.493005,CrqU2q4YsVKvR6AR4k,192.168.1.6,59746.0,192.168.1.4,21.0,tcp,10.06114101409912,129.0,188.0,SF,1.0,1.0,0.0,ShAdDafrF,18.0,1073.0,17.0,1056.0,FTP
1720727991.326922,CjRXOhyoRACpkn6S6,192.168.1.6,48676.0,192.168.1.4,21.0,tcp,10.085047960281372,118.0,188.0,SF,1.0,1.0,0.0,ShAdDafrF,18.0,1062.0,17.0,1056.0,FTP
1720729387.760185,Cc7XJY1yGiewbG43B,192.168.1.6,36172.0,192.168.1.4,21.0,tcp,10.094444036483765,113.0,188.0,SF,1.0,1.0,0.0,ShAdDafrF,18.0,1057.0,17.0,1056.0,FTP
1720731056.386771,C8G9GV3hmjqWwjyqwk,192.168.1.6,56090.0,192.168.1.4,21.0,tcp,10.663701057434082,133.0,188.0,SF,1.0,1.0,0.0,ShAdDafrF,18.0,1077.0,17.0,1056.0,FTP
1720728035.305985,C9aMCk1Ch5dF3Dld17,192.168.1.4,40913.0,192.168.1.1,53.0,udp,0.009400129318237,77.0,161.0,SF,1.0,1.0,0.0,Dd,1.0,105.0,1.0,189.0,DNS
1720729265.929222,CQKFM54iJsnbfpnJvi,192.168.1.6,34368.0,192.168.1.4,21.0,tcp,10.18443489074707,127.0,188.0,SF,1.0,1.0,0.0,ShAdDafrF,18.0,1071.0,17.0,1056.0,FTP
1720728078.307631,CSj0p03uhzlWAb1Ji2,192.168.1.4,43858.0,192.168.1.1,53.0,udp,10.18443489074707,127.0,188.0,SF,1.0,1.0,0.0,ShAdDafrF,18.0,1071.0,17.0,1056.0,DNS
1720729057.83227,Co2w3n260BHF65tRTb,192.168.1.6,59928.0,192.168.1.4,21.0,tcp,10.292177200317385,138.0,188.0,SF,1.0,1.0,0.0,ShAdDafrF,18.0,1082.0,17.0,1056.0,FTP
1720727793.559882,CL6gm33nvJORW21dJb,192.168.1.4,45860.0,142.251.41.3,443.0,tcp,10.292177200317385,138.0,188.0,SF,1.0,1.0,0.0,ShAdDafrF,18.0,1082.0,17.0,1056.0,HTTPS
1720727884.510887,C44a4HHXtV08T3sbd,192.168.1.4,58408.0,35.245.15.98,443.0,tcp,20.05305504798889,2477.0,4912.0,SF,1.0,0.0,0.0,ShADadfF,14.0,3213.0,12.0,5544.0,HTTPS
1720731345.465292,Ca2hEp1CdkAJL0Inp8,192.168.1.6,55222.0,192.168.1.4,21.0,tcp,10.35119605064392,176.0,188.0,SF,1.0,1.0,0.0,ShAdDafrF,18.0,1120.0,17.0,1056.0,FTP
1720730616.851167,C5stdy18dkALoPrnCa,192.168.1.6,38900.0,192.168.1.4,21.0,tcp,10.045125007629396,130.0,188.0,SF,1.0,1.0,0.0,ShAdDafFr,18.0,1074.0,17.0,1056.0,FTP
1720729525.552472,CGbaffZaBjtxxoy0j,192.168.1.6,56900.0,192.168.1.4,21.0,tcp,10.288912773132324,127.0,188.0,SF,1.0,1.0,0.0,ShAdDafFr,18.0,1071.0,17.0,1056.0,FTP
1720727855.728792,CZBoaA1dr8EaH3cBua,192.168.1.6,42280.0,192.168.1.4,21.0,tcp,10.143908023834229,118.0,188.0,SF,1.0,1.0,0.0,ShAdDafFr,18.0,1062.0,17.0,1056.0,FTP
1720727906.546581,Cjadwp39x9BEqpJ587,192.168.1.4,48440.0,142.251.40.238,443.0,udp,0.108644008636474,4945.0,13258.0,SF,1.0,0.0,0.0,Dd,15.0,5365.0,19.0,13790.0,HTTPS
1720730586.958063,CNENUh28PQ2NP0Z1f6,192.168.1.6,34984.0,192.168.1.4,21.0,tcp,9.84444808959961,128.0,188.0,SF,1.0,1.0,0.0,ShAdDafrF,18.0,1072.0,17.0,1056.0,FTP
1720728277.951673,CAth7c6u4QZvn5DC4,192.168.1.4,54957.0,192.168.1.1,53.0,udp,0.003417015075683,76.0,147.0,SF,1.0,1.0,0.0,Dd,1.0,104.0,1.0,175.0,DNS
1720728035.173515,CsK5PZ3CX5B8zK6cf3,192.168.1.4,55048.0,192.168.1.1,53.0,udp,0.04003882408142,80.0,384.0,SF,1.0,1.0,0.0,Dd,1.0,108.0,1.0,412.0,DNS
1720729664.674498,CC8E0u2BGPiR8NffS,192.168.1.6,59846.0,192.168.1.4,21.0,tcp,10.516620874404907,132.0,188.0,SF,1.0,1.0,0.0,ShAdDafrF,18.0,1076.0,17.0,1056.0,FTP
1720728216.336554,CquT7b24qDkXzWKoVi,192.168.1.6,42420.0,192.168.1.4,21.0,tcp,10.652379035949709,118.0,188.0,SF,1.0,1.0,0.0,ShAdDafrF,18.0,1062.0,17.0,1056.0,FTP
1720731524.222531,Chcu6c23An7j5GHmGl,192.168.1.6,46494.0,192.168.1.4,21.0,tcp,10.125643014907835,148.0,188.0,SF,1.0,1.0,0.0,ShAdDafrF,18.0,1092.0,17.0,1056.0,FTP
1720730867.412854,CW57Hz2gPT8y0MLMDa,192.168.1.6,39116.0,192.168.1.4,21.0,tcp,10.010002136230469,124.0,188.0,SF,1.0,1.0,0.0,ShAdDafFr,18.0,1068.0,17.0,1056.0,FTP
1720727897.307971,Ck7aim285kZD9oLunc,192.168.1.4,56372.0,192.168.1.1,53.0,udp,0.015887975692749,48.0,130.0,SF,1.0,1.0,0.0,Dd,1.0,76.0,1.0,158.0,DNS
1720731643.513903,CB4cnq2Tob1ddpjeO6,192.168.1.6,40674.0,192.168.1.4,21.0,tcp,9.598517179489136,144.0,188.0,SF,1.0,1.0,0.0,ShAdDafFr,18.0,1088.0,17.0,1056.0,FTP
1720728096.38017,CS7lwwNmibDAF6sFg,192.168.1.4,60917.0,192.168.1.1,53.0,udp,0.022664785385131,52.0,113.0,SF,1.0,1.0,0.0,Dd,1.0,80.0,1.0,141.0,DNS
1720731002.944145,CEIZMxkqs99maNz3g,192.168.1.6,44330.0,192.168.1.4,21.0,tcp,10.71147394180298,122.0,188.0,SF,1.0,1.0,0.0,ShAdDafrF,18.0,1066.0,17.0,1056.0,FTP
1720729263.056774,CUrCyi0fCkyDKuVIc,192.168.1.6,34356.0,192.168.1.4,21.0,tcp,9.920229196548462,125.0,188.0,SF,1.0,1.0,0.0,ShAdDafrF,18.0,1069.0,17.0,1056.0,FTP
1720728219.957582,CrTchH33Gtpb6M3ng,192.168.1.4,33921.0,192.168.1.1,53.0,udp,9.920229196548462,125.0,188.0,SF,1.0,1.0,0.0,ShAdDafrF,18.0,1069.0,17.0,1056.0,DNS
1720727916.580754,Cyf4Gi4s5NulM1pUC4,192.168.1.4,39561.0,142.251.32.98,443.0,udp,9.920229196548462,125.0,188.0,SF,1.0,1.0,0.0,ShAdDafrF,18.0,1069.0,17.0,1056.0,HTTPS
1720729429.740667,CoZBv22q7nhNz9SUU2,192.168.1.6,47282.0,192.168.1.4,21.0,tcp,9.71769380569458,135.0,188.0,SF,1.0,1.0,0.0,ShAdDafrF,18.0,1079.0,17.0,1056.0,FTP
1720728035.167197,CQXoAy3OFV77yWtl6l,192.168.1.4,56516.0,192.168.1.1,53.0,udp,9.71769380569458,135.0,188.0,SF,1.0,1.0,0.0,ShAdDafrF,18.0,1079.0,17.0,1056.0,DNS
1720727765.66866,CVzU8z4TGWNkYgh0Og,192.168.1.4,59414.0,35.208.249.213,443.0,udp,9.71769380569458,135.0,188.0,SF,1.0,1.0,0.0,II,18.0,1079.0,17.0,1056.0,HTTPS
1720728003.992359,CsYcEE1nSXFsi32Fag,192.168.1.4,41163.0,192.168.1.1,53.0,udp,9.71769380569458,135.0,188.0,SF,1.0,1.0,0.0,II,18.0,1079.0,17.0,1056.0,DNS
1720730129.691313,CIHVga4iooCTqSiYQ2,192.168.1.6,52788.0,192.168.1.4,21.0,tcp,10.334035873413086,128.0,188.0,SF,1.0,1.0,0.0,ShAdDafrF,18.0,1072.0,17.0,1056.0,FTP
1720729515.00182,CDz8LB361UXdS0TiOd,192.168.1.6,36452.0,192.168.1.4,21.0,tcp,10.526925802230837,111.0,188.0,SF,1.0,1.0,0.0,ShAdDafFr,18.0,1055.0,17.0,1056.0,FTP
1720730898.199163,C12yp4439OrRVr22G9,192.168.1.6,46388.0,192.168.1.4,21.0,tcp,9.786081075668337,121.0,188.0,SF,1.0,1.0,0.0,ShAdDafFr,18.0,1065.0,17.0,1056.0,FTP
1720731002.980232,CUhaelfItasPShWs7,192.168.1.6,35360.0,192.168.1.4,21.0,tcp,10.699120998382568,127.0,188.0,SF,1.0,1.0,0.0,ShAdDafrF,18.0,1071.0,17.0,1056.0,FTP
1720728035.185249,C9rh3V3niJux2fjGN,192.168.1.4,58564.0,31.13.71.36,443.0,tcp,0.070819854736328,1758.0,2491.0,SF,1.0,0.0,0.0,ShADaFdRfR,7.0,2094.0,5.0,2759.0,HTTPS
1720728245.206807,Cks3gi1DsQpAIuPgxc,192.168.1.4,34657.0,192.168.1.1,53.0,udp,0.070819854736328,1758.0,2491.0,SF,1.0,0.0,0.0,ShADaFdRfR,7.0,2094.0,5.0,2759.0,DNS
1720728435.701591,CmmEdMycnCgPvKX6i,192.168.1.6,44180.0,192.168.1.4,21.0,tcp,9.06910490989685,117.0,188.0,SF,1.0,1.0,0.0,ShAdDafrF,18.0,1061.0,17.0,1056.0,FTP
1720729416.568434,CBxxk5RK2KcIuYabi,192.168.1.6,36178.0,192.168.1.4,21.0,tcp,9.56594204902649,126.0,188.0,SF,1.0,1.0,0.0,ShAdDafrF,18.0,1070.0,17.0,1056.0,FTP
1720729464.975699,CxkgsO2ySrdDNIp7d9,192.168.1.6,35284.0,192.168.1.4,21.0,tcp,10.274565935134888,138.0,188.0,SF,1.0,1.0,0.0,ShAdDafrF,18.0,1082.0,17.0,1056.0,FTP
1720730770.921544,C57dRE4tbwe8Zbz0K4,192.168.1.6,37162.0,192.168.1.4,21.0,tcp,9.67832899093628,126.0,188.0,SF,1.0,1.0,0.0,ShAdDafrF,18.0,1070.0,17.0,1056.0,FTP
1720729972.700087,COLuYO3ly0M72WWHoe,192.168.1.6,36272.0,192.168.1.4,21.0,tcp,11.165902853012083,129.0,188.0,SF,1.0,1.0,0.0,ShAdDafrF,18.0,1073.0,17.0,1056.0,FTP
1720727979.93349,CUjZXn42dncDu9FGY3,192.168.1.6,55086.0,192.168.1.4,21.0,tcp,10.212508916854858,116.0,188.0,SF,1.0,1.0,0.0,ShAdDafrF,18.0,1060.0,17.0,1056.0,FTP
1720730769.234475,Cz0X922ISty4UMEQc2,192.168.1.6,37124.0,192.168.1.4,21.0,tcp,10.12864112854004,136.0,188.0,SF,1.0,1.0,0.0,ShAdDafFr,18.0,1080.0,17.0,1056.0,FTP
1720728031.234454,CRpmXf3M99O7SWoUqg,192.168.1.6,43218.0,192.168.1.4,21.0,tcp,10.959757089614868,118.0,188.0,SF,1.0,1.0,0.0,ShAdDafrF,18.0,1062.0,17.0,1056.0,FTP
1720730349.066137,CT7FRf3GUVaWwtoBbe,192.168.1.6,48994.0,192.168.1.4,21.0,tcp,10.348322868347168,132.0,188.0,SF,1.0,1.0,0.0,ShAdDafFr,18.0,1076.0,17.0,1056.0,FTP
1720730302.306122,CxeIxT2JGeStxVe4Oa,192.168.1.6,44712.0,192.168.1.4,21.0,tcp,9.806071996688845,135.0,188.0,SF,1.0,1.0,0.0,ShAdDafrF,18.0,1079.0,17.0,1056.0,FTP
1720730506.773787,CDkYKn1CP8Y1i3Dm6,192.168.1.6,60862.0,192.168.1.4,21.0,tcp,9.94797706604004,139.0,188.0,SF,1.0,1.0,0.0,ShAdDafFr,18.0,1083.0,17.0,1056.0,FTP
1720728009.441524,CIq6ESvDF5i7rHM0d,192.168.1.4,49825.0,192.168.1.1,53.0,udp,0.016433954238891,53.0,110.0,SF,1.0,1.0,0.0,Dd,1.0,81.0,1.0,138.0,DNS
1720730001.907174,C41y0n22kECqDkebh6,192.168.1.6,52204.0,192.168.1.4,21.0,tcp,9.965955972671509,126.0,188.0,SF,1.0,1.0,0.0,ShAdDafrF,18.0,1070.0,17.0,1056.0,FTP
1720728219.935989,C2wgc61Vyjcfyudb1a,192.168.1.4,38723.0,192.168.1.1,53.0,udp,0.021056175231933,40.0,218.0,SF,1.0,1.0,0.0,Dd,1.0,68.0,1.0,246.0,DNS
1720728155.197821,CkccbV2M3wflvJqOxd,192.168.1.4,43143.0,192.168.1.1,53.0,udp,0.021056175231933,40.0,218.0,SF,1.0,1.0,0.0,Dd,1.0,68.0,1.0,246.0,DNS
1720728185.115838,CVHZeg2scUeHIjef4,192.168.1.4,60919.0,192.168.1.1,53.0,udp,0.100470066070556,50.0,492.0,SF,1.0,1.0,0.0,Dd,1.0,78.0,1.0,520.0,DNS
1720731749.281361,CFu7HN2ZzQNDftGqF7,192.168.1.6,40470.0,192.168.1.4,21.0,tcp,11.410892009735107,179.0,188.0,SF,1.0,1.0,0.0,ShAdDafrF,18.0,1123.0,17.0,1056.0,FTP
1720728027.212277,CLjkHD45C8rxG87rS,192.168.1.6,43126.0,192.168.1.4,21.0,tcp,10.371134042739868,118.0,188.0,SF,1.0,1.0,0.0,ShAdDafrF,18.0,1062.0,17.0,1056.0,FTP
1720730521.627225,CE5lKe1Qfs171iphKe,192.168.1.6,46328.0,192.168.1.4,21.0,tcp,9.10685896873474,127.0,188.0,SF,1.0,1.0,0.0,ShAdDafrF,18.0,1071.0,17.0,1056.0,FTP
1720729347.759712,CH6wzA4tQ7tpQJCoCh,192.168.1.6,32924.0,192.168.1.4,21.0,tcp,9.953421115875244,123.0,188.0,SF,1.0,1.0,0.0,ShAdDafrF,18.0,1067.0,17.0,1056.0,FTP
1720727824.873725,CAXAts45KkMzJyHNrj,192.168.1.4,37306.0,142.251.41.3,443.0,udp,0.074118137359619,3987.0,8568.0,SF,1.0,0.0,0.0,Dd,6.0,4155.0,9.0,8820.0,HTTPS
1720727912.457978,ClB3IUtxqESsuganl,192.168.1.6,47722.0,192.168.1.4,21.0,tcp,10.811140060424805,118.0,188.0,SF,1.0,1.0,0.0,ShAdDafrF,18.0,1062.0,17.0,1056.0,FTP
1720731724.752123,CN3fKy4kh0swdLqgFf,192.168.1.6,34542.0,192.168.1.4,21.0,tcp,11.042630910873411,180.0,188.0,SF,1.0,1.0,0.0,ShAdDafFr,18.0,1124.0,17.0,1056.0,FTP
1720729638.535783,C3NZP927ujAhatsg54,192.168.1.6,47536.0,192.168.1.4,21.0,tcp,10.335883855819702,117.0,188.0,SF,1.0,1.0,0.0,ShAdDafrF,18.0,1061.0,17.0,1056.0,FTP
1720728687.983995,CW9RHP3sKjiPUCjsM7,192.168.1.6,55122.0,192.168.1.4,21.0,tcp,9.79475712776184,141.0,188.0,SF,1.0,1.0,0.0,ShAdDafFr,18.0,1085.0,17.0,1056.0,FTP
1720728219.949441,CpErIy22JmrOWEW8oj,192.168.1.4,53911.0,192.168.1.1,53.0,udp,9.79475712776184,141.0,188.0,SF,1.0,1.0,0.0,ShAdDafFr,18.0,1085.0,17.0,1056.0,DNS
1720728262.961966,CHofaR1fXaDGiLpf3f,192.168.1.6,34590.0,192.168.1.4,21.0,tcp,10.426876068115234,118.0,188.0,SF,1.0,1.0,0.0,ShAdDafrF,18.0,1062.0,17.0,1056.0,FTP
1720730253.444706,C3GRhO3U10rYn8c9c2,192.168.1.6,40242.0,192.168.1.4,21.0,tcp,10.799615144729614,123.0,188.0,SF,1.0,1.0,0.0,ShAdDafFr,18.0,1067.0,17.0,1056.0,FTP
1720728064.562738,Csas9A2imQpNRYHLr4,192.168.1.4,53737.0,192.168.1.1,53.0,udp,10.799615144729614,123.0,188.0,SF,1.0,1.0,0.0,ShAdDafFr,18.0,1067.0,17.0,1056.0,DNS
1720729145.116862,CDgfh03RRwztnzSkM2,192.168.1.6,38916.0,192.168.1.4,21.0,tcp,9.797610998153688,120.0,188.0,SF,1.0,1.0,0.0,ShAdDafrF,18.0,1064.0,17.0,1056.0,FTP
1720731394.887444,CYQ6ei2pFqqv0y05c4,192.168.1.6,48450.0,192.168.1.4,21.0,tcp,11.129194021224976,194.0,188.0,SF,1.0,1.0,0.0,ShAdDafFr,18.0,1138.0,17.0,1056.0,FTP
1720728305.841562,CX08384HACuIGlW3jc,192.168.1.4,47561.0,192.168.1.1,53.0,udp,11.129194021224976,194.0,188.0,SF,1.0,1.0,0.0,ShAdDafFr,18.0,1138.0,17.0,1056.0,DNS
1720728729.904821,Cf85fB3Y6cm2dEcKMk,192.168.1.6,59610.0,192.168.1.4,21.0,tcp,10.09042501449585,143.0,188.0,SF,1.0,1.0,0.0,ShAdDafrF,18.0,1087.0,17.0,1056.0,FTP
1720731787.756035,CSZFJ13wDeJeaq7AQ6,192.168.1.6,55042.0,192.168.1.4,21.0,tcp,10.677958965301514,160.0,188.0,SF,1.0,1.0,0.0,ShAdDafrF,18.0,1104.0,17.0,1056.0,FTP
1720726351.596153,CspEez2iUqnscyUqI8,144.80.110.68,49946.0,192.168.1.4,22.0,tcp,1992.3339660167687,154756.0,8265786.0,RSTO,0.0,1.0,0.0,ShAdDatTtTFR,20382.0,975540.0,34955.0,9699986.0,SSH
1720728244.876694,CWG6e923XG38aCGdr9,192.168.1.4,53365.0,192.168.1.1,53.0,udp,0.014886140823364,38.0,122.0,SF,1.0,1.0,0.0,Dd,1.0,66.0,1.0,150.0,DNS
1720728156.38244,CM6ft62CEn7eKE6vpk,192.168.1.4,48090.0,192.168.1.1,53.0,udp,0.002146959304809,47.0,469.0,SF,1.0,1.0,0.0,Dd,1.0,75.0,1.0,497.0,DNS
1720731066.685499,Cteynn2wYee2gLIzof,192.168.1.6,38628.0,192.168.1.4,21.0,tcp,10.23785400390625,134.0,188.0,SF,1.0,1.0,0.0,ShAdDafrF,18.0,1078.0,17.0,1056.0,FTP
1720728216.353544,CCBGgt2pDdrKdy0Uy4,192.168.1.4,47094.0,162.159.133.233,443.0,tcp,10.23785400390625,134.0,188.0,SF,1.0,1.0,0.0,ShAdDafrF,18.0,1078.0,17.0,1056.0,HTTPS
1720731391.142609,CjNMTNZoLUipAwR65,192.168.1.6,40454.0,192.168.1.4,21.0,tcp,11.296927213668823,172.0,188.0,SF,1.0,1.0,0.0,ShAdDafrF,18.0,1116.0,17.0,1056.0,FTP
1720728245.203574,CPFEs34saxVFELfI1a,192.168.1.4,44900.0,192.168.1.1,53.0,udp,11.296927213668823,172.0,188.0,SF,1.0,1.0,0.0,ShAdDafrF,18.0,1116.0,17.0,1056.0,DNS
1720730071.623727,C3p8ks4N8fJWsLFaX6,192.168.1.6,51314.0,192.168.1.4,21.0,tcp,9.660204887390137,140.0,188.0,SF,1.0,1.0,0.0,ShAdDafFr,18.0,1084.0,17.0,1056.0,FTP
1720727765.856168,CEkKNx26s09BeXxNK9,192.168.1.4,38013.0,192.168.1.1,53.0,udp,9.660204887390137,140.0,188.0,SF,1.0,1.0,0.0,ShAdDafFr,18.0,1084.0,17.0,1056.0,DNS
1720727854.25818,CsE7o61rYhw7nrk1yj,192.168.1.4,41904.0,142.250.65.170,443.0,udp,9.660204887390137,140.0,188.0,SF,1.0,1.0,0.0,ShAdDafFr,18.0,1084.0,17.0,1056.0,HTTPS
1720728454.111785,CAp8V9E2cgQnYGzv6,192.168.1.6,55930.0,192.168.1.4,21.0,tcp,10.701557159423828,118.0,188.0,SF,1.0,1.0,0.0,ShAdDafrF,18.0,1062.0,17.0,1056.0,FTP
1720727914.188911,Crze572bUH8NtuMxF9,192.168.1.4,48222.0,192.168.1.1,53.0,udp,0.004358053207397,58.0,138.0,SF,1.0,1.0,0.0,Dd,1.0,86.0,1.0,166.0,DNS
1720730018.732566,CRsMkLKJwHguKe3Hb,192.168.1.6,51568.0,192.168.1.4,21.0,tcp,9.498440980911257,135.0,188.0,SF,1.0,1.0,0.0,ShAdDafFr,18.0,1079.0,17.0,1056.0,FTP
1720730312.112322,CWXb4r2nN4jTCzH5Oh,192.168.1.6,50336.0,192.168.1.4,21.0,tcp,10.43507480621338,127.0,188.0,SF,1.0,1.0,0.0,ShAdDafFr,18.0,1071.0,17.0,1056.0,FTP
1720730061.654593,CdbzGm3jhqIm8AMpp9,192.168.1.6,54882.0,192.168.1.4,21.0,tcp,10.00578999519348,122.0,188.0,SF,1.0,1.0,0.0,ShAdDafrF,18.0,1066.0,17.0,1056.0,FTP
1720728054.308356,CY855k1ofKG7G3Jhfj,192.168.1.4,60278.0,192.168.1.1,53.0,udp,10.00578999519348,122.0,188.0,SF,1.0,1.0,0.0,ShAdDafrF,18.0,1066.0,17.0,1056.0,DNS
1720728155.64081,CkOUJ847ZLYOppdJf6,192.168.1.4,39877.0,192.168.1.1,53.0,udp,10.00578999519348,122.0,188.0,SF,1.0,1.0,0.0,ShAdDafrF,18.0,1066.0,17.0,1056.0,DNS
1720728306.204958,CC4ZIZ2ZJdWZMSYJnl,192.168.1.4,35680.0,142.251.41.2,443.0,udp,10.00578999519348,122.0,188.0,SF,1.0,1.0,0.0,IIiiiIhhhHHhH,18.0,1066.0,17.0,1056.0,HTTPS
1720731613.589731,CzrG4p2VD0dO4trJuk,192.168.1.6,45100.0,192.168.1.4,21.0,tcp,10.203251123428345,151.0,188.0,SF,1.0,1.0,0.0,ShAdDafFr,18.0,1095.0,17.0,1056.0,FTP
1720729936.781852,CsMoZy2j48jOogzpje,192.168.1.6,47736.0,192.168.1.4,21.0,tcp,9.881062030792236,143.0,188.0,SF,1.0,1.0,0.0,ShAdDafrF,18.0,1087.0,17.0,1056.0,FTP
1720729573.543042,C321O31Im7YEL8F5yf,192.168.1.6,51806.0,192.168.1.4,21.0,tcp,9.74072813987732,112.0,188.0,SF,1.0,1.0,0.0,ShAdDafrF,18.0,1056.0,17.0,1056.0,FTP
1720730006.593132,CBdmPG2MN8KCsUqWc,192.168.1.6,41212.0,192.168.1.4,21.0,tcp,9.225056886672974,126.0,188.0,SF,1.0,1.0,0.0,ShAdDafrF,18.0,1070.0,17.0,1056.0,FTP
1720729168.47297,CPrgCD4uqzI3diRaN4,192.168.1.6,38310.0,192.168.1.4,21.0,tcp,9.750492095947266,111.0,188.0,SF,1.0,1.0,0.0,ShAdDafFr,18.0,1055.0,17.0,1056.0,FTP
1720731690.170301,C1qRac2Fe3oKqT16Oa,192.168.1.6,52664.0,192.168.1.4,21.0,tcp,10.78811001777649,166.0,188.0,SF,1.0,1.0,0.0,ShAdDafrF,18.0,1110.0,17.0,1056.0,FTP
1720730399.341574,CLn6Fm1MNCpmXqWR34,192.168.1.6,34034.0,192.168.1.4,21.0,tcp,9.266984939575195,120.0,188.0,SF,1.0,1.0,0.0,ShAdDafrF,18.0,1064.0,17.0,1056.0,FTP
1720728109.307736,CZ0Mev4Jsvd1XmEw7j,192.168.1.4,55049.0,192.168.1.1,53.0,udp,9.266984939575195,120.0,188.0,SF,1.0,1.0,0.0,ShAdDafrF,18.0,1064.0,17.0,1056.0,DNS
1720728593.302035,CxY8bs1GJa3hd3yyYi,192.168.1.6,35486.0,192.168.1.4,21.0,tcp,10.28238296508789,115.0,188.0,SF,1.0,1.0,0.0,ShAdDafrF,18.0,1059.0,17.0,1056.0,FTP
1720730641.060091,CtZxwQ31XKH919iqWg,192.168.1.6,48690.0,192.168.1.4,21.0,tcp,11.22108006477356,131.0,188.0,SF,1.0,1.0,0.0,ShAdDafrF,18.0,1075.0,17.0,1056.0,FTP
1720728245.09664,CCIzeyOtMmJGjB92d,192.168.1.4,58068.0,104.104.72.162,443.0,tcp,11.22108006477356,131.0,188.0,SF,1.0,1.0,0.0,ShAdDafrF,18.0,1075.0,17.0,1056.0,HTTPS
1720728065.050469,CmlA5F2nppLELAMx1,192.168.1.4,41595.0,192.168.1.1,53.0,udp,11.22108006477356,131.0,188.0,SF,1.0,1.0,0.0,ShAdDafrF,18.0,1075.0,17.0,1056.0,DNS
1720731602.316718,C7lYVP2G9wIApf5XU5,192.168.1.6,60970.0,192.168.1.4,21.0,tcp,10.510370016098022,164.0,188.0,SF,1.0,1.0,0.0,ShAdDafFr,18.0,1108.0,17.0,1056.0,FTP
1720728906.132966,CuAeGe3tjgswzh8B5a,192.168.1.6,43468.0,192.168.1.4,21.0,tcp,9.108362913131714,163.0,188.0,SF,1.0,1.0,0.0,ShAdDafrF,18.0,1107.0,17.0,1056.0,FTP
1720729554.704115,C3xVzbOqPWG5r7z5,192.168.1.6,56702.0,192.168.1.4,21.0,tcp,9.538937091827393,123.0,188.0,SF,1.0,1.0,0.0,ShAdDafrF,18.0,1067.0,17.0,1056.0,FTP
1720728186.144801,CWHaffbbsi7GUHvwh,192.168.1.4,50405.0,192.168.1.1,53.0,udp,9.538937091827393,123.0,188.0,SF,1.0,1.0,0.0,ShAdDafrF,18.0,1067.0,17.0,1056.0,DNS
1720728100.85979,C9Z3r31fsCQYVX52Pa,192.168.1.6,39976.0,192.168.1.4,21.0,tcp,10.042192935943604,118.0,188.0,SF,1.0,1.0,0.0,ShAdDafrF,18.0,1062.0,17.0,1056.0,FTP
1720730633.566137,CYywON2v22kxTUlkUa,192.168.1.6,48564.0,192.168.1.4,21.0,tcp,10.588222980499268,132.0,188.0,SF,1.0,1.0,0.0,ShAdDafFr,18.0,1076.0,17.0,1056.0,FTP
1720729881.022459,CHlPd52kRJwLw5a2r4,192.168.1.6,46270.0,192.168.1.4,21.0,tcp,11.269142866134644,131.0,188.0,SF,1.0,1.0,0.0,ShAdDafFr,18.0,1075.0,17.0,1056.0,FTP
1720730857.305387,CklGP04ZnxVfDgtV68,192.168.1.6,41984.0,192.168.1.4,21.0,tcp,10.569033861160278,132.0,188.0,SF,1.0,1.0,0.0,ShAdDafFr,18.0,1076.0,17.0,1056.0,FTP
1720731048.290695,CdMbnm22zVUSGrDddh,192.168.1.6,33156.0,192.168.1.4,21.0,tcp,9.758655071258543,127.0,188.0,SF,1.0,1.0,0.0,ShAdDafFr,18.0,1071.0,17.0,1056.0,FTP
1720727824.39421,Cul4UC1BzMHVaYBoD2,192.168.1.4,52009.0,192.168.1.1,53.0,udp,0.016726970672607,45.0,95.0,SF,1.0,1.0,0.0,Dd,1.0,73.0,1.0,123.0,DNS
1720728186.395993,Ca0zaH2h3eEyZiwgV,192.168.1.6,42696.0,192.168.1.4,21.0,tcp,10.04458498954773,118.0,188.0,SF,1.0,1.0,0.0,ShAdDafrF,18.0,1062.0,17.0,1056.0,FTP
1720729050.471751,CEBr4k3YMnEARTZW0c,192.168.1.6,56020.0,192.168.1.4,21.0,tcp,10.831486940383911,115.0,188.0,SF,1.0,1.0,0.0,ShAdDafrF,18.0,1059.0,17.0,1056.0,FTP
1720728986.44616,CivYS53cnMOEVHbX75,192.168.1.6,34050.0,192.168.1.4,21.0,tcp,10.126891851425173,131.0,188.0,SF,1.0,1.0,0.0,ShAdDafrF,18.0,1075.0,17.0,1056.0,FTP
1720731865.841237,CLsfZXiZTmtoQhZlj,192.168.1.6,58020.0,192.168.1.4,21.0,tcp,9.864902973175049,112.0,188.0,SF,1.0,1.0,0.0,ShAdDafFr,18.0,1056.0,17.0,1056.0,FTP
1720731598.527777,CZXGf42Mhxtsg2H031,192.168.1.6,60912.0,192.168.1.4,21.0,tcp,10.22969102859497,153.0,188.0,SF,1.0,1.0,0.0,ShAdDafrF,18.0,1097.0,17.0,1056.0,FTP
1720728155.554669,CFsUYo3tjGD2daIJNe,192.168.1.4,59387.0,192.168.1.1,53.0,udp,10.22969102859497,153.0,188.0,SF,1.0,1.0,0.0,ShAdDafrF,18.0,1097.0,17.0,1056.0,DNS
1720731593.474987,C9Nhc331uwnzRfy0ok,192.168.1.6,60836.0,192.168.1.4,21.0,tcp,9.81971001625061,141.0,188.0,SF,1.0,1.0,0.0,ShAdDafrF,18.0,1085.0,17.0,1056.0,FTP
1720728062.74367,CgDQ0t3RSek7Vzc4u8,192.168.1.6,46182.0,192.168.1.4,21.0,tcp,9.11056399345398,118.0,188.0,SF,1.0,1.0,0.0,ShAdDafrF,18.0,1062.0,17.0,1056.0,FTP
1720730691.149399,CmVwym1aA8w6kt8TPf,192.168.1.6,33220.0,192.168.1.4,21.0,tcp,10.866447925567629,136.0,188.0,SF,1.0,1.0,0.0,ShAdDafrF,18.0,1080.0,17.0,1056.0,FTP
1720730302.316293,CyZMlL3eaAWz7uhn67,192.168.1.6,44718.0,192.168.1.4,21.0,tcp,9.816220045089722,138.0,188.0,SF,1.0,1.0,0.0,ShAdDafrF,18.0,1082.0,17.0,1056.0,FTP
1720727795.438165,CSaaW11UiWZN0ZovV9,192.168.1.4,42989.0,192.168.1.1,53.0,udp,0.002365112304687,47.0,165.0,SF,1.0,1.0,0.0,Dd,1.0,75.0,1.0,193.0,DNS
1720730779.353164,CsRoK2jSEOB2JVXtk,192.168.1.6,58022.0,192.168.1.4,21.0,tcp,10.236732006072998,128.0,188.0,SF,1.0,1.0,0.0,ShAdDafrF,18.0,1072.0,17.0,1056.0,FTP
1720727853.387576,C7xAtnWZNXufGCHQ1,192.168.1.4,45024.0,192.168.1.1,53.0,udp,10.236732006072998,128.0,188.0,SF,1.0,1.0,0.0,ShAdDafrF,18.0,1072.0,17.0,1056.0,DNS
1720728061.310958,CfVNIN36eTOmLrIU2f,192.168.1.4,40247.0,192.168.1.1,53.0,udp,0.022181034088134,80.0,150.0,SF,1.0,1.0,0.0,Dd,1.0,108.0,1.0,178.0,DNS
1720730587.020872,C2eVm23SLO2uKCEcY9,192.168.1.6,35002.0,192.168.1.4,21.0,tcp,9.837838888168337,125.0,188.0,SF,1.0,1.0,0.0,ShAdDafrF,18.0,1069.0,17.0,1056.0,FTP
1720727794.671345,CpxNNw37se3w8ygiih,192.168.1.4,56813.0,192.168.1.1,53.0,udp,9.837838888168337,125.0,188.0,SF,1.0,1.0,0.0,ShAdDafrF,18.0,1069.0,17.0,1056.0,DNS
1720730940.735964,ClqWcO2y2t9lqslTw9,192.168.1.6,40776.0,192.168.1.4,21.0,tcp,10.374629974365234,139.0,188.0,SF,1.0,1.0,0.0,ShAdDafFr,18.0,1083.0,17.0,1056.0,FTP
1720728306.204958,CC4ZIZ2ZJdWZMSYJnl,192.168.1.4,35680.0,142.251.41.2,443.0,tcp,10.374629974365234,139.0,188.0,SF,1.0,1.0,0.0,ShAdDafFr,18.0,1083.0,17.0,1056.0,HTTPS
1720728124.813167,CUGBVH2dQaCITxV9q1,192.168.1.4,50853.0,192.168.1.1,53.0,udp,0.002107858657836,53.0,324.0,SF,1.0,1.0,0.0,Dd,1.0,81.0,1.0,352.0,DNS
1720731859.081835,CJWR5w2fngOkGzuymc,192.168.1.6,41016.0,192.168.1.4,21.0,tcp,9.581739902496338,109.0,188.0,SF,1.0,1.0,0.0,ShAdDafFr,18.0,1053.0,17.0,1056.0,FTP
1720728833.979862,Cjm1ziVj2C2QLd5lg,192.168.1.6,51640.0,192.168.1.4,21.0,tcp,9.120719909667969,130.0,188.0,SF,1.0,1.0,0.0,ShAdDafrF,18.0,1074.0,17.0,1056.0,FTP
1720731247.05901,CQVvuc2ZA7NhS1T50a,192.168.1.6,36334.0,192.168.1.4,21.0,tcp,10.322643995285034,166.0,188.0,SF,1.0,1.0,0.0,ShAdDafrF,18.0,1110.0,17.0,1056.0,FTP
1720729836.42849,CaX06Z2uhKLkDJ2IYe,192.168.1.6,43412.0,192.168.1.4,21.0,tcp,10.208343029022217,132.0,188.0,SF,1.0,1.0,0.0,ShAdDafrF,18.0,1076.0,17.0,1056.0,FTP
1720728186.758517,CwMN5b3KNZsAvmS7ec,192.168.1.4,57392.0,192.168.1.1,53.0,udp,10.208343029022217,132.0,188.0,SF,1.0,1.0,0.0,ShAdDafrF,18.0,1076.0,17.0,1056.0,DNS
1720730315.448136,C36chP2uim22mL6JC1,192.168.1.6,39132.0,192.168.1.4,21.0,tcp,10.464815855026243,119.0,188.0,SF,1.0,1.0,0.0,ShAdDafrF,18.0,1063.0,17.0,1056.0,FTP
1720727884.166008,ClncHR1sye1MiCbKXe,192.168.1.4,60750.0,192.168.1.1,53.0,udp,10.464815855026243,119.0,188.0,SF,1.0,1.0,0.0,ShAdDafrF,18.0,1063.0,17.0,1056.0,DNS
1720730908.089135,CX1XlW218RC7TUkaSc,192.168.1.6,40186.0,192.168.1.4,21.0,tcp,10.11107897758484,128.0,188.0,SF,1.0,1.0,0.0,ShAdDafrF,18.0,1072.0,17.0,1056.0,FTP
1720731479.889277,CZmqNC3uOKM369Hvkk,192.168.1.6,42328.0,192.168.1.4,21.0,tcp,10.005222082138062,173.0,188.0,SF,1.0,1.0,0.0,ShAdDafrF,18.0,1117.0,17.0,1056.0,FTP
1720727793.936924,CuqZ1N2LWHBn7kwN71,192.168.1.4,57840.0,44.207.14.248,443.0,tcp,120.5496780872345,14007.0,10964.0,SF,1.0,0.0,0.0,ShADadfF,40.0,16095.0,42.0,13156.0,HTTPS
1720728095.438574,Cpnj4UhsIid02qJQg,192.168.1.4,58820.0,52.62.241.242,443.0,tcp,69.00747299194336,3194.0,15128.0,SF,1.0,0.0,0.0,ShADadfF,26.0,4554.0,28.0,16592.0,HTTPS
1720731352.424126,CZm3dw327czjFsKOie,192.168.1.6,55348.0,192.168.1.4,21.0,tcp,10.411718130111694,149.0,188.0,SF,1.0,1.0,0.0,ShAdDafrF,18.0,1093.0,17.0,1056.0,FTP
1720728246.341169,Cstv7n31XrrrlVqlBa,192.168.1.4,50606.0,20.50.80.210,443.0,tcp,105.17615485191344,16652.0,7587.0,SF,1.0,0.0,0.0,ShADadFf,32.0,18324.0,28.0,9063.0,HTTPS
1720728206.661313,CHMgc42LcTnRLFfGd8,192.168.1.6,43822.0,192.168.1.4,21.0,tcp,9.56165885925293,117.0,188.0,SF,1.0,1.0,0.0,ShAdDafrF,18.0,1061.0,17.0,1056.0,FTP
1720729088.743007,CRmkse1mBmzKpVCWSf,192.168.1.6,50560.0,192.168.1.4,21.0,tcp,9.95163893699646,118.0,188.0,SF,1.0,1.0,0.0,ShAdDafrF,18.0,1062.0,17.0,1056.0,FTP
1720729618.623222,CyeV7j2Ji00hNeCDI1,192.168.1.6,47618.0,192.168.1.4,21.0,tcp,10.220033884048462,110.0,188.0,SF,1.0,1.0,0.0,ShAdDafFr,18.0,1054.0,17.0,1056.0,FTP
1720727990.146168,CaZOi41Ty2PC2y6g8l,192.168.1.6,48578.0,192.168.1.4,21.0,tcp,9.639847040176392,118.0,188.0,SF,1.0,1.0,0.0,ShAdDafFr,18.0,1062.0,17.0,1056.0,FTP
1720730369.299479,CYNTEB4EDT3IwRAT28,192.168.1.6,44826.0,192.168.1.4,21.0,tcp,9.76685094833374,117.0,188.0,SF,1.0,1.0,0.0,ShAdDafrF,18.0,1061.0,17.0,1056.0,FTP
1720729719.750107,CRZwwc1gPtZrBXZpa1,192.168.1.6,56580.0,192.168.1.4,21.0,tcp,9.829066038131714,114.0,188.0,SF,1.0,1.0,0.0,ShAdDafrF,18.0,1058.0,17.0,1056.0,FTP
1720728096.340611,C4LiNl27EnkOORL06c,192.168.1.4,36507.0,192.168.1.1,53.0,udp,0.027199983596801,41.0,206.0,SF,1.0,1.0,0.0,Dd,1.0,69.0,1.0,234.0,DNS
1720728125.109793,CwwkT34lDTDnrVFujg,192.168.1.4,45536.0,23.212.249.68,443.0,udp,0.027199983596801,41.0,206.0,SF,1.0,1.0,0.0,Dd,1.0,69.0,1.0,234.0,HTTPS
1720728796.856483,CrnKrg1yTgvrsfNbj1,192.168.1.6,45096.0,192.168.1.4,21.0,tcp,10.809353113174438,130.0,188.0,SF,1.0,1.0,0.0,ShAdDafrF,18.0,1074.0,17.0,1056.0,FTP
1720728095.313852,C2huYi4XmJDz9YERSc,192.168.1.4,44232.0,45.60.73.43,443.0,tcp,113.43429803848268,2406.0,8083.0,SF,1.0,0.0,0.0,ShADadFRf,18.0,3326.0,16.0,8923.0,HTTPS
1720729989.639728,CYghDB2D9oWOxLCn6e,192.168.1.6,44562.0,192.168.1.4,21.0,tcp,10.22215485572815,127.0,188.0,SF,1.0,1.0,0.0,ShAdDafFr,18.0,1071.0,17.0,1056.0,FTP
1720728643.916079,CtJTBr4YRzLNpTjj01,192.168.1.6,35388.0,192.168.1.4,21.0,tcp,10.283046960830688,126.0,188.0,SF,1.0,1.0,0.0,ShAdDafrF,18.0,1070.0,17.0,1056.0,FTP
1720727793.830615,C21x5y474sMUyz0QD7,192.168.1.4,58335.0,192.168.1.1,53.0,udp,10.283046960830688,126.0,188.0,SF,1.0,1.0,0.0,ShAdDafrF,18.0,1070.0,17.0,1056.0,DNS
1720728464.843175,CA8Sxl3VDbc3VblP17,192.168.1.6,40934.0,192.168.1.4,21.0,tcp,9.281514167785645,118.0,188.0,SF,1.0,1.0,0.0,ShAdDafrF,18.0,1062.0,17.0,1056.0,FTP
1720731118.461183,ChyhfR2loyoNMMfd36,192.168.1.6,57646.0,192.168.1.4,21.0,tcp,10.060261011123655,108.0,188.0,SF,1.0,1.0,0.0,ShAdDafrF,18.0,1052.0,17.0,1056.0,FTP
1720730243.509707,COqxhe3W4ywxTEUgXd,192.168.1.6,59232.0,192.168.1.4,21.0,tcp,10.498449087142944,127.0,188.0,SF,1.0,1.0,0.0,ShAdDafrF,18.0,1071.0,17.0,1056.0,FTP
1720728027.46627,CGW3P12agZH0qnsaUe,192.168.1.6,43138.0,192.168.1.4,21.0,tcp,10.372215032577516,117.0,188.0,SF,1.0,1.0,0.0,ShAdDafrF,18.0,1061.0,17.0,1056.0,FTP
1720729985.21542,Cqodur10HZzzU5kfUa,192.168.1.6,44496.0,192.168.1.4,21.0,tcp,10.248339891433716,128.0,188.0,SF,1.0,1.0,0.0,ShAdDafrF,18.0,1072.0,17.0,1056.0,FTP
1720727876.256496,CEWd4S34OHTDZnvAn,192.168.1.6,46372.0,192.168.1.4,21.0,tcp,9.043987035751345,118.0,188.0,SF,1.0,1.0,0.0,ShAdDafrF,18.0,1062.0,17.0,1056.0,FTP
1720728216.274415,CtLcq82h0naCXPdDg2,192.168.1.4,55216.0,162.159.133.233,443.0,tcp,9.043987035751345,118.0,188.0,SF,1.0,1.0,0.0,ShAdDafrF,18.0,1062.0,17.0,1056.0,HTTPS
1720728626.605861,Caz1eH39QbdVeiYM77,192.168.1.6,36730.0,192.168.1.4,21.0,tcp,9.661901950836182,119.0,188.0,SF,1.0,1.0,0.0,ShAdDafrF,18.0,1063.0,17.0,1056.0,FTP
1720727765.833157,C9qu762l39x2a2uA2j,192.168.1.4,52979.0,192.168.1.1,53.0,udp,0.015044927597045,127.0,127.0,SF,1.0,1.0,0.0,Dd,3.0,211.0,3.0,211.0,DNS
1720731226.610306,CUzy6s63IVb7hM8q2,192.168.1.6,48686.0,192.168.1.4,21.0,tcp,9.824197053909302,117.0,188.0,SF,1.0,1.0,0.0,ShAdDafFr,18.0,1061.0,17.0,1056.0,FTP
1720731821.121989,CXONUa3pZFsoftB2R9,192.168.1.6,42406.0,192.168.1.4,21.0,tcp,10.877248048782349,153.0,188.0,SF,1.0,1.0,0.0,ShAdDafrF,18.0,1097.0,17.0,1056.0,FTP
1720731633.776712,CfqtL13uWfa1ydMJb7,192.168.1.6,42210.0,192.168.1.4,21.0,tcp,9.43964695930481,164.0,188.0,SF,1.0,1.0,0.0,ShAdDafrF,18.0,1108.0,17.0,1056.0,FTP
1720728245.219705,C3kQHo2g5PO3D1bA3,192.168.1.4,52103.0,192.168.1.1,53.0,udp,0.001938819885253,58.0,58.0,SF,1.0,1.0,0.0,Dd,1.0,86.0,1.0,86.0,DNS
1720728442.157764,Cqwphv3YAVT5hpxGrb,192.168.1.6,44290.0,192.168.1.4,21.0,tcp,10.757666110992432,118.0,188.0,SF,1.0,1.0,0.0,ShAdDafrF,18.0,1062.0,17.0,1056.0,FTP
1720730813.034554,CAvSnJU0Byt2abXz2,192.168.1.6,54100.0,192.168.1.4,21.0,tcp,9.306818962097168,130.0,188.0,SF,1.0,1.0,0.0,ShAdDafrF,18.0,1074.0,17.0,1056.0,FTP
1720728047.328046,Cw0mO5Kk28X74bJfd,192.168.1.6,51014.0,192.168.1.4,21.0,tcp,10.723467826843262,118.0,188.0,SF,1.0,1.0,0.0,ShAdDafrF,18.0,1062.0,17.0,1056.0,FTP
1720728925.69048,Ct1yEh3DhoLvO8QVS8,192.168.1.6,56360.0,192.168.1.4,21.0,tcp,9.463923931121826,143.0,188.0,SF,1.0,1.0,0.0,ShAdDafrF,18.0,1087.0,17.0,1056.0,FTP
1720729814.164084,CQE8eq4gKT5MC5tje5,192.168.1.6,34336.0,192.168.1.4,21.0,tcp,9.511234998703005,123.0,188.0,SF,1.0,1.0,0.0,ShAdDafFr,18.0,1067.0,17.0,1056.0,FTP
1720728034.402456,Cti3b623BKY8yanyca,192.168.1.4,35798.0,144.118.67.10,443.0,tcp,9.511234998703005,123.0,188.0,SF,1.0,1.0,0.0,ShAdDafFr,18.0,1067.0,17.0,1056.0,HTTPS
1720731276.240062,CzYzl04Mgk0ZeXAHNg,192.168.1.6,39836.0,192.168.1.4,21.0,tcp,10.600050926208496,166.0,188.0,SF,1.0,1.0,0.0,ShAdDafrF,18.0,1110.0,17.0,1056.0,FTP
1720730898.362813,CeV4Ii4T77hJU5J6Ec,192.168.1.6,46460.0,192.168.1.4,21.0,tcp,9.78894591331482,133.0,188.0,SF,1.0,1.0,0.0,ShAdDafFr,18.0,1077.0,17.0,1056.0,FTP
1720727734.397102,CSMmNy1caSg2OU2FSe,192.168.1.4,39281.0,142.250.80.34,443.0,tcp,9.78894591331482,133.0,188.0,SF,1.0,1.0,0.0,ShAdDafFr,18.0,1077.0,17.0,1056.0,HTTPS
1720728219.801571,ClZYpPBwXYAi2g3nd,192.168.1.4,35593.0,192.168.1.1,53.0,udp,0.001133203506469,48.0,108.0,SF,1.0,1.0,0.0,Dd,1.0,76.0,1.0,136.0,DNS
1720730163.466551,CWuEll3Sep5bVPuKGi,192.168.1.6,34456.0,192.168.1.4,21.0,tcp,10.047966957092283,134.0,188.0,SF,1.0,1.0,0.0,ShAdDafrF,18.0,1078.0,17.0,1056.0,FTP
1720729522.771874,CX3DsuJa4bOvhz2Ne,192.168.1.6,36534.0,192.168.1.4,21.0,tcp,11.156973123550417,120.0,188.0,SF,1.0,1.0,0.0,ShAdDafrF,18.0,1064.0,17.0,1056.0,FTP
1720728120.208382,CgYW181XAz0JfIDRK3,192.168.1.6,53742.0,192.168.1.4,21.0,tcp,9.869065046310425,118.0,188.0,SF,1.0,1.0,0.0,ShAdDafrF,18.0,1062.0,17.0,1056.0,FTP
1720727944.116767,CklTPE4c50QPgeX4t3,192.168.1.4,59673.0,192.168.1.1,53.0,udp,9.869065046310425,118.0,188.0,SF,1.0,1.0,0.0,ShAdDafrF,18.0,1062.0,17.0,1056.0,DNS
1720727794.683589,ChaTvEju9p1Xqpop8,192.168.1.4,53775.0,192.168.1.1,53.0,udp,9.869065046310425,118.0,188.0,SF,1.0,1.0,0.0,ShAdDafrF,18.0,1062.0,17.0,1056.0,DNS
1720728278.044029,CQxp8K2789HD7P5iz9,192.168.1.4,33986.0,20.50.80.210,443.0,udp,9.869065046310425,118.0,188.0,SF,1.0,1.0,0.0,ShAdDafrF,18.0,1062.0,17.0,1056.0,HTTPS
1720728125.357508,CNYudU1vtCdYWE5VD3,192.168.1.4,51096.0,142.250.65.163,443.0,udp,9.869065046310425,118.0,188.0,SF,1.0,1.0,0.0,ShAdDafrF,18.0,1062.0,17.0,1056.0,HTTPS
1720728216.353544,CCBGgt2pDdrKdy0Uy4,192.168.1.4,47094.0,162.159.133.233,443.0,udp,9.869065046310425,118.0,188.0,SF,1.0,1.0,0.0,IIiiihhIHH,18.0,1062.0,17.0,1056.0,HTTPS
1720730194.674915,Cge8AD2u7oREGpZhub,192.168.1.6,45058.0,192.168.1.4,21.0,tcp,10.452427864074709,137.0,188.0,SF,1.0,1.0,0.0,ShAdDafFr,18.0,1081.0,17.0,1056.0,FTP
1720727891.327211,C0xmAc17OzJfdJO4k,192.168.1.4,50224.0,20.114.189.135,443.0,tcp,23.540659189224243,2866.0,5896.0,RSTO,1.0,0.0,0.0,ShADadfR,13.0,3562.0,12.0,6528.0,HTTPS
1720728633.880555,CFQ6rMeuLYNjeAQSe,192.168.1.6,45470.0,192.168.1.4,21.0,tcp,10.035377025604248,126.0,188.0,SF,1.0,1.0,0.0,ShAdDafrF,18.0,1070.0,17.0,1056.0,FTP
1720730084.271722,CyMSId2Wgj3CfsMQ85,192.168.1.6,33570.0,192.168.1.4,21.0,tcp,9.069366931915283,128.0,188.0,SF,1.0,1.0,0.0,ShAdDafrF,18.0,1072.0,17.0,1056.0,FTP
1720730851.081951,CiLF1B3tp9vIJg5isi,192.168.1.6,45150.0,192.168.1.4,21.0,tcp,9.60605812072754,120.0,188.0,SF,1.0,1.0,0.0,ShAdDafrF,18.0,1064.0,17.0,1056.0,FTP
1720729639.402234,CVmDPe40o4z7iZdIl8,192.168.1.6,47560.0,192.168.1.4,21.0,tcp,9.480100870132446,117.0,188.0,SF,1.0,1.0,0.0,ShAdDafrF,18.0,1061.0,17.0,1056.0,FTP
1720731767.178736,CIjcOm136LJUWDRO54,192.168.1.6,47986.0,192.168.1.4,21.0,tcp,10.166635990142822,165.0,188.0,SF,1.0,1.0,0.0,ShAdDafrF,18.0,1109.0,17.0,1056.0,FTP
1720731939.858675,CGoCsZ2ZOxAbGYFQmb,192.168.1.6,33160.0,192.168.1.4,21.0,tcp,9.45910906791687,145.0,188.0,SF,1.0,1.0,0.0,ShAdDafrF,18.0,1089.0,17.0,1056.0,FTP
1720730627.576022,CiFOeq1CqJIDQHyJE8,192.168.1.6,45102.0,192.168.1.4,21.0,tcp,10.452243089675903,124.0,188.0,SF,1.0,1.0,0.0,ShAdDafrF,18.0,1068.0,17.0,1056.0,FTP
1720730750.56785,C6VYi92iYYj0Qbl3Te,192.168.1.6,60544.0,192.168.1.4,21.0,tcp,9.16731882095337,132.0,188.0,SF,1.0,1.0,0.0,ShAdDafrF,18.0,1076.0,17.0,1056.0,FTP
1720729749.818692,CpBHcn1LzuvxVZYC9j,192.168.1.6,60762.0,192.168.1.4,21.0,tcp,9.842234134674072,114.0,188.0,SF,1.0,1.0,0.0,ShAdDafrF,18.0,1058.0,17.0,1056.0,FTP
1720727763.146293,CIT6DrOmn1DJ6RQKb,192.168.1.4,46244.0,23.194.190.226,443.0,tcp,122.93276596069336,7604.0,90764.0,SF,1.0,0.0,0.0,ShADadfF,77.0,11616.0,102.0,96076.0,HTTPS
1720727914.281455,CNQ1uk5iizw8iPNb9,192.168.1.4,42000.0,192.168.1.1,53.0,udp,0.048908948898315,47.0,304.0,SF,1.0,1.0,0.0,Dd,1.0,75.0,1.0,332.0,DNS
1720728219.935796,CAdqvS3OgpIDnDxR92,192.168.1.4,34101.0,192.168.1.1,53.0,udp,0.002892971038818,53.0,134.0,SF,1.0,1.0,0.0,Dd,1.0,81.0,1.0,162.0,DNS
1720729325.308913,CaMn1j2doC2bspwBga,192.168.1.6,54766.0,192.168.1.4,21.0,tcp,10.42644190788269,112.0,188.0,SF,1.0,1.0,0.0,ShAdDafrF,18.0,1056.0,17.0,1056.0,FTP
1720731087.698292,CNLtmv1yPm3XKgKdD1,192.168.1.6,51544.0,192.168.1.4,21.0,tcp,9.902677059173584,126.0,188.0,SF,1.0,1.0,0.0,ShAdDafFr,18.0,1070.0,17.0,1056.0,FTP
1720730738.603672,CSCBoi2qoDsXAlpGV8,192.168.1.6,52474.0,192.168.1.4,21.0,tcp,9.220475912094116,131.0,188.0,SF,1.0,1.0,0.0,ShAdDafrF,18.0,1075.0,17.0,1056.0,FTP
1720728035.173515,CsK5PZ3CX5B8zK6cf3,192.168.1.4,55048.0,192.168.1.1,53.0,udp,9.220475912094116,131.0,188.0,SF,1.0,1.0,0.0,ShAdDafrF,18.0,1075.0,17.0,1056.0,DNS
1720729915.6561,CxOUMX3tdxm71JgNda,192.168.1.6,45556.0,192.168.1.4,21.0,tcp,10.365145921707152,141.0,188.0,SF,1.0,1.0,0.0,ShAdDafrF,18.0,1085.0,17.0,1056.0,FTP
1720727884.54142,Ck1Jdw1tgCQ7dmtrkg,192.168.1.4,41380.0,146.75.36.157,443.0,tcp,324.20754313468933,2411.0,4629.0,SF,1.0,0.0,0.0,ShADadFfR,20.0,3435.0,22.0,5781.0,HTTPS
1720729706.843603,C3PRf54dHVTUFslRP7,192.168.1.6,47938.0,192.168.1.4,21.0,tcp,9.805167198181152,114.0,188.0,SF,1.0,1.0,0.0,ShAdDafrF,18.0,1058.0,17.0,1056.0,FTP
1720731504.064552,CP0qXizZdlaa9kJn1,192.168.1.6,39458.0,192.168.1.4,21.0,tcp,9.228624820709229,152.0,188.0,SF,1.0,1.0,0.0,ShAdDafFr,18.0,1096.0,17.0,1056.0,FTP
1720730074.193682,C62AtIG9iFUYD1Axi,192.168.1.6,40130.0,192.168.1.4,21.0,tcp,10.077882051467896,132.0,188.0,SF,1.0,1.0,0.0,ShAdDafFr,18.0,1076.0,17.0,1056.0,FTP
1720729315.43466,CWyDoJ1xHkojj2P5Nd,192.168.1.6,33538.0,192.168.1.4,21.0,tcp,9.844299077987673,122.0,188.0,SF,1.0,1.0,0.0,ShAdDafrF,18.0,1066.0,17.0,1056.0,FTP
1720731760.706357,CJujcu4TPYg1Y4xhkd,192.168.1.6,51852.0,192.168.1.4,21.0,tcp,10.755307912826538,167.0,188.0,SF,1.0,1.0,0.0,ShAdDafrF,18.0,1111.0,17.0,1056.0,FTP
1720727765.871313,CgH3NF1rLXbEpm0LHe,192.168.1.4,58009.0,192.168.1.1,53.0,udp,0.000512838363647,50.0,50.0,SF,1.0,1.0,0.0,Dd,1.0,78.0,1.0,78.0,DNS
1720729295.415397,CmzzcE3219sTGwILH2,192.168.1.6,45688.0,192.168.1.4,21.0,tcp,10.400374174118042,141.0,188.0,SF,1.0,1.0,0.0,ShAdDafrF,18.0,1085.0,17.0,1056.0,FTP
1720731652.672089,Ciyjri4xStSPNoy6S7,192.168.1.6,40762.0,192.168.1.4,21.0,tcp,10.262098789215088,172.0,188.0,SF,1.0,1.0,0.0,ShAdDafrF,18.0,1116.0,17.0,1056.0,FTP
1720730191.042054,Cp0Rub29Se45xYOJ0i,192.168.1.6,53660.0,192.168.1.4,21.0,tcp,10.719685077667236,127.0,188.0,SF,1.0,1.0,0.0,ShAdDafrF,18.0,1071.0,17.0,1056.0,FTP
1720727885.440866,CynLJL20XGH8qzHfR7,192.168.1.6,53566.0,192.168.1.4,21.0,tcp,10.35768699645996,118.0,188.0,SF,1.0,1.0,0.0,ShAdDafrF,18.0,1062.0,17.0,1056.0,FTP
1720730433.686488,Cx24Ck3Mv0wa4F6fdl,192.168.1.6,42612.0,192.168.1.4,21.0,tcp,9.886039972305298,131.0,188.0,SF,1.0,1.0,0.0,ShAdDafrF,18.0,1075.0,17.0,1056.0,FTP
1720727884.885923,CuTy8V1tidibrPDcz5,192.168.1.4,53031.0,192.168.1.1,53.0,udp,9.886039972305298,131.0,188.0,SF,1.0,1.0,0.0,ShAdDafrF,18.0,1075.0,17.0,1056.0,DNS
1720729783.048576,Cj5E7ciONURvQ7CUf,192.168.1.6,60686.0,192.168.1.4,21.0,tcp,9.104296922683716,114.0,188.0,SF,1.0,1.0,0.0,ShAdDafrF,18.0,1058.0,17.0,1056.0,FTP
1720730216.906445,Cq6b2I3cNIC9k5lN63,192.168.1.6,38118.0,192.168.1.4,21.0,tcp,10.31307291984558,119.0,188.0,SF,1.0,1.0,0.0,ShAdDafrF,18.0,1063.0,17.0,1056.0,FTP
1720728035.20914,CIpfmwGQbXVRBKMB9,192.168.1.4,59678.0,13.107.42.14,443.0,tcp,125.79558897018433,2619.0,5890.0,RSTR,1.0,0.0,0.0,ShADadr,14.0,3199.0,17.0,6582.0,HTTPS
1720727765.800439,C9vSL017hk2gBj9m94,192.168.1.4,45342.0,142.251.40.162,443.0,tcp,240.1037590503693,2509.0,7193.0,SF,1.0,0.0,0.0,ShADadFf,22.0,3661.0,23.0,8397.0,HTTPS
1720731245.846724,CDMflg2uMc0iK5rPVj,192.168.1.6,36260.0,192.168.1.4,21.0,tcp,9.971384048461914,156.0,188.0,SF,1.0,1.0,0.0,ShAdDafFr,18.0,1100.0,17.0,1056.0,FTP
1720730305.946704,CaqRfO3NIVydFSpX97,192.168.1.6,50242.0,192.168.1.4,21.0,tcp,9.501315116882324,131.0,188.0,SF,1.0,1.0,0.0,ShAdDafrF,18.0,1075.0,17.0,1056.0,FTP
1720730747.824281,CgZQyL4ydziiBSsxi,192.168.1.6,60466.0,192.168.1.4,21.0,tcp,10.137402057647703,130.0,188.0,SF,1.0,1.0,0.0,ShAdDafrF,18.0,1074.0,17.0,1056.0,FTP
1720729043.891669,CkzUVp2lY4Z7qXE3Jd,192.168.1.6,55904.0,192.168.1.4,21.0,tcp,10.079501867294312,121.0,188.0,SF,1.0,1.0,0.0,ShAdDafFr,18.0,1065.0,17.0,1056.0,FTP
1720731240.570606,CHMZTq1umAYYm8WVfb,192.168.1.6,35124.0,192.168.1.4,21.0,tcp,10.256242990493774,167.0,188.0,SF,1.0,1.0,0.0,ShAdDafrF,18.0,1111.0,17.0,1056.0,FTP
1720731391.173195,CAqW093MXjpaVN2kyh,192.168.1.6,40462.0,192.168.1.4,21.0,tcp,11.295001029968262,171.0,188.0,SF,1.0,1.0,0.0,ShAdDafFr,18.0,1115.0,17.0,1056.0,FTP
1720729266.013891,CjoR8b2UH6UUvhbGK6,192.168.1.6,34376.0,192.168.1.4,21.0,tcp,9.994765996932983,123.0,188.0,SF,1.0,1.0,0.0,ShAdDafFr,18.0,1067.0,17.0,1056.0,FTP
1720729034.245854,CrXlsi4puDVPzNw2X5,192.168.1.6,57750.0,192.168.1.4,21.0,tcp,10.294331073760986,130.0,188.0,SF,1.0,1.0,0.0,ShAdDafFr,18.0,1074.0,17.0,1056.0,FTP
1720731516.994634,CM3cWj4ZlfLb7gHmVb,192.168.1.6,47174.0,192.168.1.4,21.0,tcp,10.373100996017456,146.0,188.0,SF,1.0,1.0,0.0,ShAdDafrF,18.0,1090.0,17.0,1056.0,FTP
1720729946.642282,CQONO717oSfEZUSwP5,192.168.1.6,56054.0,192.168.1.4,21.0,tcp,10.512583017349243,136.0,188.0,SF,1.0,1.0,0.0,ShAdDafrF,18.0,1080.0,17.0,1056.0,FTP
1720731035.810627,CJ5k9fI7jxmB0e7Ma,192.168.1.6,56860.0,192.168.1.4,21.0,tcp,9.83939003944397,136.0,188.0,SF,1.0,1.0,0.0,ShAdDafrF,18.0,1080.0,17.0,1056.0,FTP
1720731360.082337,C2ClKn1Olx9X5U8Hm3,192.168.1.6,35790.0,192.168.1.4,21.0,tcp,10.865612030029297,157.0,188.0,SF,1.0,1.0,0.0,ShAdDafFr,18.0,1101.0,17.0,1056.0,FTP
1720727914.015126,CwiMts3LMhXWA6okKf,192.168.1.4,40338.0,192.168.1.1,53.0,udp,10.865612030029297,157.0,188.0,SF,1.0,1.0,0.0,ShAdDafFr,18.0,1101.0,17.0,1056.0,DNS
1720728381.725094,Ca9cja2akSPyZaSsmb,192.168.1.6,56964.0,192.168.1.4,21.0,tcp,10.896389961242676,117.0,188.0,SF,1.0,1.0,0.0,ShAdDafrF,18.0,1061.0,17.0,1056.0,FTP
1720729432.378567,C54dkaPqGUj7KSu61,192.168.1.4,55094.0,91.189.91.81,80.0,tcp,10.896389961242676,117.0,188.0,SF,1.0,1.0,0.0,ShAdDafrF,18.0,1061.0,17.0,1056.0,HTTP
1720727916.406112,CKL9OpSqy1xc7uUwh,192.168.1.4,46846.0,142.250.65.161,443.0,tcp,240.11005210876465,2360.0,13879.0,SF,1.0,0.0,0.0,ShADadFf,22.0,3512.0,25.0,15187.0,HTTPS
1720730748.568442,C8b9ef2k4BiCNizFRd,192.168.1.6,60492.0,192.168.1.4,21.0,tcp,9.62214493751526,127.0,188.0,SF,1.0,1.0,0.0,ShAdDafrF,18.0,1071.0,17.0,1056.0,FTP
1720728011.853589,CJHoNJvZwQy9Pqgch,192.168.1.6,38382.0,192.168.1.4,21.0,tcp,9.70947289466858,117.0,188.0,SF,1.0,1.0,0.0,ShAdDafrF,18.0,1061.0,17.0,1056.0,FTP
1720728154.608676,CvhxIh3YXMgPqyiFz1,192.168.1.4,53830.0,23.212.144.156,443.0,tcp,9.70947289466858,117.0,188.0,SF,1.0,1.0,0.0,ShAdDafrF,18.0,1061.0,17.0,1056.0,HTTPS
1720731859.050003,Cy20xA2HVk3tGCHpp6,192.168.1.6,41008.0,192.168.1.4,21.0,tcp,9.587372064590454,114.0,188.0,SF,1.0,1.0,0.0,ShAdDafFr,18.0,1058.0,17.0,1056.0,FTP
1720730004.870212,CXX9Tr4InCb2aWacag,192.168.1.6,41190.0,192.168.1.4,21.0,tcp,10.00705599784851,132.0,188.0,SF,1.0,1.0,0.0,ShAdDafrF,18.0,1076.0,17.0,1056.0,FTP
1720730179.910654,CUUJCcDoIvA8uxSP4,192.168.1.6,44986.0,192.168.1.4,21.0,tcp,10.737735033035278,131.0,188.0,SF,1.0,1.0,0.0,ShAdDafFr,18.0,1075.0,17.0,1056.0,FTP
1720728822.310898,Cyoejl20NjFl3CejQb,192.168.1.6,57346.0,192.168.1.4,21.0,tcp,9.318944931030272,119.0,188.0,SF,1.0,1.0,0.0,ShAdDafFr,18.0,1063.0,17.0,1056.0,FTP
1720727764.863629,Cfo61J1CgC9fUo33ak,192.168.1.4,35396.0,35.244.154.8,443.0,tcp,443.8868818283081,2684.0,7516.0,SF,1.0,0.0,0.0,ShADadFf,27.0,4096.0,26.0,8876.0,HTTPS
1720728011.435383,C87syF2tOAM6cBUXnh,192.168.1.6,38374.0,192.168.1.4,21.0,tcp,9.919206857681274,117.0,188.0,SF,1.0,1.0,0.0,ShAdDafrF,18.0,1061.0,17.0,1056.0,FTP
1720729041.379191,CqPJ2A3EiSBgg5Mz4c,192.168.1.6,57852.0,192.168.1.4,21.0,tcp,9.506652116775513,134.0,188.0,SF,1.0,1.0,0.0,ShAdDafrF,18.0,1078.0,17.0,1056.0,FTP
1720730898.295277,C8F9Z4uEC0syENqXb,192.168.1.6,46434.0,192.168.1.4,21.0,tcp,9.779873847961426,130.0,188.0,SF,1.0,1.0,0.0,ShAdDafrF,18.0,1074.0,17.0,1056.0,FTP
1720729956.394052,CLo5cR3N5641dt9O6g,192.168.1.6,48478.0,192.168.1.4,21.0,tcp,10.285428047180176,126.0,188.0,SF,1.0,1.0,0.0,ShAdDafFr,18.0,1070.0,17.0,1056.0,FTP
1720731733.340968,C9cavO2PR5T7xBqE96,192.168.1.4,41816.0,185.125.190.96,80.0,tcp,10.285428047180176,126.0,188.0,SF,1.0,1.0,0.0,ShAdDafFr,18.0,1070.0,17.0,1056.0,HTTP
1720728245.136966,CnWKSO9YK59IjDSHl,192.168.1.4,35092.0,13.107.3.128,443.0,tcp,60.06224203109741,1882.0,7094.0,RSTR,1.0,0.0,0.0,ShADadFr,11.0,2342.0,12.0,7586.0,HTTPS
1720728631.20675,CrqByOVQEgoYWs6Wh,192.168.1.6,36770.0,192.168.1.4,21.0,tcp,11.281241178512571,118.0,188.0,SF,1.0,1.0,0.0,ShAdDafrF,18.0,1062.0,17.0,1056.0,FTP
1720728305.159425,CPn6Vs4TphwuLtUlch,192.168.1.4,36305.0,192.168.1.1,53.0,udp,0.049841880798339,43.0,192.0,SF,1.0,1.0,0.0,Dd,1.0,71.0,1.0,220.0,DNS
1720729096.208643,CNthLb4HLgSwDFMoY1,192.168.1.6,41586.0,192.168.1.4,21.0,tcp,10.746246099472046,117.0,188.0,SF,1.0,1.0,0.0,ShAdDafrF,18.0,1061.0,17.0,1056.0,FTP
1720730940.753069,CXgAWP2gEXhfsAtbo5,192.168.1.6,40792.0,192.168.1.4,21.0,tcp,10.347504138946531,134.0,188.0,SF,1.0,1.0,0.0,ShAdDafrF,18.0,1078.0,17.0,1056.0,FTP
1720728480.842849,CmDmLj1daUb3ve7dDe,192.168.1.6,53192.0,192.168.1.4,21.0,tcp,10.202547073364258,118.0,188.0,SF,1.0,1.0,0.0,ShAdDafrF,18.0,1062.0,17.0,1056.0,FTP
1720730414.657869,CAhx0d2oZhhYJBuwrh,192.168.1.6,49588.0,192.168.1.4,21.0,tcp,9.262893915176392,130.0,188.0,SF,1.0,1.0,0.0,ShAdDafrF,18.0,1074.0,17.0,1056.0,FTP
1720727884.509627,Cd4lXN2UyhzytbVxze,192.168.1.4,60580.0,192.168.1.1,53.0,udp,9.262893915176392,130.0,188.0,SF,1.0,1.0,0.0,ShAdDafrF,18.0,1074.0,17.0,1056.0,DNS
1720727884.42472,CIerVTUBuqDW9ZcEc,192.168.1.4,41158.0,192.168.1.1,53.0,udp,0.007911920547485,61.0,123.0,SF,1.0,1.0,0.0,Dd,1.0,89.0,1.0,151.0,DNS
1720728096.841973,Cgkshp3slQnfd6L9H2,192.168.1.4,50492.0,192.168.1.1,53.0,udp,0.007911920547485,61.0,123.0,SF,1.0,1.0,0.0,Dd,1.0,89.0,1.0,151.0,DNS
1720729918.739716,CBIdaP1yrOHDCZFB53,192.168.1.6,45578.0,192.168.1.4,21.0,tcp,9.435184955596924,132.0,188.0,SF,1.0,1.0,0.0,ShAdDafrF,18.0,1076.0,17.0,1056.0,FTP
1720730769.180226,CgDSp031KQVRmBDtbc,192.168.1.6,37096.0,192.168.1.4,21.0,tcp,10.118300914764404,123.0,188.0,SF,1.0,1.0,0.0,ShAdDafrF,18.0,1067.0,17.0,1056.0,FTP
1720731646.889145,CBeOdl4dUrixlDAbpa,192.168.1.6,40692.0,192.168.1.4,21.0,tcp,9.452205181121826,166.0,188.0,SF,1.0,1.0,0.0,ShAdDafrF,18.0,1110.0,17.0,1056.0,FTP
1720731920.752733,CbptdPUD73HZefs3c,192.168.1.6,38624.0,192.168.1.4,21.0,tcp,9.967458009719849,180.0,188.0,SF,1.0,1.0,0.0,ShAdDafFr,18.0,1124.0,17.0,1056.0,FTP
1720728275.051951,C2eKnS2Pfm2OOkvhl8,192.168.1.4,60536.0,192.168.1.1,53.0,udp,9.967458009719849,180.0,188.0,SF,1.0,1.0,0.0,ShAdDafFr,18.0,1124.0,17.0,1056.0,DNS
1720727884.545774,CwqInTr5X9X2OWD1k,192.168.1.4,46032.0,192.168.1.1,53.0,udp,0.002104997634887,60.0,121.0,SF,1.0,1.0,0.0,Dd,1.0,88.0,1.0,149.0,DNS
1720727835.072157,CMYPF92mqzWT4FY09k,192.168.1.6,42334.0,192.168.1.4,21.0,tcp,9.937580108642578,117.0,188.0,SF,1.0,1.0,0.0,ShAdDafFr,18.0,1061.0,17.0,1056.0,FTP
1720728034.627894,Cd2PCt2LiSFj3zkZpd,192.168.1.4,48082.0,142.251.32.104,443.0,tcp,174.125657081604,2834.0,575024.0,SF,1.0,0.0,0.0,ShADadtFf,194.0,12930.0,326.0,591984.0,HTTPS
1720729931.231699,CYKFj34YYD926kuEn8,192.168.1.6,52140.0,192.168.1.4,21.0,tcp,9.864486932754517,131.0,188.0,SF,1.0,1.0,0.0,ShAdDafrF,18.0,1075.0,17.0,1056.0,FTP
1720730283.361679,CpNKEJ1lsqA5qMOZ8e,192.168.1.6,50964.0,192.168.1.4,21.0,tcp,9.969928979873655,123.0,188.0,SF,1.0,1.0,0.0,ShAdDafrF,18.0,1067.0,17.0,1056.0,FTP
1720728409.862187,CRySiZ2q1PP4zF3pT9,192.168.1.6,38532.0,192.168.1.4,21.0,tcp,10.303004026412964,118.0,188.0,SF,1.0,1.0,0.0,ShAdDafFr,18.0,1062.0,17.0,1056.0,FTP
1720731087.687925,Cf2boV1Grg1oapEP0b,192.168.1.6,51542.0,192.168.1.4,21.0,tcp,9.885048866271973,126.0,188.0,SF,1.0,1.0,0.0,ShAdDafrF,18.0,1070.0,17.0,1056.0,FTP
1720731674.848753,CJxngc114Nu7L3bhXg,192.168.1.6,44854.0,192.168.1.4,21.0,tcp,10.593047142028809,140.0,188.0,SF,1.0,1.0,0.0,ShAdDafFr,18.0,1084.0,17.0,1056.0,FTP
1720728215.77726,CCpOIt1D4VcMxJSdB1,192.168.1.4,51514.0,192.168.1.1,53.0,udp,10.593047142028809,140.0,188.0,SF,1.0,1.0,0.0,ShAdDafFr,18.0,1084.0,17.0,1056.0,DNS
1720731370.980522,C38Zny2XJxsQrwd8Oj,192.168.1.6,56852.0,192.168.1.4,21.0,tcp,10.92472505569458,156.0,188.0,SF,1.0,1.0,0.0,ShAdDafrF,18.0,1100.0,17.0,1056.0,FTP
1720730565.742253,CWgKev2HJVnCeHSn1b,192.168.1.6,33638.0,192.168.1.4,21.0,tcp,10.72034192085266,124.0,188.0,SF,1.0,1.0,0.0,ShAdDafrF,18.0,1068.0,17.0,1056.0,FTP
1720729144.877072,CuVZQT1pWK0CP23Ubb,192.168.1.6,38904.0,192.168.1.4,21.0,tcp,9.798754930496216,123.0,188.0,SF,1.0,1.0,0.0,ShAdDafFr,18.0,1067.0,17.0,1056.0,FTP
1720731421.117618,CTCNOYP7P7dVKifp9,192.168.1.6,39046.0,192.168.1.4,21.0,tcp,10.981364965438845,156.0,188.0,SF,1.0,1.0,0.0,ShAdDafrF,18.0,1100.0,17.0,1056.0,FTP
1720731507.246458,CQqORV3xYEiLiSgl64,192.168.1.6,39584.0,192.168.1.4,21.0,tcp,10.120216846466064,139.0,188.0,SF,1.0,1.0,0.0,ShAdDafFr,18.0,1083.0,17.0,1056.0,FTP
1720728425.807967,CTvER42ajcbxZauxX3,192.168.1.6,50482.0,192.168.1.4,21.0,tcp,9.893360137939451,117.0,188.0,SF,1.0,1.0,0.0,ShAdDafrF,18.0,1061.0,17.0,1056.0,FTP
1720731494.113832,CEvJfS1AGE4LKJAuCg,192.168.1.6,37942.0,192.168.1.4,21.0,tcp,10.366372108459473,157.0,188.0,SF,1.0,1.0,0.0,ShAdDafFr,18.0,1101.0,17.0,1056.0,FTP
1720731527.367839,CJ1HOu3LgGj1cy2Aql,192.168.1.6,46522.0,192.168.1.4,21.0,tcp,10.144130945205688,143.0,188.0,SF,1.0,1.0,0.0,ShAdDafrF,18.0,1087.0,17.0,1056.0,FTP
1720728931.898806,ClzVm528YPKHf4Dd6a,192.168.1.6,56470.0,192.168.1.4,21.0,tcp,9.94114589691162,150.0,188.0,SF,1.0,1.0,0.0,ShAdDafrF,18.0,1094.0,17.0,1056.0,FTP
1720728094.304152,CbWWrG2qJk7YEszmr3,192.168.1.4,57785.0,192.168.1.1,53.0,udp,9.94114589691162,150.0,188.0,SF,1.0,1.0,0.0,ShAdDafrF,18.0,1094.0,17.0,1056.0,DNS
1720728035.516565,CiG8a41ADoRFcPGghf,192.168.1.4,41578.0,192.168.1.1,53.0,udp,9.94114589691162,150.0,188.0,SF,1.0,1.0,0.0,ShAdDafrF,18.0,1094.0,17.0,1056.0,DNS
1720731370.887802,Ch6mlJ18cVHgZEDLdl,192.168.1.6,56806.0,192.168.1.4,21.0,tcp,10.920924186706545,159.0,188.0,SF,1.0,1.0,0.0,ShAdDafrF,18.0,1103.0,17.0,1056.0,FTP
1720729253.239802,CdryUP1maUyg3BkSh3,192.168.1.6,54442.0,192.168.1.4,21.0,tcp,9.81682300567627,119.0,188.0,SF,1.0,1.0,0.0,ShAdDafFr,18.0,1063.0,17.0,1056.0,FTP
1720727915.524627,C17E0d1tei5QHHukce,192.168.1.4,51999.0,192.168.1.1,53.0,udp,9.81682300567627,119.0,188.0,SF,1.0,1.0,0.0,ShAdDafFr,18.0,1063.0,17.0,1056.0,DNS
1720731276.273606,CumoeG2szrbMRgpeb3,192.168.1.6,39852.0,192.168.1.4,21.0,tcp,10.599395990371704,178.0,188.0,SF,1.0,1.0,0.0,ShAdDafrF,18.0,1122.0,17.0,1056.0,FTP
1720730001.861345,CHbqxe23HNW70kwKTd,192.168.1.6,52192.0,192.168.1.4,21.0,tcp,9.964602947235107,126.0,188.0,SF,1.0,1.0,0.0,ShAdDafrF,18.0,1070.0,17.0,1056.0,FTP
1720728818.20567,CZLeiW2DEv1oZsiO6d,192.168.1.6,57248.0,192.168.1.4,21.0,tcp,9.282830953598022,118.0,188.0,SF,1.0,1.0,0.0,ShAdDafFr,18.0,1062.0,17.0,1056.0,FTP
1720727885.310766,CKUJxC3Rs3H2VF0Lt6,192.168.1.6,53550.0,192.168.1.4,21.0,tcp,10.361148118972778,117.0,188.0,SF,1.0,1.0,0.0,ShAdDafrF,18.0,1061.0,17.0,1056.0,FTP
1720728187.307571,C1NiZG2f1EL3Jvds9g,192.168.1.4,42226.0,192.168.1.1,53.0,udp,10.361148118972778,117.0,188.0,SF,1.0,1.0,0.0,ShAdDafrF,18.0,1061.0,17.0,1056.0,DNS
1720728035.464826,Cnd4kH2SynvCdh2KY1,192.168.1.4,54954.0,54.145.222.88,443.0,tcp,18.863046884536743,1886.0,5477.0,SF,1.0,0.0,0.0,ShADadfF,11.0,2466.0,10.0,6005.0,HTTPS
1720727763.823507,C23StG2vXYXPD2fT5,192.168.1.4,41074.0,192.168.1.1,53.0,udp,0.004739999771118,41.0,175.0,SF,1.0,1.0,0.0,Dd,1.0,69.0,1.0,203.0,DNS
1720728219.960645,C6NUs1l1aGWLxsv0l,192.168.1.4,46162.0,23.194.190.234,443.0,tcp,124.65780711174013,3694.0,101848.0,SF,1.0,0.0,0.0,ShADadfF,50.0,6302.0,82.0,106120.0,HTTPS
1720727781.889177,CGXmob3w2Hmo0PztGi,192.168.1.6,35328.0,192.168.1.4,21.0,tcp,10.465068817138672,119.0,188.0,SF,1.0,1.0,0.0,ShAdDafrF,18.0,1063.0,17.0,1056.0,FTP
1720729197.084816,C5rQCn40Iji54Af4al,192.168.1.6,39096.0,192.168.1.4,21.0,tcp,10.441395044326782,117.0,188.0,SF,1.0,1.0,0.0,ShAdDafrF,18.0,1061.0,17.0,1056.0,FTP
1720731442.259625,CptkcPQeHhImFU6i,192.168.1.6,53022.0,192.168.1.4,21.0,tcp,10.163583993911743,161.0,188.0,SF,1.0,1.0,0.0,ShAdDafFr,18.0,1105.0,17.0,1056.0,FTP
1720729169.232335,CGXBbo49DaAFbzpkwg,192.168.1.6,38320.0,192.168.1.4,21.0,tcp,9.833781003952026,113.0,188.0,SF,1.0,1.0,0.0,ShAdDafFr,18.0,1057.0,17.0,1056.0,FTP
1720727983.343422,Ca53vt1mu1K1uhFhu6,192.168.1.4,42769.0,192.168.1.1,53.0,udp,9.833781003952026,113.0,188.0,SF,1.0,1.0,0.0,ShAdDafFr,18.0,1057.0,17.0,1056.0,DNS
1720728154.952236,CmraJicNMkcez7ZQ9,192.168.1.4,33624.0,104.16.40.28,443.0,tcp,53.79734206199646,2871.0,409959.0,SF,1.0,0.0,43440.0,ShADadgFf,106.0,8391.0,167.0,418651.0,HTTPS
1720727786.543168,CGJdbi4pawYyOf4fM,192.168.1.4,56576.0,192.168.1.1,53.0,udp,53.79734206199646,2871.0,409959.0,SF,1.0,0.0,43440.0,ShADadgFf,106.0,8391.0,167.0,418651.0,DNS
1720731504.117451,CkSnYO2NDSuOFfJWkl,192.168.1.6,39460.0,192.168.1.4,21.0,tcp,9.211766004562378,146.0,188.0,SF,1.0,1.0,0.0,ShAdDafrF,18.0,1090.0,17.0,1056.0,FTP
1720728761.06985,CbmfAp1oCCOfjYpPz4,192.168.1.6,43652.0,192.168.1.4,21.0,tcp,10.31630802154541,123.0,188.0,SF,1.0,1.0,0.0,ShAdDafFr,18.0,1067.0,17.0,1056.0,FTP
1720731456.341559,CAoeba2l6hU6JJK9ye,192.168.1.6,44294.0,192.168.1.4,21.0,tcp,10.59740710258484,131.0,188.0,SF,1.0,1.0,0.0,ShAdDafrF,18.0,1075.0,17.0,1056.0,FTP
1720727991.304705,C9whWO3sbhqaig53g8,192.168.1.6,48666.0,192.168.1.4,21.0,tcp,10.069281101226808,117.0,188.0,SF,1.0,1.0,0.0,ShAdDafrF,18.0,1061.0,17.0,1056.0,FTP
1720730087.928119,Cs4SWN3WXrUaSF1Zo4,192.168.1.6,33634.0,192.168.1.4,21.0,tcp,10.847860097885132,144.0,188.0,SF,1.0,1.0,0.0,ShAdDafrF,18.0,1088.0,17.0,1056.0,FTP
1720730841.441706,CNsf4A4XaRVE2VcdWj,192.168.1.6,40874.0,192.168.1.4,21.0,tcp,9.64004397392273,123.0,188.0,SF,1.0,1.0,0.0,ShAdDafFr,18.0,1067.0,17.0,1056.0,FTP
1720727702.87484,CHluf5bY2LoSSPQjj,192.168.1.4,40786.0,104.16.149.244,443.0,tcp,60.19809007644653,1813.0,5049.0,SF,1.0,0.0,0.0,ShADadFf,11.0,2393.0,8.0,5473.0,HTTPS
1720727884.264898,CG3BG022gJvhwZxy9f,192.168.1.4,40283.0,192.168.1.1,53.0,udp,60.19809007644653,1813.0,5049.0,SF,1.0,0.0,0.0,ShADadFf,11.0,2393.0,8.0,5473.0,DNS
1720730141.411007,CSfkol4eAiVWjhaTLb,192.168.1.6,57544.0,192.168.1.4,21.0,tcp,9.544478178024292,134.0,188.0,SF,1.0,1.0,0.0,ShAdDafrF,18.0,1078.0,17.0,1056.0,FTP
1720731128.472479,CSzzfT3b52UoHHE5Be,192.168.1.6,38896.0,192.168.1.4,21.0,tcp,9.494570970535278,109.0,188.0,SF,1.0,1.0,0.0,ShAdDafrF,18.0,1053.0,17.0,1056.0,FTP
1720731673.468748,CeZiDK36sr7rLmCy0b,192.168.1.6,44842.0,192.168.1.4,21.0,tcp,10.08703589439392,155.0,188.0,SF,1.0,1.0,0.0,ShAdDafrF,18.0,1099.0,17.0,1056.0,FTP
1720728095.422294,COTaOm44MlQuk37weh,192.168.1.4,33677.0,192.168.1.1,53.0,udp,0.043924093246459,38.0,437.0,SF,1.0,1.0,0.0,Dd,1.0,66.0,1.0,465.0,DNS
1720727766.715989,C2Q5X9KlzNkYjwvt8,192.168.1.4,33197.0,192.168.1.1,53.0,udp,0.043924093246459,38.0,437.0,SF,1.0,1.0,0.0,Dd,1.0,66.0,1.0,465.0,DNS
1720728245.137187,CMPARU2pxuFRMwV4db,192.168.1.4,57468.0,192.168.1.1,53.0,udp,0.043924093246459,38.0,437.0,SF,1.0,1.0,0.0,Dd,1.0,66.0,1.0,465.0,DNS
1720727916.257698,CvmK7h4BcyF3CPU3R3,192.168.1.4,49096.0,142.251.32.98,443.0,udp,0.18167495727539,4747.0,22352.0,SF,1.0,0.0,0.0,Dd,16.0,5195.0,23.0,22996.0,HTTPS
1720730423.920953,C2OTrz1vcxzhlnJOhh,192.168.1.6,58798.0,192.168.1.4,21.0,tcp,9.76534104347229,121.0,188.0,SF,1.0,1.0,0.0,ShAdDafrF,18.0,1065.0,17.0,1056.0,FTP
1720729530.377359,Cmp0je41hYgdW5hEK7,192.168.1.6,56948.0,192.168.1.4,21.0,tcp,10.987056970596312,131.0,188.0,SF,1.0,1.0,0.0,ShAdDafrF,18.0,1075.0,17.0,1056.0,FTP
1720728219.962454,ClLx5m1Bf28QQDNO2f,192.168.1.4,37776.0,104.96.221.64,443.0,tcp,125.55491399765016,2597.0,38338.0,SF,1.0,0.0,0.0,ShADadfF,27.0,4009.0,36.0,40218.0,HTTPS
1720727937.131012,CpliPj2bYcuGhbhUb9,192.168.1.6,41510.0,192.168.1.4,21.0,tcp,10.29051113128662,118.0,188.0,SF,1.0,1.0,0.0,ShAdDafrF,18.0,1062.0,17.0,1056.0,FTP
1720728154.564258,CfTaeN2jUrAc8TPBd5,192.168.1.4,45245.0,192.168.1.1,53.0,udp,10.29051113128662,118.0,188.0,SF,1.0,1.0,0.0,ShAdDafrF,18.0,1062.0,17.0,1056.0,DNS
1720731663.510103,CH8qzB18lt7XKwGDa6,192.168.1.6,43396.0,192.168.1.4,21.0,tcp,9.958478927612305,165.0,188.0,SF,1.0,1.0,0.0,ShAdDafrF,18.0,1109.0,17.0,1056.0,FTP
1720730817.972033,Cne0L833UBzXgFr8Ml,192.168.1.6,54200.0,192.168.1.4,21.0,tcp,10.180819034576416,140.0,188.0,SF,1.0,1.0,0.0,ShAdDafrF,18.0,1084.0,17.0,1056.0,FTP
1720728095.549143,C3rqhM3fuzuPKfz9Al,192.168.1.4,56990.0,142.251.41.2,443.0,tcp,10.180819034576416,140.0,188.0,SF,1.0,1.0,0.0,IIiiiIhhHhHhH,18.0,1084.0,17.0,1056.0,HTTPS
1720729183.100984,Ca7Fot11AkRSRPlSt9,192.168.1.6,50074.0,192.168.1.4,21.0,tcp,9.664670944213867,128.0,188.0,SF,1.0,1.0,0.0,ShAdDafrF,18.0,1072.0,17.0,1056.0,FTP
1720728802.704708,C8dEVY32HQS0q9rn8f,192.168.1.6,45216.0,192.168.1.4,21.0,tcp,10.143651962280272,122.0,188.0,SF,1.0,1.0,0.0,ShAdDafrF,18.0,1066.0,17.0,1056.0,FTP
1720728305.078379,CxIyxs3hTm6SVmXYPf,192.168.1.6,45656.0,192.168.1.4,21.0,tcp,10.331139087677002,118.0,188.0,SF,1.0,1.0,0.0,ShAdDafrF,18.0,1062.0,17.0,1056.0,FTP
1720731267.529334,C3JO5i1GvxeB1l7h76,192.168.1.6,32814.0,192.168.1.4,21.0,tcp,9.283166885375977,162.0,188.0,SF,1.0,1.0,0.0,ShAdDafFr,18.0,1106.0,17.0,1056.0,FTP
1720728091.484262,C44ahv18KPbRUyapK,192.168.1.6,35164.0,192.168.1.4,21.0,tcp,9.518425941467283,118.0,188.0,SF,1.0,1.0,0.0,ShAdDafrF,18.0,1062.0,17.0,1056.0,FTP
1720727925.541154,CotEKd4uCdgfxuQJd5,192.168.1.4,33638.0,162.247.243.29,443.0,tcp,283.2138509750366,5181.0,1297.0,SF,1.0,0.0,0.0,ShADadFfR,18.0,6101.0,18.0,2241.0,HTTPS
1720730185.660658,CysWldZmV3uPZtJo,192.168.1.6,53604.0,192.168.1.4,21.0,tcp,9.601911067962646,128.0,188.0,SF,1.0,1.0,0.0,ShAdDafrF,18.0,1072.0,17.0,1056.0,FTP
1720728110.702897,CwtO7q4n0xez8g8aEc,192.168.1.6,37180.0,192.168.1.4,21.0,tcp,9.356534004211426,118.0,188.0,SF,1.0,1.0,0.0,ShAdDafrF,18.0,1062.0,17.0,1056.0,FTP
1720728247.391268,CWVHX31uwhS97nhuKi,192.168.1.6,50882.0,192.168.1.4,21.0,tcp,10.569392919540403,118.0,188.0,SF,1.0,1.0,0.0,ShAdDafrF,18.0,1062.0,17.0,1056.0,FTP
1720728064.568989,CykERbYNiGIOlPeQ7,192.168.1.4,34221.0,192.168.1.1,53.0,udp,10.569392919540403,118.0,188.0,SF,1.0,1.0,0.0,ShAdDafrF,18.0,1062.0,17.0,1056.0,DNS
1720727835.163515,C5A0o01bRooDmUKsAe,192.168.1.6,42404.0,192.168.1.4,21.0,tcp,9.936746835708618,117.0,188.0,SF,1.0,1.0,0.0,ShAdDafFr,18.0,1061.0,17.0,1056.0,FTP
1720731094.490115,CSrwOx4wv5qNqwzT6i,192.168.1.6,43260.0,192.168.1.4,21.0,tcp,10.504523038864136,123.0,188.0,SF,1.0,1.0,0.0,ShAdDafrF,18.0,1067.0,17.0,1056.0,FTP
1720729661.375086,CReGzp2piibJiGVPkk,192.168.1.6,55860.0,192.168.1.4,21.0,tcp,10.467895984649658,130.0,188.0,SF,1.0,1.0,0.0,ShAdDafFr,18.0,1074.0,17.0,1056.0,FTP
1720728275.813584,CmcDDf3F4SghRw47Af,192.168.1.4,49121.0,192.168.1.1,53.0,udp,0.002959012985229,63.0,136.0,SF,1.0,1.0,0.0,Dd,1.0,91.0,1.0,164.0,DNS
1720731472.615182,CM2B3B2xchd98vqfs,192.168.1.6,56738.0,192.168.1.4,21.0,tcp,10.604920148849487,169.0,188.0,SF,1.0,1.0,0.0,ShAdDafFr,18.0,1113.0,17.0,1056.0,FTP
1720728186.837951,C93N7g1ig2u5ut3g2f,192.168.1.4,49208.0,52.35.241.161,443.0,tcp,10.604920148849487,169.0,188.0,SF,1.0,1.0,0.0,ShAdDafFr,18.0,1113.0,17.0,1056.0,HTTPS
1720727949.150074,Cm2e701XQWEf9Tvnr5,192.168.1.4,53920.0,192.168.1.1,53.0,udp,0.016130924224853,57.0,114.0,SF,1.0,1.0,0.0,Dd,1.0,85.0,1.0,142.0,DNS
1720730918.123523,CWOBk72Lv7fFhi3ZYa,192.168.1.6,34644.0,192.168.1.4,21.0,tcp,11.1560640335083,136.0,188.0,SF,1.0,1.0,0.0,ShAdDafFr,18.0,1080.0,17.0,1056.0,FTP
1720731595.3841,CD8o3p1Z0B6YBECug9,192.168.1.6,60898.0,192.168.1.4,21.0,tcp,10.188615083694458,153.0,188.0,SF,1.0,1.0,0.0,ShAdDafrF,18.0,1097.0,17.0,1056.0,FTP
1720728139.783835,CgsZRC4s5i9Yr1mpk7,192.168.1.6,37334.0,192.168.1.4,21.0,tcp,8.794846057891846,118.0,188.0,SF,1.0,1.0,0.0,ShAdDafrF,18.0,1062.0,17.0,1056.0,FTP
1720727794.670688,CbWt684lHUN7G5m5l2,192.168.1.4,44623.0,192.168.1.1,53.0,udp,0.006575107574462,52.0,112.0,SF,1.0,1.0,0.0,Dd,1.0,80.0,1.0,140.0,DNS
1720730118.28306,COGdtC3DRieoEAdhpi,192.168.1.6,48302.0,192.168.1.4,21.0,tcp,10.685338020324709,118.0,188.0,SF,1.0,1.0,0.0,ShAdDafrF,18.0,1062.0,17.0,1056.0,FTP
1720727859.23355,CRuFt5yaAe3blD4K5,192.168.1.4,49574.0,216.239.38.178,443.0,tcp,240.06688690185547,2781.0,7399.0,SF,1.0,0.0,0.0,ShADadFf,21.0,3881.0,21.0,8499.0,HTTPS
1720728094.424587,ClceraUseOrCGK05e,192.168.1.4,43484.0,13.107.246.40,443.0,tcp,90.32995009422302,3071.0,9771.0,RSTO,1.0,0.0,0.0,ShADadfR,15.0,3859.0,21.0,10871.0,HTTPS
1720727865.025555,COKmBv3eciPtznOc5c,192.168.1.6,47774.0,192.168.1.4,21.0,tcp,9.98587203025818,118.0,188.0,SF,1.0,1.0,0.0,ShAdDafrF,18.0,1062.0,17.0,1056.0,FTP
1720730421.318436,CnCSmA4hs4VZPrdSS8,192.168.1.6,49690.0,192.168.1.4,21.0,tcp,8.871208190917969,129.0,188.0,SF,1.0,1.0,0.0,ShAdDafFr,18.0,1073.0,17.0,1056.0,FTP
1720731390.216231,Ca9o213PBaTTNrFtN7,192.168.1.6,40402.0,192.168.1.4,21.0,tcp,10.21013593673706,169.0,188.0,SF,1.0,1.0,0.0,ShAdDafFr,18.0,1113.0,17.0,1056.0,FTP
1720731169.735196,CQt4tj3aCyigdlsYLc,192.168.1.6,41888.0,192.168.1.4,21.0,tcp,9.668755769729614,112.0,188.0,SF,1.0,1.0,0.0,ShAdDafrF,18.0,1056.0,17.0,1056.0,FTP
1720728035.153702,CeGQVWpn4FhVgwQW9,192.168.1.4,56940.0,192.168.1.1,53.0,udp,9.668755769729614,112.0,188.0,SF,1.0,1.0,0.0,ShAdDafrF,18.0,1056.0,17.0,1056.0,DNS
1720727924.309297,Cl7YibcZAMfD76Ctl,192.168.1.4,54498.0,192.168.1.1,53.0,udp,0.001360893249511,56.0,101.0,SF,1.0,1.0,0.0,Dd,1.0,84.0,1.0,129.0,DNS
1720728454.167667,CTwMp94h8rowr628Gd,192.168.1.6,55954.0,192.168.1.4,21.0,tcp,10.695589065551758,118.0,188.0,SF,1.0,1.0,0.0,ShAdDafFr,18.0,1062.0,17.0,1056.0,FTP
1720728435.711734,CFXxgMKNFsbJoRph,192.168.1.6,44188.0,192.168.1.4,21.0,tcp,9.069835901260376,118.0,188.0,SF,1.0,1.0,0.0,ShAdDafrF,18.0,1062.0,17.0,1056.0,FTP
1720728771.489143,CkOemn4bOFKEo18y7h,192.168.1.6,33090.0,192.168.1.4,21.0,tcp,9.588219165802002,131.0,188.0,SF,1.0,1.0,0.0,ShAdDafFr,18.0,1075.0,17.0,1056.0,FTP
1720728275.042593,CMmVx24KDmbFaW1dM,192.168.1.4,60649.0,192.168.1.1,53.0,udp,9.588219165802002,131.0,188.0,SF,1.0,1.0,0.0,ShAdDafFr,18.0,1075.0,17.0,1056.0,DNS
1720731752.90193,ClzZW44KNwRpwIUoJb,192.168.1.6,40538.0,192.168.1.4,21.0,tcp,11.240686893463137,149.0,188.0,SF,1.0,1.0,0.0,ShAdDafrF,18.0,1093.0,17.0,1056.0,FTP
1720728677.413147,Cm2tqz2SMciI9VrBPe,192.168.1.6,41506.0,192.168.1.4,21.0,tcp,10.54630994796753,134.0,188.0,SF,1.0,1.0,0.0,ShAdDafrF,18.0,1078.0,17.0,1056.0,FTP
1720728215.431264,CHpjOEIQXuPjyRc5,192.168.1.6,42352.0,192.168.1.4,21.0,tcp,9.594628095626833,118.0,188.0,SF,1.0,1.0,0.0,ShAdDafrF,18.0,1062.0,17.0,1056.0,FTP
1720727786.539999,CIjFvxEuECChoisI1,192.168.1.4,43599.0,192.168.1.1,53.0,udp,9.594628095626833,118.0,188.0,SF,1.0,1.0,0.0,ShAdDafrF,18.0,1062.0,17.0,1056.0,DNS
1720731623.761973,CYJoWQ2LWdqIWLLt3e,192.168.1.6,35026.0,192.168.1.4,21.0,tcp,9.98405408859253,154.0,188.0,SF,1.0,1.0,0.0,ShAdDafrF,18.0,1098.0,17.0,1056.0,FTP
1720727850.910611,CTDXem2rMwp1Jp4X61,192.168.1.4,45235.0,192.168.1.1,53.0,udp,0.005459070205688,53.0,113.0,SF,1.0,1.0,0.0,Dd,1.0,81.0,1.0,141.0,DNS
1720728271.824758,CE2yuHXwaUbNY6Ldc,192.168.1.4,48042.0,13.107.21.239,443.0,udp,0.0,53.0,113.0,SF,0.0,1.0,0.0,Dd,1.0,81.0,1.0,141.0,HTTPS
1720730098.7313,CrFJqB3aQCMplCxA7b,192.168.1.6,48956.0,192.168.1.4,21.0,tcp,9.922659873962402,127.0,188.0,SF,1.0,1.0,0.0,ShAdDafrF,18.0,1071.0,17.0,1056.0,FTP
1720729816.293413,CrrmqSZGJFdg1xtRk,192.168.1.6,34340.0,192.168.1.4,21.0,tcp,10.170425176620483,135.0,188.0,SF,1.0,1.0,0.0,ShAdDafrF,18.0,1079.0,17.0,1056.0,FTP
1720728096.271078,CHGXRe2Kt6ZRFrEnDj,192.168.1.4,37072.0,192.168.1.1,53.0,udp,10.170425176620483,135.0,188.0,SF,1.0,1.0,0.0,ShAdDafrF,18.0,1079.0,17.0,1056.0,DNS
1720728573.419457,C4bHIP3ptHVrUVO711,192.168.1.6,47530.0,192.168.1.4,21.0,tcp,9.5452880859375,118.0,188.0,SF,1.0,1.0,0.0,ShAdDafrF,18.0,1062.0,17.0,1056.0,FTP
1720727974.148875,CDZ8oP11VDWyPzqVJ4,192.168.1.4,38182.0,204.235.147.206,443.0,tcp,234.6055290699005,3956.0,464094.0,SF,1.0,0.0,0.0,ShADadFf,135.0,9376.0,197.0,471986.0,HTTPS
1720729700.672512,CFB5M51m6olvoVb7qf,192.168.1.6,36722.0,192.168.1.4,21.0,tcp,9.035506963729858,129.0,188.0,SF,1.0,1.0,0.0,ShAdDafrF,18.0,1073.0,17.0,1056.0,FTP
1720731002.954414,CVrXYf1pTyJ7d1NCYj,192.168.1.6,35336.0,192.168.1.4,21.0,tcp,10.701216220855711,130.0,188.0,SF,1.0,1.0,0.0,ShAdDafrF,18.0,1074.0,17.0,1056.0,FTP
1720729587.910566,CQ9YvQ1N1nzBr8tcQf,192.168.1.6,52492.0,192.168.1.4,21.0,tcp,9.92793083190918,111.0,188.0,SF,1.0,1.0,0.0,ShAdDafrF,18.0,1055.0,17.0,1056.0,FTP
1720727915.220935,CnqvycwAI8YLUeJK9,192.168.1.4,48070.0,142.251.41.3,443.0,tcp,9.92793083190918,111.0,188.0,SF,1.0,1.0,0.0,ShAdDafrF,18.0,1055.0,17.0,1056.0,HTTPS
1720730236.684784,CazDTs1teYwnrSW8i,192.168.1.6,35206.0,192.168.1.4,21.0,tcp,10.424561977386476,137.0,188.0,SF,1.0,1.0,0.0,ShAdDafrF,18.0,1081.0,17.0,1056.0,FTP
1720728656.074657,Cd6OZA2QkuHNgeW7sj,192.168.1.6,57776.0,192.168.1.4,21.0,tcp,10.544503927230837,131.0,188.0,SF,1.0,1.0,0.0,ShAdDafrF,18.0,1075.0,17.0,1056.0,FTP
1720728306.025522,CW4Hfr1p8AlRg0pVf,192.168.1.4,43800.0,72.21.81.130,443.0,tcp,10.544503927230837,131.0,188.0,SF,1.0,1.0,0.0,ShAdDafrF,18.0,1075.0,17.0,1056.0,HTTPS
1720728215.820561,CM2KTx3thQeVst9MMl,192.168.1.4,57717.0,162.159.135.232,443.0,tcp,10.544503927230837,131.0,188.0,SF,1.0,1.0,0.0,IIiiihhIHH,18.0,1075.0,17.0,1056.0,HTTPS
1720728061.310715,C9T5Ye2048xDkUarQ5,192.168.1.4,34068.0,192.168.1.1,53.0,udp,0.027929067611694,80.0,384.0,SF,1.0,1.0,0.0,Dd,1.0,108.0,1.0,412.0,DNS
1720728719.292381,COQLNG38NGgObDOoS6,192.168.1.6,45236.0,192.168.1.4,21.0,tcp,10.505979061126707,135.0,188.0,SF,1.0,1.0,0.0,ShAdDafrF,18.0,1079.0,17.0,1056.0,FTP
1720730143.233718,CQpNxGQeVtLZJOpH4,192.168.1.4,39892.0,192.168.1.1,53.0,udp,0.000640153884887,58.0,394.0,SF,1.0,1.0,0.0,Dd,1.0,86.0,1.0,422.0,DNS
1720728289.703455,Cq5YVv1wnLIEHWrhOk,192.168.1.6,43564.0,192.168.1.4,21.0,tcp,10.219661951065063,118.0,188.0,SF,1.0,1.0,0.0,ShAdDafrF,18.0,1062.0,17.0,1056.0,FTP
1720729998.028408,C7aqdE3R8UmdOFEQ1h,192.168.1.6,52168.0,192.168.1.4,21.0,tcp,9.791246891021729,145.0,188.0,SF,1.0,1.0,0.0,ShAdDafFr,18.0,1089.0,17.0,1056.0,FTP
1720727905.992348,CuvJGB4Y3YdfixbdJ8,192.168.1.6,47634.0,192.168.1.4,21.0,tcp,10.046613931655884,117.0,188.0,SF,1.0,1.0,0.0,ShAdDafFr,18.0,1061.0,17.0,1056.0,FTP
1720728096.016403,CbzVVU19tmiZhVRAyk,192.168.1.4,44234.0,45.60.73.43,443.0,tcp,112.73411512374878,5728.0,8057.0,SF,1.0,0.0,0.0,ShADadFRf,19.0,6700.0,18.0,9001.0,HTTPS
1720731659.689575,CNAv511GlFBMP5TzH4,192.168.1.6,44064.0,192.168.1.4,21.0,tcp,10.48351502418518,152.0,188.0,SF,1.0,1.0,0.0,ShAdDafFr,18.0,1096.0,17.0,1056.0,FTP
1720727764.149939,CawQNC1XqQIXgC8uL4,192.168.1.4,48101.0,192.168.1.1,53.0,udp,0.004225969314575,48.0,172.0,SF,1.0,1.0,0.0,Dd,1.0,76.0,1.0,200.0,DNS
1720729357.685824,Cg1rpQ27LNZIwfoHa8,192.168.1.6,48508.0,192.168.1.4,21.0,tcp,10.083417177200316,136.0,188.0,SF,1.0,1.0,0.0,ShAdDafrF,18.0,1080.0,17.0,1056.0,FTP
1720728096.289653,CJUgK2dKCOY1mwYuj,192.168.1.4,43436.0,192.168.1.1,53.0,udp,0.034631967544555,47.0,195.0,SF,1.0,1.0,0.0,Dd,1.0,75.0,1.0,223.0,DNS
1720729696.391801,CrCNHB4UbwuBA7nE0h,192.168.1.6,36640.0,192.168.1.4,21.0,tcp,9.94342589378357,156.0,188.0,SF,1.0,1.0,0.0,ShAdDafrF,18.0,1100.0,17.0,1056.0,FTP
1720729881.09792,ChrVga2c2YOScTVYb6,192.168.1.6,46298.0,192.168.1.4,21.0,tcp,10.400591135025024,124.0,188.0,SF,1.0,1.0,0.0,ShAdDafFr,18.0,1068.0,17.0,1056.0,FTP
1720730274.279975,CIUpM51UhqwOzyTchc,192.168.1.6,54024.0,192.168.1.4,21.0,tcp,10.914236068725586,124.0,188.0,SF,1.0,1.0,0.0,ShAdDafFr,18.0,1068.0,17.0,1056.0,FTP
1720727913.797444,CEKwlV3632vPwQ6vj1,192.168.1.4,32768.0,18.238.4.118,443.0,tcp,10.914236068725586,124.0,188.0,SF,1.0,1.0,0.0,ShAdDafFr,18.0,1068.0,17.0,1056.0,HTTPS
1720730232.776694,Cvdnfj1LE0gnbxXuib,192.168.1.6,47156.0,192.168.1.4,21.0,tcp,10.747553825378418,146.0,188.0,SF,1.0,1.0,0.0,ShAdDafrF,18.0,1090.0,17.0,1056.0,FTP
1720727854.043263,C1286OdZHf9EbAta1,192.168.1.4,43776.0,216.239.32.181,443.0,tcp,240.07185411453247,2971.0,9216.0,SF,1.0,0.0,0.0,ShADadFf,22.0,4123.0,23.0,10420.0,HTTPS
1720727824.786906,CaQxWW1sd7KJJMusSg,192.168.1.4,59226.0,192.168.1.1,53.0,udp,240.07185411453247,2971.0,9216.0,SF,1.0,0.0,0.0,ShADadFf,22.0,4123.0,23.0,10420.0,DNS
1720730616.813723,CTVCfe1sJR2CjBtDag,192.168.1.6,38872.0,192.168.1.4,21.0,tcp,10.05719780921936,125.0,188.0,SF,1.0,1.0,0.0,ShAdDafFr,18.0,1069.0,17.0,1056.0,FTP
1720730393.980965,C0Zxh010HsVwZFDEe8,192.168.1.6,33946.0,192.168.1.4,21.0,tcp,10.353543043136597,138.0,188.0,SF,1.0,1.0,0.0,ShAdDafrF,18.0,1082.0,17.0,1056.0,FTP
1720728125.413491,CULhTW3WL7lBUZ7KQh,192.168.1.4,38076.0,192.168.1.1,53.0,udp,10.353543043136597,138.0,188.0,SF,1.0,1.0,0.0,ShAdDafrF,18.0,1082.0,17.0,1056.0,DNS
1720731768.692931,CeVgsu1VFC3KCU5bV6,192.168.1.6,48036.0,192.168.1.4,21.0,tcp,10.370223999023438,164.0,188.0,SF,1.0,1.0,0.0,ShAdDafrF,18.0,1108.0,17.0,1056.0,FTP
1720728433.873157,CTDhUO2n8dJxwgirR1,192.168.1.6,44154.0,192.168.1.4,21.0,tcp,10.324627876281738,118.0,188.0,SF,1.0,1.0,0.0,ShAdDafrF,18.0,1062.0,17.0,1056.0,FTP
1720729275.978382,Cx1QZX24X1mIMpcRSl,192.168.1.6,60000.0,192.168.1.4,21.0,tcp,9.96794080734253,126.0,188.0,SF,1.0,1.0,0.0,ShAdDafFr,18.0,1070.0,17.0,1056.0,FTP
1720731329.37486,C7Psko2gySrdN7Qcud,192.168.1.6,35334.0,192.168.1.4,21.0,tcp,9.63558793067932,157.0,188.0,SF,1.0,1.0,0.0,ShAdDafrF,18.0,1101.0,17.0,1056.0,FTP
1720729891.740132,CL7mme2CN9gfV9Odt1,192.168.1.6,52232.0,192.168.1.4,21.0,tcp,10.818197011947632,123.0,188.0,SF,1.0,1.0,0.0,ShAdDafrF,18.0,1067.0,17.0,1056.0,FTP
1720728289.604923,CzxfNd3s6gpu13RdZ9,192.168.1.6,43550.0,192.168.1.4,21.0,tcp,10.190047979354858,118.0,188.0,SF,1.0,1.0,0.0,ShAdDafrF,18.0,1062.0,17.0,1056.0,FTP
1720728120.363898,CTOIwF2mn3O6GkdS9j,192.168.1.6,53820.0,192.168.1.4,21.0,tcp,9.87076997756958,118.0,188.0,SF,1.0,1.0,0.0,ShAdDafFr,18.0,1062.0,17.0,1056.0,FTP
1720730381.446465,CPf7PT38DEp47ziLba,192.168.1.6,33488.0,192.168.1.4,21.0,tcp,9.72174906730652,130.0,188.0,SF,1.0,1.0,0.0,ShAdDafrF,18.0,1074.0,17.0,1056.0,FTP
1720728194.307586,CN9AOmc6A6ehoNRh8,192.168.1.4,37176.0,192.168.1.1,53.0,udp,9.72174906730652,130.0,188.0,SF,1.0,1.0,0.0,ShAdDafrF,18.0,1074.0,17.0,1056.0,DNS
1720730568.709142,CUsmtQJqU3JzWcLe9,192.168.1.6,33702.0,192.168.1.4,21.0,tcp,10.608240127563477,129.0,188.0,SF,1.0,1.0,0.0,ShAdDafrF,18.0,1073.0,17.0,1056.0,FTP
1720728594.280955,CVL2Dh1UFyjl6gtxxf,192.168.1.6,35520.0,192.168.1.4,21.0,tcp,10.084194898605348,115.0,188.0,SF,1.0,1.0,0.0,ShAdDafrF,18.0,1059.0,17.0,1056.0,FTP
1720727765.581793,ChyQRz1MRJ9ZBFNZL3,192.168.1.4,39484.0,18.238.4.119,443.0,tcp,240.0456960201264,2508.0,14374.0,SF,1.0,0.0,0.0,ShADadfF,23.0,3712.0,26.0,15734.0,HTTPS
1720728275.020071,CHa3Vh4tBkgAp4grb3,192.168.1.4,33508.0,192.168.1.1,53.0,udp,240.0456960201264,2508.0,14374.0,SF,1.0,0.0,0.0,ShADadfF,23.0,3712.0,26.0,15734.0,DNS
1720728183.671075,CdH1nl1eC9F4jLnXn3,192.168.1.6,42616.0,192.168.1.4,21.0,tcp,9.409052848815918,117.0,188.0,SF,1.0,1.0,0.0,ShAdDafrF,18.0,1061.0,17.0,1056.0,FTP
1720727915.345292,CQ8rOL1K4YJoDle5dg,192.168.1.4,51482.0,18.238.4.53,443.0,tcp,240.090313911438,3080.0,7266.0,SF,1.0,0.0,0.0,ShADadFf,24.0,4336.0,22.0,8418.0,HTTPS
1720729345.687036,C0BGus4SKtM8uhI3Wb,192.168.1.6,32866.0,192.168.1.4,21.0,tcp,10.599189043045044,117.0,188.0,SF,1.0,1.0,0.0,ShAdDafrF,18.0,1061.0,17.0,1056.0,FTP
1720729956.958436,CQMfYd2S329dsyXwZk,192.168.1.6,48490.0,192.168.1.4,21.0,tcp,11.37191104888916,131.0,188.0,SF,1.0,1.0,0.0,ShAdDafrF,18.0,1075.0,17.0,1056.0,FTP
1720730828.152984,CLMt7y0vwIic8gmO3,192.168.1.6,34326.0,192.168.1.4,21.0,tcp,9.829016208648682,118.0,188.0,SF,1.0,1.0,0.0,ShAdDafrF,18.0,1062.0,17.0,1056.0,FTP
1720728481.581999,CfA5Jm41agp6BEZt27,192.168.1.6,53202.0,192.168.1.4,21.0,tcp,10.96068286895752,118.0,188.0,SF,1.0,1.0,0.0,ShAdDafrF,18.0,1062.0,17.0,1056.0,FTP
1720728096.974916,CHDnAP3dAfq9i9TyHk,192.168.1.4,42636.0,192.168.1.1,53.0,udp,10.96068286895752,118.0,188.0,SF,1.0,1.0,0.0,ShAdDafrF,18.0,1062.0,17.0,1056.0,DNS
1720731390.176966,CHpWqS1EXB0ArbvAEf,192.168.1.6,40388.0,192.168.1.4,21.0,tcp,10.217134952545166,164.0,188.0,SF,1.0,1.0,0.0,ShAdDafrF,18.0,1108.0,17.0,1056.0,FTP
1720729011.222512,ChfDpspChChAbGamg,192.168.1.6,33984.0,192.168.1.4,21.0,tcp,9.946856021881104,107.0,188.0,SF,1.0,1.0,0.0,ShAdDafrF,18.0,1051.0,17.0,1056.0,FTP
1720727764.90852,CNQFBg2ftXulNJIsJ5,192.168.1.4,33304.0,34.111.60.239,443.0,tcp,0.051449060440063,1823.0,4144.0,SF,1.0,0.0,0.0,ShADadFRfR,10.0,2327.0,8.0,4568.0,HTTPS
1720731879.470306,CGEvsw2UBh3AyMZ4b4,192.168.1.6,46414.0,192.168.1.4,21.0,tcp,10.257163047790527,183.0,188.0,SF,1.0,1.0,0.0,ShAdDafrF,18.0,1127.0,17.0,1056.0,FTP
1720729962.925238,CBKUdG3Zj5J8Rl5Hsg,192.168.1.6,48568.0,192.168.1.4,21.0,tcp,9.84500813484192,139.0,188.0,SF,1.0,1.0,0.0,ShAdDafrF,18.0,1083.0,17.0,1056.0,FTP
1720728311.063232,Ca8rgl4LI77oiy5VIa,192.168.1.6,45752.0,192.168.1.4,21.0,tcp,9.836275100708008,118.0,188.0,SF,1.0,1.0,0.0,ShAdDafrF,18.0,1062.0,17.0,1056.0,FTP
1720728219.785423,Cwxezc4wqTRTNbxJzf,192.168.1.4,57282.0,192.168.1.1,53.0,udp,0.015985012054443,40.0,142.0,SF,1.0,1.0,0.0,Dd,1.0,68.0,1.0,170.0,DNS
1720728462.23899,CidvXQ3sqnNR2WAa94,192.168.1.6,56090.0,192.168.1.4,21.0,tcp,9.852404832839966,116.0,188.0,SF,1.0,1.0,0.0,ShAdDafrF,18.0,1060.0,17.0,1056.0,FTP
1720727765.734306,CIfLO7Qo8WMvRAkqh,192.168.1.4,34371.0,192.168.1.1,53.0,udp,0.005827903747558,57.0,118.0,SF,1.0,1.0,0.0,Dd,1.0,85.0,1.0,146.0,DNS
1720731679.764021,CEI1OQ3yeAuW95ImYb,192.168.1.6,44874.0,192.168.1.4,21.0,tcp,10.385730981826782,160.0,188.0,SF,1.0,1.0,0.0,ShAdDafFr,18.0,1104.0,17.0,1056.0,FTP
1720728094.428681,CYEhvQ21dpgRKbQ4Yl,192.168.1.4,38148.0,192.168.1.1,53.0,udp,0.001632213592529,45.0,874.0,SF,1.0,1.0,0.0,Dd,1.0,73.0,1.0,902.0,DNS
1720727906.082097,CuT2aj4wZwWWFekeZg,192.168.1.6,47666.0,192.168.1.4,21.0,tcp,9.85712194442749,118.0,188.0,SF,1.0,1.0,0.0,ShAdDafrF,18.0,1062.0,17.0,1056.0,FTP
1720727882.307405,CeH4n734OEoH4cLWe1,192.168.1.4,55564.0,192.168.1.1,53.0,udp,9.85712194442749,118.0,188.0,SF,1.0,1.0,0.0,ShAdDafrF,18.0,1062.0,17.0,1056.0,DNS
1720728148.523424,C3qAMn12r8DnunjQxc,192.168.1.6,42124.0,192.168.1.4,21.0,tcp,9.868895053863524,118.0,188.0,SF,1.0,1.0,0.0,ShAdDafrF,18.0,1062.0,17.0,1056.0,FTP
1720728827.762554,C4MXCC2GZzDTnR56Oh,192.168.1.6,47980.0,192.168.1.4,21.0,tcp,9.78814697265625,120.0,188.0,SF,1.0,1.0,0.0,ShAdDafrF,18.0,1064.0,17.0,1056.0,FTP
1720727764.952047,C3INaW2X9d777Qv8De,192.168.1.4,49350.0,35.244.154.8,443.0,udp,0.057401895523071,2736.0,6953.0,SF,1.0,0.0,0.0,Dd,5.0,2876.0,8.0,7177.0,HTTPS
1720731817.802412,Cr27eM1jwvKPcl18ma,192.168.1.6,42328.0,192.168.1.4,21.0,tcp,10.555091857910156,153.0,188.0,SF,1.0,1.0,0.0,ShAdDafrF,18.0,1097.0,17.0,1056.0,FTP
1720728566.625274,CSLaav49CtgXmMvIV4,192.168.1.6,38112.0,192.168.1.4,21.0,tcp,9.49568796157837,118.0,188.0,SF,1.0,1.0,0.0,ShAdDafrF,18.0,1062.0,17.0,1056.0,FTP
1720729178.233794,CF43tG1Uj26ywigqH,192.168.1.6,37306.0,192.168.1.4,21.0,tcp,10.202863931655884,118.0,188.0,SF,1.0,1.0,0.0,ShAdDafrF,18.0,1062.0,17.0,1056.0,FTP
1720728125.261016,C4jAn929t6ftSg1t6d,192.168.1.4,38824.0,142.250.176.206,443.0,tcp,10.202863931655884,118.0,188.0,SF,1.0,1.0,0.0,ShAdDafrF,18.0,1062.0,17.0,1056.0,HTTPS
1720728211.825323,C6NZZ21aZqhcVFDf8e,192.168.1.4,40522.0,192.168.1.1,53.0,udp,0.001357793807983,48.0,108.0,SF,1.0,1.0,0.0,Dd,1.0,76.0,1.0,136.0,DNS
1720730728.258241,CoEWqC30qVyFZjzmah,192.168.1.6,50876.0,192.168.1.4,21.0,tcp,9.96586799621582,124.0,188.0,SF,1.0,1.0,0.0,ShAdDafrF,18.0,1068.0,17.0,1056.0,FTP
1720730054.612046,CNO70ApVNOQUzSS6e,192.168.1.6,54766.0,192.168.1.4,21.0,tcp,9.806227922439575,119.0,188.0,SF,1.0,1.0,0.0,ShAdDafrF,18.0,1063.0,17.0,1056.0,FTP
1720727885.417864,CrtdJZ1ZnLhFXYm7rl,192.168.1.4,52173.0,146.75.36.84,443.0,tcp,9.806227922439575,119.0,188.0,SF,1.0,1.0,0.0,IIiishhhHHhH,18.0,1063.0,17.0,1056.0,HTTPS
1720731703.96921,C7RUdQ22UXXsiWTalb,192.168.1.6,52832.0,192.168.1.4,21.0,tcp,9.930438041687012,183.0,188.0,SF,1.0,1.0,0.0,ShAdDafrF,18.0,1127.0,17.0,1056.0,FTP
1720728812.84844,CZ5Lzj2liXBRaEsvy6,192.168.1.6,37478.0,192.168.1.4,21.0,tcp,9.462331056594849,122.0,188.0,SF,1.0,1.0,0.0,ShAdDafrF,18.0,1066.0,17.0,1056.0,FTP
1720730836.848245,CxEM2b1RJYbCnTs9Hh,192.168.1.6,40748.0,192.168.1.4,21.0,tcp,10.997891187667848,135.0,188.0,SF,1.0,1.0,0.0,ShAdDafrF,18.0,1079.0,17.0,1056.0,FTP
1720731423.134634,CGVg2K3gkAQRFJgRP6,192.168.1.6,35370.0,192.168.1.4,21.0,tcp,9.853074073791504,150.0,188.0,SF,1.0,1.0,0.0,ShAdDafrF,18.0,1094.0,17.0,1056.0,FTP
1720729513.31537,Cvl8N5hcY7Ylh4DWk,192.168.1.6,36422.0,192.168.1.4,21.0,tcp,10.378582000732422,119.0,188.0,SF,1.0,1.0,0.0,ShAdDafrF,18.0,1063.0,17.0,1056.0,FTP
1720729007.306997,CQUoF83p1mT2sCred6,192.168.1.6,33896.0,192.168.1.4,21.0,tcp,10.444830894470217,112.0,188.0,SF,1.0,1.0,0.0,ShAdDafrF,18.0,1056.0,17.0,1056.0,FTP
1720728184.67673,Cn8ozZ250PAPVQbO95,192.168.1.4,47112.0,23.48.104.69,443.0,tcp,24.06551313400269,1868.0,4713.0,SF,1.0,0.0,0.0,ShADadfF,12.0,2512.0,13.0,5397.0,HTTPS
1720729749.855939,CuzB5u3GQ5X1qxyPxj,192.168.1.6,60770.0,192.168.1.4,21.0,tcp,9.846394062042236,112.0,188.0,SF,1.0,1.0,0.0,ShAdDafrF,18.0,1056.0,17.0,1056.0,FTP
1720728081.41225,CKdJzt1xzcpT5KDmmk,192.168.1.6,52120.0,192.168.1.4,21.0,tcp,9.95138692855835,117.0,188.0,SF,1.0,1.0,0.0,ShAdDafFr,18.0,1061.0,17.0,1056.0,FTP
1720728491.045555,CL6d0C1lgooPrbnLGi,192.168.1.6,36410.0,192.168.1.4,21.0,tcp,9.669757843017578,118.0,188.0,SF,1.0,1.0,0.0,ShAdDafFr,18.0,1062.0,17.0,1056.0,FTP
1720727992.307513,Cq5a9an7DJtc1FG1d,192.168.1.4,51400.0,192.168.1.1,53.0,udp,0.002271890640258,48.0,130.0,SF,1.0,1.0,0.0,Dd,1.0,76.0,1.0,158.0,DNS
1720728037.838672,CqbggLRwFCPRdqmXa,192.168.1.6,56480.0,192.168.1.4,21.0,tcp,9.489232063293455,118.0,188.0,SF,1.0,1.0,0.0,ShAdDafrF,18.0,1062.0,17.0,1056.0,FTP
1720729178.223556,CVinF0400y4poc7TE3,192.168.1.6,37302.0,192.168.1.4,21.0,tcp,10.223222970962524,116.0,188.0,SF,1.0,1.0,0.0,ShAdDafFr,18.0,1060.0,17.0,1056.0,FTP
1720729312.182314,CMiQ4EIfEYVmUldfl,192.168.1.6,43914.0,192.168.1.4,21.0,tcp,9.776547193527222,123.0,188.0,SF,1.0,1.0,0.0,ShAdDafrF,18.0,1067.0,17.0,1056.0,FTP
1720729470.051064,CmOeuO1mlAU2klIS8g,192.168.1.6,35310.0,192.168.1.4,21.0,tcp,10.485388040542604,127.0,188.0,SF,1.0,1.0,0.0,ShAdDafrF,18.0,1071.0,17.0,1056.0,FTP
1720730235.113673,C4UVZlVC4RjjOGC42,192.168.1.6,35184.0,192.168.1.4,21.0,tcp,10.734259128570557,132.0,188.0,SF,1.0,1.0,0.0,ShAdDafrF,18.0,1076.0,17.0,1056.0,FTP
1720730768.145812,CggLnZ3MidBzJDJjH2,192.168.1.6,37086.0,192.168.1.4,21.0,tcp,10.864558935165403,136.0,188.0,SF,1.0,1.0,0.0,ShAdDafrF,18.0,1080.0,17.0,1056.0,FTP
1720731203.87298,CpV2g04xqJFVYeXAdi,192.168.1.6,58338.0,192.168.1.4,21.0,tcp,9.670674800872805,117.0,188.0,SF,1.0,1.0,0.0,ShAdDafFr,18.0,1061.0,17.0,1056.0,FTP
1720731524.06247,CugKHA2s3atJaV49X3,192.168.1.6,46448.0,192.168.1.4,21.0,tcp,10.10246205329895,155.0,188.0,SF,1.0,1.0,0.0,ShAdDafFr,18.0,1099.0,17.0,1056.0,FTP
1720730068.819502,Cs3dIn3UuFgezeCUG5,192.168.1.6,51238.0,192.168.1.4,21.0,tcp,9.557560920715332,134.0,188.0,SF,1.0,1.0,0.0,ShAdDafrF,18.0,1078.0,17.0,1056.0,FTP
1720728342.527221,COmJCrMCZfWjpmkO8,192.168.1.6,38828.0,192.168.1.4,21.0,tcp,11.020061016082764,118.0,188.0,SF,1.0,1.0,0.0,ShAdDafrF,18.0,1062.0,17.0,1056.0,FTP
1720730064.497628,CWiet7FHI7pwGAhv7,192.168.1.6,51228.0,192.168.1.4,21.0,tcp,9.765061140060425,133.0,188.0,SF,1.0,1.0,0.0,ShAdDafrF,18.0,1077.0,17.0,1056.0,FTP
1720730911.852575,CNXKEl2FF4Xyu9Mo32,192.168.1.6,40248.0,192.168.1.4,21.0,tcp,10.216188907623293,143.0,188.0,SF,1.0,1.0,0.0,ShAdDafFr,18.0,1087.0,17.0,1056.0,FTP
1720727790.853738,CN7YaZ3AVAWakGVSX9,192.168.1.4,41031.0,192.168.1.1,53.0,udp,10.216188907623293,143.0,188.0,SF,1.0,1.0,0.0,ShAdDafFr,18.0,1087.0,17.0,1056.0,DNS
1720728235.317637,CXFcpI2xXX4OSfXqO1,192.168.1.6,39142.0,192.168.1.4,21.0,tcp,10.6463520526886,118.0,188.0,SF,1.0,1.0,0.0,ShAdDafrF,18.0,1062.0,17.0,1056.0,FTP
1720727914.018414,CBoy9e4u3GDJwTyUVc,192.168.1.4,45260.0,192.168.1.1,53.0,udp,10.6463520526886,118.0,188.0,SF,1.0,1.0,0.0,ShAdDafrF,18.0,1062.0,17.0,1056.0,DNS
1720728275.041553,CJhhQN3X3KviWqBPq8,192.168.1.4,58448.0,192.168.1.1,53.0,udp,0.001648902893066,71.0,152.0,SF,1.0,1.0,0.0,Dd,1.0,99.0,1.0,180.0,DNS
1720728818.387901,CqPAml36RVU2EUPqnh,192.168.1.6,57272.0,192.168.1.4,21.0,tcp,9.291363000869753,123.0,188.0,SF,1.0,1.0,0.0,ShAdDafFr,18.0,1067.0,17.0,1056.0,FTP
1720731817.502315,CtR2uP3pk8XJ5l7fR1,192.168.1.6,42304.0,192.168.1.4,21.0,tcp,11.19364595413208,162.0,188.0,SF,1.0,1.0,0.0,ShAdDafrF,18.0,1106.0,17.0,1056.0,FTP
1720729556.157661,C5G7vz1BE5LORE2i64,192.168.1.6,56726.0,192.168.1.4,21.0,tcp,10.535161972045898,109.0,188.0,SF,1.0,1.0,0.0,ShAdDafFr,18.0,1053.0,17.0,1056.0,FTP
1720728951.012279,Cs7qnr4C0bRwPeeh6,192.168.1.6,37638.0,192.168.1.4,21.0,tcp,9.299674987792969,127.0,188.0,SF,1.0,1.0,0.0,ShAdDafrF,18.0,1071.0,17.0,1056.0,FTP
1720731554.676864,C8dsbV3ZDw8Eo8GKAa,192.168.1.6,35528.0,192.168.1.4,21.0,tcp,9.901791095733644,142.0,188.0,SF,1.0,1.0,0.0,ShAdDafrF,18.0,1086.0,17.0,1056.0,FTP
1720728021.274924,CQFY1JpO0YCmTDGaa,192.168.1.6,55418.0,192.168.1.4,21.0,tcp,9.90027904510498,117.0,188.0,SF,1.0,1.0,0.0,ShAdDafrF,18.0,1061.0,17.0,1056.0,FTP
1720727793.53342,Ce4GJW1UCqYHAw9HPe,192.168.1.4,52158.0,104.19.178.52,443.0,tcp,400.0814089775085,2339.0,116847.0,SF,1.0,0.0,0.0,ShADadFf,55.0,5207.0,69.0,120443.0,HTTPS
1720728756.665397,CpVQSEddwX7Sb2eIc,192.168.1.6,43552.0,192.168.1.4,21.0,tcp,10.550302028656006,125.0,188.0,SF,1.0,1.0,0.0,ShAdDafrF,18.0,1069.0,17.0,1056.0,FTP
1720731310.327413,CzMpgO2Kpq4qjG5Xn8,192.168.1.6,55936.0,192.168.1.4,21.0,tcp,10.450827836990356,161.0,188.0,SF,1.0,1.0,0.0,ShAdDafFr,18.0,1105.0,17.0,1056.0,FTP
1720728154.807778,CTyIXr4qs32ok9ONsl,192.168.1.4,59186.0,142.251.32.104,443.0,tcp,10.450827836990356,161.0,188.0,SF,1.0,1.0,0.0,ShAdDafFr,18.0,1105.0,17.0,1056.0,HTTPS
1720728582.860993,ClXinz25NY5slznAD6,192.168.1.6,47656.0,192.168.1.4,21.0,tcp,10.22098708152771,113.0,188.0,SF,1.0,1.0,0.0,ShAdDafFr,18.0,1057.0,17.0,1056.0,FTP
1720728305.854529,C533f629SuZF1SLIZk,192.168.1.4,37317.0,192.168.1.1,53.0,udp,10.22098708152771,113.0,188.0,SF,1.0,1.0,0.0,ShAdDafFr,18.0,1057.0,17.0,1056.0,DNS
1720730911.542108,Cut6s23tuZGuHM3Zua,192.168.1.6,40246.0,192.168.1.4,21.0,tcp,10.93580198287964,123.0,188.0,SF,1.0,1.0,0.0,ShAdDafrF,18.0,1067.0,17.0,1056.0,FTP
1720729223.000574,C92vTErBbw4YQTGC2,192.168.1.6,34940.0,192.168.1.4,21.0,tcp,10.60215187072754,124.0,188.0,SF,1.0,1.0,0.0,ShAdDafrF,18.0,1068.0,17.0,1056.0,FTP
1720727884.88608,C0WX5r4dXAGufrZKmj,192.168.1.4,39298.0,146.75.36.84,443.0,tcp,0.045871019363403,1854.0,5821.0,SF,1.0,0.0,0.0,ShADadFfR,11.0,2410.0,11.0,6401.0,HTTPS
1720728000.668123,C49bgl1bxmmPsAjVak,192.168.1.6,51312.0,192.168.1.4,21.0,tcp,10.66247010231018,118.0,188.0,SF,1.0,1.0,0.0,ShAdDafrF,18.0,1062.0,17.0,1056.0,FTP
1720729454.187304,Czl0uv3T0JOyeAzI43,192.168.1.6,56396.0,192.168.1.4,21.0,tcp,10.762585878372192,135.0,188.0,SF,1.0,1.0,0.0,ShAdDafrF,18.0,1079.0,17.0,1056.0,FTP
1720731475.061845,CVsskj2zbk9Ha0mjf3,192.168.1.6,42240.0,192.168.1.4,21.0,tcp,9.40460991859436,157.0,188.0,SF,1.0,1.0,0.0,ShAdDafrF,18.0,1101.0,17.0,1056.0,FTP
1720727916.362348,C4u2jr2BwrQhS07jk3,192.168.1.4,45356.0,34.128.128.0,443.0,udp,9.225651979446411,4315.0,5374.0,SF,1.0,0.0,0.0,Dd,9.0,4567.0,10.0,5654.0,HTTPS
1720731838.48376,CaXU9uQZOQGYCfBJb,192.168.1.6,51758.0,192.168.1.4,21.0,tcp,10.3974928855896,123.0,188.0,SF,1.0,1.0,0.0,ShAdDafrF,18.0,1067.0,17.0,1056.0,FTP
1720728211.841583,C2d47SU7G1YrWHo1i,192.168.1.4,54826.0,13.107.6.158,443.0,tcp,10.3974928855896,123.0,188.0,SF,1.0,1.0,0.0,ShAdDafrF,18.0,1067.0,17.0,1056.0,HTTPS
1720727884.509348,CmojkV2m5rOF8egyea,192.168.1.4,41513.0,192.168.1.1,53.0,udp,10.3974928855896,123.0,188.0,SF,1.0,1.0,0.0,ShAdDafrF,18.0,1067.0,17.0,1056.0,DNS
1720729366.268484,C7xD9v3LtTLZBIbGk8,192.168.1.6,44452.0,192.168.1.4,21.0,tcp,10.040426969528198,113.0,188.0,SF,1.0,1.0,0.0,ShAdDafFr,18.0,1057.0,17.0,1056.0,FTP
1720730291.369876,CnjP9h1KuVxRuCQsx4,192.168.1.6,51106.0,192.168.1.4,21.0,tcp,10.936171054840088,129.0,188.0,SF,1.0,1.0,0.0,ShAdDafFr,18.0,1073.0,17.0,1056.0,FTP
1720727884.978667,CIXU7L3HrE68DXxhgc,192.168.1.4,44036.0,18.204.162.238,443.0,tcp,10.936171054840088,129.0,188.0,SF,1.0,1.0,0.0,ShAdDafFr,18.0,1073.0,17.0,1056.0,HTTPS
1720730720.53032,Cxg28B4ftomOWDRERb,192.168.1.6,44006.0,192.168.1.4,21.0,tcp,9.335023164749146,128.0,188.0,SF,1.0,1.0,0.0,ShAdDafrF,18.0,1072.0,17.0,1056.0,FTP
1720727793.536529,C4L5jT1dFucFULZS4e,192.168.1.4,58641.0,192.168.1.1,53.0,udp,0.001351833343505,44.0,315.0,SF,1.0,1.0,0.0,Dd,1.0,72.0,1.0,343.0,DNS
1720730044.938366,CQ3RJN2vmizD8e1SN3,192.168.1.6,42346.0,192.168.1.4,21.0,tcp,9.673534154891968,119.0,188.0,SF,1.0,1.0,0.0,ShAdDafrF,18.0,1063.0,17.0,1056.0,FTP
1720731225.930072,Cqx1Zk1UOWpuMCxnN7,192.168.1.6,48672.0,192.168.1.4,21.0,tcp,10.200855016708374,115.0,188.0,SF,1.0,1.0,0.0,ShAdDafrF,18.0,1059.0,17.0,1056.0,FTP
1720727915.540926,CLG6sKzxH2FWpoYV8,192.168.1.4,42338.0,34.128.128.0,443.0,tcp,10.200855016708374,115.0,188.0,SF,1.0,1.0,0.0,ShAdDafrF,18.0,1059.0,17.0,1056.0,HTTPS
1720729689.587556,CEEr1j3HO6xxlnB354,192.168.1.6,56040.0,192.168.1.4,21.0,tcp,9.47514009475708,120.0,188.0,SF,1.0,1.0,0.0,ShAdDafFr,18.0,1064.0,17.0,1056.0,FTP
1720730464.816411,CWIqiq4RngKPDUqcq2,192.168.1.6,36242.0,192.168.1.4,21.0,tcp,9.650466918945312,123.0,188.0,SF,1.0,1.0,0.0,ShAdDafrF,18.0,1067.0,17.0,1056.0,FTP
1720728540.437622,CQHzyPzw6pbM9bA8j,192.168.1.6,36596.0,192.168.1.4,21.0,tcp,9.83550500869751,118.0,188.0,SF,1.0,1.0,0.0,ShAdDafFr,18.0,1062.0,17.0,1056.0,FTP
1720730555.608467,CUqsfj3FevV2MmRQ3h,192.168.1.6,59434.0,192.168.1.4,21.0,tcp,10.133603811264038,117.0,188.0,SF,1.0,1.0,0.0,ShAdDafrF,18.0,1061.0,17.0,1056.0,FTP
1720728094.34723,CT9tCI1ZduHJjOKuLb,192.168.1.4,37200.0,103.28.251.204,443.0,tcp,60.43143916130066,1850.0,5666.0,SF,1.0,0.0,0.0,ShADadFfRR,15.0,2590.0,14.0,6402.0,HTTPS
1720731247.080098,CzEBpu3F6x1dEUNs6e,192.168.1.6,36336.0,192.168.1.4,21.0,tcp,10.341446161270142,166.0,188.0,SF,1.0,1.0,0.0,ShAdDafrF,18.0,1110.0,17.0,1056.0,FTP
1720727884.445565,Cz0CAaLPpVQnwXXUh,192.168.1.4,50464.0,104.18.32.90,443.0,tcp,10.341446161270142,166.0,188.0,SF,1.0,1.0,0.0,ShAdDafrF,18.0,1110.0,17.0,1056.0,HTTPS
1720727825.366371,Cucwae4CGLOfgNCLsb,192.168.1.6,52138.0,192.168.1.4,21.0,tcp,9.705636978149414,117.0,188.0,SF,1.0,1.0,0.0,ShAdDafFr,18.0,1061.0,17.0,1056.0,FTP
1720728827.568467,CGSwNP2iGVlZUagN8b,192.168.1.6,47946.0,192.168.1.4,21.0,tcp,9.789108037948608,119.0,188.0,SF,1.0,1.0,0.0,ShAdDafFr,18.0,1063.0,17.0,1056.0,FTP
1720728739.815072,CXCwHP1VaE3czNfFB2,192.168.1.6,49736.0,192.168.1.4,21.0,tcp,10.852418899536133,128.0,188.0,SF,1.0,1.0,0.0,ShAdDafrF,18.0,1072.0,17.0,1056.0,FTP
1720730190.648499,CEt6N5270fiVKx9DF2,192.168.1.6,53638.0,192.168.1.4,21.0,tcp,10.607318878173828,133.0,188.0,SF,1.0,1.0,0.0,ShAdDafFr,18.0,1077.0,17.0,1056.0,FTP
1720727914.258295,CIZH0p3lGkaFHxq932,192.168.1.4,35191.0,192.168.1.1,53.0,udp,10.607318878173828,133.0,188.0,SF,1.0,1.0,0.0,ShAdDafFr,18.0,1077.0,17.0,1056.0,DNS
1720728441.010384,CE3VMy10uCzUw8Rrs5,192.168.1.6,44268.0,192.168.1.4,21.0,tcp,9.87274694442749,118.0,188.0,SF,1.0,1.0,0.0,ShAdDafrF,18.0,1062.0,17.0,1056.0,FTP
1720727766.669994,CnPmlr35pM4I2hkJOd,192.168.1.4,57781.0,192.168.1.1,53.0,udp,9.87274694442749,118.0,188.0,SF,1.0,1.0,0.0,ShAdDafrF,18.0,1062.0,17.0,1056.0,DNS
1720728245.130754,CqlUg024rl18SNV1ld,192.168.1.4,59966.0,192.168.1.1,53.0,udp,9.87274694442749,118.0,188.0,SF,1.0,1.0,0.0,ShAdDafrF,18.0,1062.0,17.0,1056.0,DNS
1720730971.438119,Czx2uf1VspZlpfXJqk,192.168.1.6,48980.0,192.168.1.4,21.0,tcp,10.656411170959473,120.0,188.0,SF,1.0,1.0,0.0,ShAdDafrF,18.0,1064.0,17.0,1056.0,FTP
1720727764.785075,C12lEm2mWeD4DJudk4,192.168.1.4,59707.0,192.168.1.1,53.0,udp,0.141728162765502,124.0,124.0,SF,1.0,1.0,0.0,Dd,3.0,208.0,3.0,208.0,DNS
1720727763.373232,CSa0Xg41XTzdMCoObh,192.168.1.4,36592.0,13.69.239.77,443.0,tcp,147.9959740638733,184749.0,13395.0,RSTR,1.0,0.0,0.0,ShADadr,125.0,191257.0,108.0,19007.0,HTTPS
1720731076.807757,CUfjACYd79G3MNGY,192.168.1.6,56898.0,192.168.1.4,21.0,tcp,10.825821161270142,134.0,188.0,SF,1.0,1.0,0.0,ShAdDafrF,18.0,1078.0,17.0,1056.0,FTP
1720727793.225611,CJrtFc3JugHZ9Taqc2,192.168.1.4,54564.0,192.168.1.1,53.0,udp,0.014938116073608,63.0,325.0,SF,1.0,1.0,0.0,Dd,1.0,91.0,1.0,353.0,DNS
1720729386.598823,COrCoo36VWCuzhpk94,192.168.1.6,36148.0,192.168.1.4,21.0,tcp,9.536921977996826,115.0,188.0,SF,1.0,1.0,0.0,ShAdDafFr,18.0,1059.0,17.0,1056.0,FTP
1720729148.299889,Cd2Oc325L1Z1F9cYUi,192.168.1.6,38972.0,192.168.1.4,21.0,tcp,9.860288858413696,140.0,188.0,SF,1.0,1.0,0.0,ShAdDafrF,18.0,1084.0,17.0,1056.0,FTP
1720730586.762943,Cu1VsI2qPTuoC8pOc6,192.168.1.6,34978.0,192.168.1.4,21.0,tcp,10.371810913085938,125.0,188.0,SF,1.0,1.0,0.0,ShAdDafrF,18.0,1069.0,17.0,1056.0,FTP
1720728035.025119,CRlR7NgSkmeaCcbwi,192.168.1.4,34654.0,18.213.155.61,443.0,tcp,10.371810913085938,125.0,188.0,SF,1.0,1.0,0.0,ShAdDafrF,18.0,1069.0,17.0,1056.0,HTTPS
1720728096.401675,CSwXfj4Qe7P9eRAIj1,192.168.1.4,41099.0,192.168.1.1,53.0,udp,10.371810913085938,125.0,188.0,SF,1.0,1.0,0.0,ShAdDafrF,18.0,1069.0,17.0,1056.0,DNS
1720728182.688228,C2KZbr1FreNK1vOMF2,192.168.1.6,37144.0,192.168.1.4,21.0,tcp,9.335143089294434,118.0,188.0,SF,1.0,1.0,0.0,ShAdDafrF,18.0,1062.0,17.0,1056.0,FTP
1720730303.762129,CMyrlC4EoukhYzYutc,192.168.1.6,50226.0,192.168.1.4,21.0,tcp,10.488543033599854,128.0,188.0,SF,1.0,1.0,0.0,ShAdDafrF,18.0,1072.0,17.0,1056.0,FTP
1720728573.650546,CmCzVv4RVwFaTpk3md,192.168.1.6,47552.0,192.168.1.4,21.0,tcp,10.63844084739685,118.0,188.0,SF,1.0,1.0,0.0,ShAdDafrF,18.0,1062.0,17.0,1056.0,FTP
1720730564.357475,CRCK6l3XcQPgE0mitl,192.168.1.6,33620.0,192.168.1.4,21.0,tcp,10.360728979110718,121.0,188.0,SF,1.0,1.0,0.0,ShAdDafFr,18.0,1065.0,17.0,1056.0,FTP
1720731612.881264,CeDYe62TaUVLagMCrb,192.168.1.6,38018.0,192.168.1.4,21.0,tcp,8.97547698020935,156.0,188.0,SF,1.0,1.0,0.0,ShAdDafFr,18.0,1100.0,17.0,1056.0,FTP
1720731554.666718,CjnQKU1EpHlxGJ9j2l,192.168.1.6,35518.0,192.168.1.4,21.0,tcp,9.901782035827637,144.0,188.0,SF,1.0,1.0,0.0,ShAdDafFr,18.0,1088.0,17.0,1056.0,FTP
1720728219.975114,CjM7vH1qT17CSN7qE4,192.168.1.4,47926.0,18.238.4.53,443.0,tcp,9.901782035827637,144.0,188.0,SF,1.0,1.0,0.0,ShAdDafFr,18.0,1088.0,17.0,1056.0,HTTPS
1720728306.196108,C2HElf3GNH75HFAg5b,192.168.1.4,56304.0,142.251.40.196,443.0,tcp,9.901782035827637,144.0,188.0,SF,1.0,1.0,0.0,IIiiiIhhhHHhH,18.0,1088.0,17.0,1056.0,HTTPS
1720728738.068067,Czq1M84llFcuD7ztZ5,192.168.1.6,49724.0,192.168.1.4,21.0,tcp,9.839088916778564,119.0,188.0,SF,1.0,1.0,0.0,ShAdDafrF,18.0,1063.0,17.0,1056.0,FTP
1720729933.233504,CIUKSyEDF2WLfeo5f,192.168.1.4,45082.0,192.168.1.1,53.0,udp,9.839088916778564,119.0,188.0,SF,1.0,1.0,0.0,ShAdDafrF,18.0,1063.0,17.0,1056.0,DNS
1720729356.326742,CLtrdD2Ezu4xYih1kl,192.168.1.6,48478.0,192.168.1.4,21.0,tcp,9.920786142349243,112.0,188.0,SF,1.0,1.0,0.0,ShAdDafrF,18.0,1056.0,17.0,1056.0,FTP
1720728388.831657,CTwh5fwUyPjv7GMp2,192.168.1.6,56574.0,192.168.1.4,21.0,tcp,10.791234016418455,118.0,188.0,SF,1.0,1.0,0.0,ShAdDafrF,18.0,1062.0,17.0,1056.0,FTP
1720731621.856837,CdQayTKD304vJfj6k,192.168.1.6,45204.0,192.168.1.4,21.0,tcp,9.159306049346924,166.0,188.0,SF,1.0,1.0,0.0,ShAdDafrF,18.0,1110.0,17.0,1056.0,FTP
1720730138.462087,CXghFe3mXQMlxNTqHf,192.168.1.6,57462.0,192.168.1.4,21.0,tcp,10.239368200302124,126.0,188.0,SF,1.0,1.0,0.0,ShAdDafrF,18.0,1070.0,17.0,1056.0,FTP
1720731583.481181,CD9Ew035UUtBCf6AX2,192.168.1.6,47664.0,192.168.1.4,21.0,tcp,10.03171420097351,151.0,188.0,SF,1.0,1.0,0.0,ShAdDafrF,18.0,1095.0,17.0,1056.0,FTP
1720728915.100061,CvpFAz4VBBYVImwJg7,192.168.1.6,50498.0,192.168.1.4,21.0,tcp,9.2566020488739,137.0,188.0,SF,1.0,1.0,0.0,ShAdDafrF,18.0,1081.0,17.0,1056.0,FTP
1720728035.181581,CRT1pO3CngB3w3yCWb,192.168.1.4,50036.0,23.212.249.80,443.0,tcp,9.2566020488739,137.0,188.0,SF,1.0,1.0,0.0,ShAdDafrF,18.0,1081.0,17.0,1056.0,HTTPS
1720728096.379029,CG3KGE3HHZ51a7kcB9,192.168.1.4,52697.0,192.168.1.1,53.0,udp,9.2566020488739,137.0,188.0,SF,1.0,1.0,0.0,ShAdDafrF,18.0,1081.0,17.0,1056.0,DNS
1720730867.461667,CXAqWfhprqTCbE4rc,192.168.1.6,39120.0,192.168.1.4,21.0,tcp,10.012192964553831,123.0,188.0,SF,1.0,1.0,0.0,ShAdDafFr,18.0,1067.0,17.0,1056.0,FTP
1720727915.213777,CfQtwciJL0PzDpyUb,192.168.1.4,36378.0,192.168.1.1,53.0,udp,0.001250028610229,50.0,115.0,SF,1.0,1.0,0.0,Dd,1.0,78.0,1.0,143.0,DNS
1720727790.853589,C7Yral316i9jFXJxkb,192.168.1.4,60830.0,192.168.1.1,53.0,udp,0.001718997955322,41.0,252.0,SF,1.0,1.0,0.0,Dd,1.0,69.0,1.0,280.0,DNS
1720727765.848637,CEkKNx26s09BeXxNK9,192.168.1.4,38013.0,192.168.1.1,53.0,udp,0.001718997955322,41.0,252.0,SF,1.0,1.0,0.0,Dd,1.0,69.0,1.0,280.0,DNS
1720728100.870077,CouPMx2evXnHPsplxa,192.168.1.6,39984.0,192.168.1.4,21.0,tcp,10.052950143814089,117.0,188.0,SF,1.0,1.0,0.0,ShAdDafrF,18.0,1061.0,17.0,1056.0,FTP
1720727854.033469,C3a4xE1XcuAe5z36ck,192.168.1.4,35909.0,192.168.1.1,53.0,udp,10.052950143814089,117.0,188.0,SF,1.0,1.0,0.0,ShAdDafrF,18.0,1061.0,17.0,1056.0,DNS
1720727914.250675,Ch8wZc4Mkg9YI2Ig74,192.168.1.4,38366.0,192.168.1.1,53.0,udp,10.052950143814089,117.0,188.0,SF,1.0,1.0,0.0,ShAdDafrF,18.0,1061.0,17.0,1056.0,DNS
1720728245.150795,CnWKSO9YK59IjDSHl,192.168.1.4,35092.0,13.107.3.128,443.0,udp,10.052950143814089,117.0,188.0,SF,1.0,1.0,0.0,ShAdDafrF,18.0,1061.0,17.0,1056.0,HTTPS
1720727943.73602,CxPaqUvPJJ7EpvG7,192.168.1.4,32770.0,34.120.195.249,443.0,udp,10.052950143814089,117.0,188.0,SF,1.0,1.0,0.0,IIiishhHH,18.0,1061.0,17.0,1056.0,HTTPS
1720730750.556952,CRX8jI1TMsQoHxba35,192.168.1.6,60528.0,192.168.1.4,21.0,tcp,9.163265943527222,138.0,188.0,SF,1.0,1.0,0.0,ShAdDafFr,18.0,1082.0,17.0,1056.0,FTP
1720729709.649318,CXgRDm45agjMZ844t9,192.168.1.6,47972.0,192.168.1.4,21.0,tcp,10.040203094482422,107.0,188.0,SF,1.0,1.0,0.0,ShAdDafrF,18.0,1051.0,17.0,1056.0,FTP
1720727794.102835,CSID9wgVOpdjGKfd5,192.168.1.4,39554.0,192.168.1.1,53.0,udp,0.001410007476806,46.0,106.0,SF,1.0,1.0,0.0,Dd,1.0,74.0,1.0,134.0,DNS
1720729591.551589,CqPsZu24UvWMPbkYVa,192.168.1.6,52544.0,192.168.1.4,21.0,tcp,10.111407041549684,111.0,188.0,SF,1.0,1.0,0.0,ShAdDafrF,18.0,1055.0,17.0,1056.0,FTP
1720731245.870772,CkTYrM1BafsloC53C,192.168.1.6,36272.0,192.168.1.4,21.0,tcp,9.991394996643066,153.0,188.0,SF,1.0,1.0,0.0,ShAdDafrF,18.0,1097.0,17.0,1056.0,FTP
1720731016.872072,CPPnuu1786O0yBgCo2,192.168.1.6,35520.0,192.168.1.4,21.0,tcp,10.12245798110962,121.0,188.0,SF,1.0,1.0,0.0,ShAdDafrF,18.0,1065.0,17.0,1056.0,FTP
1720728245.097051,Cdipsn28GUZMfpvPm4,192.168.1.4,58070.0,104.104.72.162,443.0,tcp,10.12245798110962,121.0,188.0,SF,1.0,1.0,0.0,ShAdDafrF,18.0,1065.0,17.0,1056.0,HTTPS
1720727777.402286,CX6TFI1WhWuKnzEIK,192.168.1.6,35274.0,192.168.1.4,21.0,tcp,9.427312850952148,118.0,188.0,SF,1.0,1.0,0.0,ShAdDafFr,18.0,1062.0,17.0,1056.0,FTP
1720731745.23113,CIruxG1Sjlboy4AFU6,192.168.1.6,40400.0,192.168.1.4,21.0,tcp,10.619156122207642,159.0,188.0,SF,1.0,1.0,0.0,ShAdDafrF,18.0,1103.0,17.0,1056.0,FTP
1720728155.758944,CLReJ01jgUS6Fx2wQ,192.168.1.4,56612.0,23.205.106.158,443.0,tcp,52.99789690971375,2501.0,4749.0,SF,1.0,0.0,0.0,ShADadFRf,13.0,3161.0,12.0,5381.0,HTTPS
1720731806.438619,C4BzMv4OBHGU5DEkVa,192.168.1.6,34936.0,192.168.1.4,21.0,tcp,11.363692045211792,158.0,188.0,SF,1.0,1.0,0.0,ShAdDafrF,18.0,1102.0,17.0,1056.0,FTP
1720731308.355609,CMARxe17nehSQuV787,192.168.1.6,55930.0,192.168.1.4,21.0,tcp,10.11525297164917,180.0,188.0,SF,1.0,1.0,0.0,ShAdDafrF,18.0,1124.0,17.0,1056.0,FTP
1720731216.579956,CjbPAz40My07TqSFc,192.168.1.6,51930.0,192.168.1.4,21.0,tcp,10.030194997787476,113.0,188.0,SF,1.0,1.0,0.0,ShAdDafFr,18.0,1057.0,17.0,1056.0,FTP
1720729047.768826,CWONe03VdKywBZ6yIg,192.168.1.6,55992.0,192.168.1.4,21.0,tcp,10.063333988189695,126.0,188.0,SF,1.0,1.0,0.0,ShAdDafFr,18.0,1070.0,17.0,1056.0,FTP
1720727885.433069,Ci7bEtqXWpD1hWUtf,192.168.1.4,43010.0,18.204.162.238,443.0,tcp,10.063333988189695,126.0,188.0,SF,1.0,1.0,0.0,ShAdDafFr,18.0,1070.0,17.0,1056.0,HTTPS
1720728381.56325,CBBWZb27WPjfcPNFNd,192.168.1.6,56952.0,192.168.1.4,21.0,tcp,10.907928943634031,118.0,188.0,SF,1.0,1.0,0.0,ShAdDafrF,18.0,1062.0,17.0,1056.0,FTP
1720729854.898839,CZvIJqO3KA7f6SJFe,192.168.1.6,47804.0,192.168.1.4,21.0,tcp,9.615106105804443,127.0,188.0,SF,1.0,1.0,0.0,ShAdDafrF,18.0,1071.0,17.0,1056.0,FTP
1720727885.310441,CemzCN2aBcJ1gxyeif,192.168.1.4,60959.0,142.251.40.110,443.0,udp,0.106849908828735,5172.0,4428.0,SF,1.0,0.0,0.0,Dd,10.0,5452.0,11.0,4736.0,HTTPS
1720728096.847526,Corhpw4uUgNyFSORq3,192.168.1.4,45076.0,192.168.1.1,53.0,udp,0.106849908828735,5172.0,4428.0,SF,1.0,0.0,0.0,Dd,10.0,5452.0,11.0,4736.0,DNS
1720728216.25276,CCOeeJ2iXn09nm1wz7,192.168.1.4,49498.0,192.168.1.1,53.0,udp,0.01483416557312,47.0,412.0,SF,1.0,1.0,0.0,Dd,1.0,75.0,1.0,440.0,DNS
1720727766.720073,C2Q5X9KlzNkYjwvt8,192.168.1.4,33197.0,192.168.1.1,53.0,udp,0.01483416557312,47.0,412.0,SF,1.0,1.0,0.0,Dd,1.0,75.0,1.0,440.0,DNS
1720731317.223266,CNpmupzqo7WTX9sz9,192.168.1.6,34616.0,192.168.1.4,21.0,tcp,10.67092514038086,169.0,188.0,SF,1.0,1.0,0.0,ShAdDafrF,18.0,1113.0,17.0,1056.0,FTP
1720728320.899636,Cg1PTL19HGs5Rpwuj6,192.168.1.6,35726.0,192.168.1.4,21.0,tcp,10.445668935775757,118.0,188.0,SF,1.0,1.0,0.0,ShAdDafrF,18.0,1062.0,17.0,1056.0,FTP
1720729615.708259,CFPDVz4TDp8HJReNb9,192.168.1.6,47586.0,192.168.1.4,21.0,tcp,8.385671854019165,113.0,188.0,SF,1.0,1.0,0.0,ShAdDafrF,18.0,1057.0,17.0,1056.0,FTP
1720727916.238236,CFjpHnHhfsJMLxb15,192.168.1.4,50657.0,192.168.1.1,53.0,udp,8.385671854019165,113.0,188.0,SF,1.0,1.0,0.0,ShAdDafrF,18.0,1057.0,17.0,1056.0,DNS
1720731613.562767,CIUDas4apjj3xrGkQ7,192.168.1.6,45074.0,192.168.1.4,21.0,tcp,10.19902801513672,163.0,188.0,SF,1.0,1.0,0.0,ShAdDafrF,18.0,1107.0,17.0,1056.0,FTP
1720729299.195686,CZ3zhyrtlORinkY9a,192.168.1.6,45744.0,192.168.1.4,21.0,tcp,9.769012928009031,148.0,188.0,SF,1.0,1.0,0.0,ShAdDafrF,18.0,1092.0,17.0,1056.0,FTP
1720728035.369742,Cti8DFUOnJRLwmsCk,192.168.1.4,44315.0,192.168.1.1,53.0,udp,0.094571113586425,47.0,295.0,SF,1.0,1.0,0.0,Dd,1.0,75.0,1.0,323.0,DNS
1720728076.34601,CFpaC046JkXzdYYC64,192.168.1.6,52058.0,192.168.1.4,21.0,tcp,9.88301396369934,118.0,188.0,SF,1.0,1.0,0.0,ShAdDafrF,18.0,1062.0,17.0,1056.0,FTP
1720730832.290134,C2TXZg6vRTHRtsMl,192.168.1.6,34370.0,192.168.1.4,21.0,tcp,9.11772394180298,135.0,188.0,SF,1.0,1.0,0.0,ShAdDafrF,18.0,1079.0,17.0,1056.0,FTP
1720729606.508468,CizHn61O3RLQWGaYhb,192.168.1.6,48564.0,192.168.1.4,21.0,tcp,9.217581033706663,108.0,188.0,SF,1.0,1.0,0.0,ShAdDafFr,18.0,1052.0,17.0,1056.0,FTP
1720730628.470458,CybGRjqdAzsuGuATf,192.168.1.6,45134.0,192.168.1.4,21.0,tcp,10.721958875656128,120.0,188.0,SF,1.0,1.0,0.0,ShAdDafrF,18.0,1064.0,17.0,1056.0,FTP
1720729823.627993,CsdH4tfO7KMxIy0Bf,192.168.1.6,34294.0,192.168.1.4,21.0,tcp,10.453312873840332,122.0,188.0,SF,1.0,1.0,0.0,ShAdDafrF,18.0,1066.0,17.0,1056.0,FTP
1720731318.452328,CIDbAk1zqw5Tvv7wF9,192.168.1.6,34700.0,192.168.1.4,21.0,tcp,10.901777982711792,158.0,188.0,SF,1.0,1.0,0.0,ShAdDafrF,18.0,1102.0,17.0,1056.0,FTP
1720730660.335012,CnjfOk2fzJ8V7Umtfl,192.168.1.6,44734.0,192.168.1.4,21.0,tcp,10.433336019515991,126.0,188.0,SF,1.0,1.0,0.0,ShAdDafrF,18.0,1070.0,17.0,1056.0,FTP
1720729532.207366,C7Zz8o4aedkSfisQIj,192.168.1.6,56960.0,192.168.1.4,21.0,tcp,10.199645042419434,116.0,188.0,SF,1.0,1.0,0.0,ShAdDafFr,18.0,1060.0,17.0,1056.0,FTP
1720728106.181561,CF3Frj135Q1vV2XHCd,192.168.1.6,37152.0,192.168.1.4,21.0,tcp,10.106322050094604,118.0,188.0,SF,1.0,1.0,0.0,ShAdDafrF,18.0,1062.0,17.0,1056.0,FTP
1720727823.273602,CnswJf1lw4XYs6zbCk,192.168.1.4,44036.0,192.168.1.1,53.0,udp,10.106322050094604,118.0,188.0,SF,1.0,1.0,0.0,ShAdDafrF,18.0,1062.0,17.0,1056.0,DNS
1720728781.09829,CJF5cc4vgHwm6m17f8,192.168.1.6,41592.0,192.168.1.4,21.0,tcp,11.038522958755491,129.0,188.0,SF,1.0,1.0,0.0,ShAdDafrF,18.0,1073.0,17.0,1056.0,FTP
1720727927.04572,Cx4zy6399cr9qIEt5b,192.168.1.6,34036.0,192.168.1.4,21.0,tcp,10.036001920700071,118.0,188.0,SF,1.0,1.0,0.0,ShAdDafFr,18.0,1062.0,17.0,1056.0,FTP
1720727974.157336,C9SQIV2kRwQeeiilb,192.168.1.4,38184.0,204.235.147.206,443.0,tcp,234.59707307815552,2943.0,357641.0,SF,1.0,0.0,0.0,ShADadttFf,152.0,9187.0,160.0,371338.0,HTTPS
1720727805.985322,ChE3eO12OP7lcSDkfd,192.168.1.6,41952.0,192.168.1.4,21.0,tcp,9.889282941818236,118.0,188.0,SF,1.0,1.0,0.0,ShAdDafFr,18.0,1062.0,17.0,1056.0,FTP
1720727916.580754,Cyf4Gi4s5NulM1pUC4,192.168.1.4,39561.0,142.251.32.98,443.0,tcp,9.889282941818236,118.0,188.0,SF,1.0,1.0,0.0,IIiiiIhhhHHhH,18.0,1062.0,17.0,1056.0,HTTPS
1720728214.760021,CE4fMC3B3gCg7YPpee,192.168.1.4,46988.0,192.168.1.1,53.0,udp,0.142597913742065,40.0,391.0,SF,1.0,1.0,0.0,Dd,1.0,68.0,1.0,419.0,DNS
1720727885.311455,CYbEkx2SLX1DYFvJA9,192.168.1.4,40111.0,192.168.1.1,53.0,udp,0.142597913742065,40.0,391.0,SF,1.0,1.0,0.0,Dd,1.0,68.0,1.0,419.0,DNS
1720730713.948165,CvYPJg3z4fEBKTyRag,192.168.1.6,43914.0,192.168.1.4,21.0,tcp,9.200401067733765,146.0,188.0,SF,1.0,1.0,0.0,ShAdDafrF,18.0,1090.0,17.0,1056.0,FTP
1720729449.002568,CzmduPZqZlQI5xp5e,192.168.1.6,55622.0,192.168.1.4,21.0,tcp,11.026020050048828,129.0,188.0,SF,1.0,1.0,0.0,ShAdDafrF,18.0,1073.0,17.0,1056.0,FTP
1720731167.471532,Ch6FFo2g9Krm4MwYs6,192.168.1.6,41852.0,192.168.1.4,21.0,tcp,10.38047695159912,105.0,188.0,SF,1.0,1.0,0.0,ShAdDafFr,18.0,1049.0,17.0,1056.0,FTP
1720731544.884949,CbOp7w4ahEWYizBHoj,192.168.1.6,39660.0,192.168.1.4,21.0,tcp,9.781630039215088,142.0,188.0,SF,1.0,1.0,0.0,ShAdDafrF,18.0,1086.0,17.0,1056.0,FTP
1720728126.101655,CZIsXv4vKZ2vnvKtJ7,192.168.1.4,33705.0,192.168.1.1,53.0,udp,0.002019882202148,54.0,118.0,SF,1.0,1.0,0.0,Dd,1.0,82.0,1.0,146.0,DNS
1720727943.775233,C4qWZy2IUf1exsfa87,192.168.1.4,33150.0,104.16.148.244,443.0,udp,0.002019882202148,54.0,118.0,SF,1.0,1.0,0.0,Dd,1.0,82.0,1.0,146.0,HTTPS
1720730579.31756,CMSZ954jQOLw5YXph5,192.168.1.6,39548.0,192.168.1.4,21.0,tcp,9.599674940109251,125.0,188.0,SF,1.0,1.0,0.0,ShAdDafrF,18.0,1069.0,17.0,1056.0,FTP
1720727733.258264,ChwBxe4sdyXneRZpEh,192.168.1.4,56583.0,104.18.38.69,443.0,tcp,9.599674940109251,125.0,188.0,SF,1.0,1.0,0.0,IIiiiiIhhHH,18.0,1069.0,17.0,1056.0,HTTPS
1720728095.278688,C8miyhThoxKQZ6Dbh,192.168.1.4,49871.0,192.168.1.1,53.0,udp,0.055495023727416,45.0,145.0,SF,1.0,1.0,0.0,Dd,1.0,73.0,1.0,173.0,DNS
1720727642.913772,CkVfuygwEEi5yJFab,192.168.1.4,37124.0,23.205.106.154,443.0,tcp,300.83980798721313,4585.0,279730.0,SF,1.0,0.0,0.0,ShADadFfR,100.0,9769.0,146.0,287330.0,HTTPS
1720730539.64847,CGvwEqcixL0344kd8,192.168.1.6,58780.0,192.168.1.4,21.0,tcp,9.5540030002594,122.0,188.0,SF,1.0,1.0,0.0,ShAdDafrF,18.0,1066.0,17.0,1056.0,FTP
1720728190.324527,ClY1dT3YZ1MTVMf2Y9,192.168.1.4,38151.0,192.168.1.1,53.0,udp,0.001312971115112,80.0,150.0,SF,1.0,1.0,0.0,Dd,1.0,108.0,1.0,178.0,DNS
1720730728.110693,CBbTAl4SdZirlRLdtg,192.168.1.6,50872.0,192.168.1.4,21.0,tcp,9.961085081100464,128.0,188.0,SF,1.0,1.0,0.0,ShAdDafrF,18.0,1072.0,17.0,1056.0,FTP
1720730305.972862,C2MWcfgNjwc74irZf,192.168.1.6,50248.0,192.168.1.4,21.0,tcp,9.50295901298523,130.0,188.0,SF,1.0,1.0,0.0,ShAdDafFr,18.0,1074.0,17.0,1056.0,FTP
1720730369.309784,C6rpL63J0db4JqJy7j,192.168.1.6,44842.0,192.168.1.4,21.0,tcp,9.78049111366272,117.0,188.0,SF,1.0,1.0,0.0,ShAdDafrF,18.0,1061.0,17.0,1056.0,FTP
1720730847.808764,CNyaQt39xc6djrByD3,192.168.1.6,45058.0,192.168.1.4,21.0,tcp,9.408041954040527,122.0,188.0,SF,1.0,1.0,0.0,ShAdDafFr,18.0,1066.0,17.0,1056.0,FTP
1720730369.36733,CjQ0Ul28iJWpHyZCIa,192.168.1.6,44850.0,192.168.1.4,21.0,tcp,9.767834901809692,122.0,188.0,SF,1.0,1.0,0.0,ShAdDafFr,18.0,1066.0,17.0,1056.0,FTP
1720728154.581321,C3tCx12tDhkqhZv1R8,192.168.1.4,53901.0,192.168.1.1,53.0,udp,0.08270788192749,47.0,170.0,SF,1.0,1.0,0.0,Dd,1.0,75.0,1.0,198.0,DNS
1720731246.242927,CLYPkh4X5HRwI7nJt9,192.168.1.6,36328.0,192.168.1.4,21.0,tcp,9.981056928634644,160.0,188.0,SF,1.0,1.0,0.0,ShAdDafFr,18.0,1104.0,17.0,1056.0,FTP
1720728211.917904,CKCkHf4qzw2L5w8p8f,192.168.1.4,47899.0,192.168.1.1,53.0,udp,9.981056928634644,160.0,188.0,SF,1.0,1.0,0.0,ShAdDafFr,18.0,1104.0,17.0,1056.0,DNS
1720729783.746678,CljBAv23ixZoMvOz17,192.168.1.6,60712.0,192.168.1.4,21.0,tcp,10.667902946472168,119.0,188.0,SF,1.0,1.0,0.0,ShAdDafFr,18.0,1063.0,17.0,1056.0,FTP
1720727944.615427,CyuCM04nWzpVZuxkA3,192.168.1.4,60766.0,54.163.15.9,443.0,tcp,59.89399194717407,3340.0,4095.0,SF,1.0,0.0,0.0,ShADadtfF,17.0,4244.0,18.0,5039.0,HTTPS
1720731704.007759,CZVvoK3cXol3otjYO3,192.168.1.6,52870.0,192.168.1.4,21.0,tcp,9.937869787216188,196.0,188.0,SF,1.0,1.0,0.0,ShAdDafrF,18.0,1140.0,17.0,1056.0,FTP
1720728064.598449,CdD2Bk2JIbZZePOdXb,192.168.1.4,50466.0,13.224.214.54,443.0,tcp,0.045753955841064,1861.0,6198.0,SF,1.0,0.0,0.0,ShADadFRfR,11.0,2405.0,10.0,6726.0,HTTPS
1720727856.308035,CQrRTtsUgnivXvU6c,192.168.1.4,40158.0,142.250.80.110,443.0,tcp,0.045753955841064,1861.0,6198.0,SF,1.0,0.0,0.0,ShADadFRfR,11.0,2405.0,10.0,6726.0,HTTPS
1720728085.307428,CtqTAs4xAiKMmrWnyb,192.168.1.4,56279.0,192.168.1.1,53.0,udp,0.045753955841064,1861.0,6198.0,SF,1.0,0.0,0.0,ShADadFRfR,11.0,2405.0,10.0,6726.0,DNS
1720727825.211313,CQOwkyL9zcoQQPeX4,192.168.1.4,60356.0,142.250.72.106,443.0,udp,0.045753955841064,1861.0,6198.0,SF,1.0,0.0,0.0,ShADadFRfR,11.0,2405.0,10.0,6726.0,HTTPS
1720728827.665867,CCfrbC40PUCjQarw4h,192.168.1.6,47954.0,192.168.1.4,21.0,tcp,9.783841848373411,121.0,188.0,SF,1.0,1.0,0.0,ShAdDafrF,18.0,1065.0,17.0,1056.0,FTP
1720729379.232384,CLedJ7u0Y1YqsiXch,192.168.1.6,47846.0,192.168.1.4,21.0,tcp,10.673311948776243,135.0,188.0,SF,1.0,1.0,0.0,ShAdDafrF,18.0,1079.0,17.0,1056.0,FTP
1720730789.56686,CLtkBeexsBjKNkfQ6,192.168.1.6,45434.0,192.168.1.4,21.0,tcp,9.505154132843018,140.0,188.0,SF,1.0,1.0,0.0,ShAdDafFr,18.0,1084.0,17.0,1056.0,FTP
1720728275.038579,CEXupg4mf4ygF2szE5,192.168.1.4,32967.0,192.168.1.1,53.0,udp,9.505154132843018,140.0,188.0,SF,1.0,1.0,0.0,ShAdDafFr,18.0,1084.0,17.0,1056.0,DNS
1720728211.841093,CILuBkiLIvu5UFgrh,192.168.1.4,39795.0,192.168.1.1,53.0,udp,0.002584934234619,81.0,151.0,SF,1.0,1.0,0.0,Dd,1.0,109.0,1.0,179.0,DNS
1720728096.293788,CMk6Hk3uIMH1xbDvqd,192.168.1.4,46739.0,192.168.1.1,53.0,udp,0.002584934234619,81.0,151.0,SF,1.0,1.0,0.0,Dd,1.0,109.0,1.0,179.0,DNS
1720730475.322015,C9MuzQcQBXqxHQmTd,192.168.1.6,50466.0,192.168.1.4,21.0,tcp,10.048588037490845,125.0,188.0,SF,1.0,1.0,0.0,ShAdDafFr,18.0,1069.0,17.0,1056.0,FTP
1720728543.997409,C5xkBo2Kk9Itt49012,192.168.1.6,33006.0,192.168.1.4,21.0,tcp,9.826112985610962,118.0,188.0,SF,1.0,1.0,0.0,ShAdDafrF,18.0,1062.0,17.0,1056.0,FTP
1720730584.822292,CDNNCp2dbuGbWF7BAl,192.168.1.6,34942.0,192.168.1.4,21.0,tcp,10.54025387763977,125.0,188.0,SF,1.0,1.0,0.0,ShAdDafrF,18.0,1069.0,17.0,1056.0,FTP
1720727913.784208,CEKwlV3632vPwQ6vj1,192.168.1.4,32768.0,18.238.4.118,443.0,tcp,60.07444095611572,1884.0,5021.0,SF,1.0,0.0,0.0,ShADadFf,12.0,2516.0,12.0,5653.0,HTTPS
1720729503.146233,C3Mpri44ZrS4HhL5Be,192.168.1.6,39500.0,192.168.1.4,21.0,tcp,10.26044487953186,116.0,188.0,SF,1.0,1.0,0.0,ShAdDafrF,18.0,1060.0,17.0,1056.0,FTP
1720729213.187941,C0vKTa9G3tSAZ3v41,192.168.1.6,40146.0,192.168.1.4,21.0,tcp,9.812541007995604,126.0,188.0,SF,1.0,1.0,0.0,ShAdDafrF,18.0,1070.0,17.0,1056.0,FTP
1720728245.063955,C1CGm81Hd2Yz56sLwk,192.168.1.4,55548.0,192.168.1.1,53.0,udp,0.015575885772705,51.0,476.0,SF,1.0,1.0,0.0,Dd,1.0,79.0,1.0,504.0,DNS
1720731211.470966,CofLGe3P2XzHPPj8Uk,192.168.1.6,58458.0,192.168.1.4,21.0,tcp,9.838802814483644,114.0,188.0,SF,1.0,1.0,0.0,ShAdDafrF,18.0,1058.0,17.0,1056.0,FTP
1720728305.962031,CmyFE8NmWg4Wraxq2,192.168.1.4,48058.0,192.168.1.1,53.0,udp,0.025530099868774,57.0,138.0,SF,1.0,1.0,0.0,Dd,1.0,85.0,1.0,166.0,DNS
1720730016.100148,CL6jTC3qo5VPyEvsm8,192.168.1.6,51546.0,192.168.1.4,21.0,tcp,9.733610153198242,133.0,188.0,SF,1.0,1.0,0.0,ShAdDafrF,18.0,1077.0,17.0,1056.0,FTP
1720731340.105469,CqIq7l3gWnOMuHHt4a,192.168.1.6,38404.0,192.168.1.4,21.0,tcp,9.678272008895874,183.0,188.0,SF,1.0,1.0,0.0,ShAdDafFr,18.0,1127.0,17.0,1056.0,FTP
1720731710.271896,CrR2to2EFqHS8Mk5X1,192.168.1.6,52940.0,192.168.1.4,21.0,tcp,10.663201093673706,164.0,188.0,SF,1.0,1.0,0.0,ShAdDafrF,18.0,1108.0,17.0,1056.0,FTP
1720729936.771729,C0W9dqVgoOO0l6SY7,192.168.1.6,47722.0,192.168.1.4,21.0,tcp,9.870384931564333,132.0,188.0,SF,1.0,1.0,0.0,ShAdDafrF,18.0,1076.0,17.0,1056.0,FTP
1720728274.991965,CkCpim2t8MytpqLQGg,192.168.1.4,53196.0,144.80.128.33,80.0,tcp,30.13283896446228,0.0,0.0,SF,1.0,0.0,0.0,ShAfFa,4.0,216.0,3.0,164.0,HTTP
1720727763.130651,C6aDQg1efRfxqQLfMl,192.168.1.4,34648.0,192.168.1.1,53.0,udp,0.016413927078247,63.0,176.0,SF,1.0,1.0,0.0,Dd,1.0,91.0,1.0,204.0,DNS
1720727734.882157,CEt1HI3iyJFRyem7S6,192.168.1.4,52018.0,142.250.65.163,443.0,udp,0.191285848617553,5107.0,58251.0,SF,1.0,0.0,0.0,Dd,28.0,5891.0,51.0,59679.0,HTTPS
1720731927.879161,CzjqQp4VsYGp3NFdGc,192.168.1.6,37618.0,192.168.1.4,21.0,tcp,10.103827238082886,177.0,188.0,SF,1.0,1.0,0.0,ShAdDafFr,18.0,1121.0,17.0,1056.0,FTP
1720728631.498108,CITTv83tW09VSwqVKb,192.168.1.6,36776.0,192.168.1.4,21.0,tcp,11.260523080825806,134.0,188.0,SF,1.0,1.0,0.0,ShAdDafrF,18.0,1078.0,17.0,1056.0,FTP
1720731108.047076,CNOJcL3aDIEZltRB6,192.168.1.6,40434.0,192.168.1.4,21.0,tcp,10.403656005859377,114.0,188.0,SF,1.0,1.0,0.0,ShAdDafrF,18.0,1058.0,17.0,1056.0,FTP
1720728521.968088,Ckw3aQ244pMqkCZ1L2,192.168.1.6,48404.0,192.168.1.4,21.0,tcp,10.039303064346312,114.0,188.0,SF,1.0,1.0,0.0,ShAdDafrF,18.0,1058.0,17.0,1056.0,FTP
1720727915.062377,CHFjgt1HQBC17nwsXe,192.168.1.4,47732.0,142.251.41.3,443.0,tcp,240.2325029373169,2665.0,35156.0,SF,1.0,0.0,0.0,ShADadFf,37.0,4597.0,46.0,37556.0,HTTPS
1720728326.33557,CUb18F2uPQRq2Xwp3,192.168.1.6,52200.0,192.168.1.4,21.0,tcp,9.9700448513031,118.0,188.0,SF,1.0,1.0,0.0,ShAdDafrF,18.0,1062.0,17.0,1056.0,FTP
1720730894.230751,CPG0fG2VVOwELl9eRl,192.168.1.6,46372.0,192.168.1.4,21.0,tcp,10.385123014450071,121.0,188.0,SF,1.0,1.0,0.0,ShAdDafrF,18.0,1065.0,17.0,1056.0,FTP
1720730317.839196,CftgtH37K1DdLaYEtk,192.168.1.6,39150.0,192.168.1.4,21.0,tcp,9.777728080749512,125.0,188.0,SF,1.0,1.0,0.0,ShAdDafFr,18.0,1069.0,17.0,1056.0,FTP
1720730718.105581,Cw5lxe2F6R5sIK1uxk,192.168.1.6,43940.0,192.168.1.4,21.0,tcp,10.15249490737915,124.0,188.0,SF,1.0,1.0,0.0,ShAdDafFr,18.0,1068.0,17.0,1056.0,FTP
1720729158.138949,CfmSWs1ZX0xLQ8vYvj,192.168.1.6,45834.0,192.168.1.4,21.0,tcp,9.165843963623049,119.0,188.0,SF,1.0,1.0,0.0,ShAdDafFr,18.0,1063.0,17.0,1056.0,FTP
1720729321.95902,C0qfsX0GX46CFzzS5,192.168.1.6,33654.0,192.168.1.4,21.0,tcp,10.02604603767395,113.0,188.0,SF,1.0,1.0,0.0,ShAdDafrF,18.0,1057.0,17.0,1056.0,FTP
1720728185.111729,C9Xsr7eP3OLrGkl46,192.168.1.4,34835.0,192.168.1.1,53.0,udp,10.02604603767395,113.0,188.0,SF,1.0,1.0,0.0,ShAdDafrF,18.0,1057.0,17.0,1056.0,DNS
1720730408.634776,Ch0mKl16iTPPXww3Mh,192.168.1.6,55440.0,192.168.1.4,21.0,tcp,9.113715887069702,121.0,188.0,SF,1.0,1.0,0.0,ShAdDafrF,18.0,1065.0,17.0,1056.0,FTP
1720728990.599195,CIZqFw1NIEY6Pia0a9,192.168.1.6,34098.0,192.168.1.4,21.0,tcp,10.250354051589966,118.0,188.0,SF,1.0,1.0,0.0,ShAdDafFr,18.0,1062.0,17.0,1056.0,FTP
1720728306.158539,CekrgB277vHR08tuZ9,192.168.1.4,34990.0,192.168.1.1,53.0,udp,0.024142980575561,41.0,388.0,SF,1.0,1.0,0.0,Dd,1.0,69.0,1.0,416.0,DNS
1720728125.357508,CNYudU1vtCdYWE5VD3,192.168.1.4,51096.0,142.250.65.163,443.0,udp,0.072242975234985,3980.0,8573.0,SF,1.0,0.0,0.0,Dd,6.0,4148.0,9.0,8825.0,HTTPS
1720727915.680082,CyHZ991jfMafDOOn6,192.168.1.4,58376.0,192.168.1.1,53.0,udp,0.007107973098754,58.0,145.0,SF,1.0,1.0,0.0,Dd,1.0,86.0,1.0,173.0,DNS
1720730673.290341,C3Omok4o1IOF0Qj4m6,192.168.1.6,42190.0,192.168.1.4,21.0,tcp,9.984016180038452,121.0,188.0,SF,1.0,1.0,0.0,ShAdDafrF,18.0,1065.0,17.0,1056.0,FTP
1720730270.838381,CTWQUs1oVKfYFulwxf,192.168.1.6,45422.0,192.168.1.4,21.0,tcp,10.411020040512083,122.0,188.0,SF,1.0,1.0,0.0,ShAdDafrF,18.0,1066.0,17.0,1056.0,FTP
1720729798.253739,C7LBOw3ALW6sVgdRji,192.168.1.6,54300.0,192.168.1.4,21.0,tcp,9.59964895248413,113.0,188.0,SF,1.0,1.0,0.0,ShAdDafrF,18.0,1057.0,17.0,1056.0,FTP
1720727913.250312,C8IAg23ghwf95Mfu16,192.168.1.6,39826.0,192.168.1.4,21.0,tcp,10.423902988433838,118.0,188.0,SF,1.0,1.0,0.0,ShAdDafFr,18.0,1062.0,17.0,1056.0,FTP
1720728422.888956,CDXagi3xBH5DcDHPyh,192.168.1.6,47106.0,192.168.1.4,21.0,tcp,9.31704592704773,116.0,188.0,SF,1.0,1.0,0.0,ShAdDafFr,18.0,1060.0,17.0,1056.0,FTP
1720729420.266715,Ck7Cav3Hetx0SFbDZh,192.168.1.6,36242.0,192.168.1.4,21.0,tcp,10.284860849380491,126.0,188.0,SF,1.0,1.0,0.0,ShAdDafFr,18.0,1070.0,17.0,1056.0,FTP
1720731612.796716,CAmttfvmdIveR0LB,192.168.1.6,37978.0,192.168.1.4,21.0,tcp,8.9633469581604,154.0,188.0,SF,1.0,1.0,0.0,ShAdDafFr,18.0,1098.0,17.0,1056.0,FTP
1720730325.913066,CMlKN428GiEU7zwWd2,192.168.1.6,57406.0,192.168.1.4,21.0,tcp,11.216447114944458,118.0,188.0,SF,1.0,1.0,0.0,ShAdDafrF,18.0,1062.0,17.0,1056.0,FTP
1720730891.740106,CCWE8C4ifBh7vzi5w,192.168.1.6,43438.0,192.168.1.4,21.0,tcp,10.18214988708496,119.0,188.0,SF,1.0,1.0,0.0,ShAdDafrF,18.0,1063.0,17.0,1056.0,FTP
1720729965.069973,CaR8jq1FLCOliY6rj9,192.168.1.6,36182.0,192.168.1.4,21.0,tcp,10.197496891021729,119.0,188.0,SF,1.0,1.0,0.0,ShAdDafrF,18.0,1063.0,17.0,1056.0,FTP
1720728021.573088,CM8qzRXL8WOuOm1Cc,192.168.1.6,55480.0,192.168.1.4,21.0,tcp,10.30929398536682,117.0,188.0,SF,1.0,1.0,0.0,ShAdDafrF,18.0,1061.0,17.0,1056.0,FTP
1720728192.023517,CUPtQn4dA9vuC3ckba,192.168.1.6,42778.0,192.168.1.4,21.0,tcp,10.788969993591309,117.0,188.0,SF,1.0,1.0,0.0,ShAdDafrF,18.0,1061.0,17.0,1056.0,FTP
1720730371.075711,C1zJ3b3Jlm5JIvBiof,192.168.1.6,44882.0,192.168.1.4,21.0,tcp,10.228596925735474,127.0,188.0,SF,1.0,1.0,0.0,ShAdDafrF,18.0,1071.0,17.0,1056.0,FTP
1720729773.065865,CaPqdj25agrPsxTil9,192.168.1.6,46670.0,192.168.1.4,21.0,tcp,9.982501983642578,114.0,188.0,SF,1.0,1.0,0.0,ShAdDafrF,18.0,1058.0,17.0,1056.0,FTP
1720729236.908039,CKUB443vAVcp6Uqfeg,192.168.1.6,38342.0,192.168.1.4,21.0,tcp,9.579478979110718,134.0,188.0,SF,1.0,1.0,0.0,ShAdDafrF,18.0,1078.0,17.0,1056.0,FTP
1720727914.527226,Cm1Y3u1gkq746PzvFi,192.168.1.4,59936.0,192.168.1.1,53.0,udp,0.003046035766601,58.0,139.0,SF,1.0,1.0,0.0,Dd,1.0,86.0,1.0,167.0,DNS
1720727824.976237,COanm534j0TZAq9hWc,192.168.1.4,58147.0,192.168.1.1,53.0,udp,0.003046035766601,58.0,139.0,SF,1.0,1.0,0.0,Dd,1.0,86.0,1.0,167.0,DNS
1720730447.566498,CkGJCq2PGT2rmlhhyc,192.168.1.6,44168.0,192.168.1.4,21.0,tcp,9.659196853637695,131.0,188.0,SF,1.0,1.0,0.0,ShAdDafFr,18.0,1075.0,17.0,1056.0,FTP
1720729104.78618,Cn2sNu3Iwmw7B8uAAj,192.168.1.6,46606.0,192.168.1.4,21.0,tcp,10.870100021362305,117.0,188.0,SF,1.0,1.0,0.0,ShAdDafrF,18.0,1061.0,17.0,1056.0,FTP
1720730933.099917,CtZ1jZnjrWqFKL3Ja,192.168.1.6,40676.0,192.168.1.4,21.0,tcp,10.870238065719604,141.0,188.0,SF,1.0,1.0,0.0,ShAdDafrF,18.0,1085.0,17.0,1056.0,FTP
1720731613.820654,C6xGc92QM0dCgMSt99,192.168.1.6,45126.0,192.168.1.4,21.0,tcp,10.177968978881836,159.0,188.0,SF,1.0,1.0,0.0,ShAdDafrF,18.0,1103.0,17.0,1056.0,FTP
1720727758.85426,C4ec9w3rxl5tEN8Gbf,192.168.1.6,52130.0,192.168.1.4,21.0,tcp,9.85249400138855,118.0,188.0,SF,1.0,1.0,0.0,ShAdDafrF,18.0,1062.0,17.0,1056.0,FTP
1720728604.344974,Cz1ERq4nF5rgMCOQRl,192.168.1.6,34116.0,192.168.1.4,21.0,tcp,10.684377908706663,120.0,188.0,SF,1.0,1.0,0.0,ShAdDafrF,18.0,1064.0,17.0,1056.0,FTP
1720730847.84629,ClwFnxaqJsoUrZmGi,192.168.1.6,45090.0,192.168.1.4,21.0,tcp,9.390423774719238,132.0,188.0,SF,1.0,1.0,0.0,ShAdDafrF,18.0,1076.0,17.0,1056.0,FTP
1720730025.570282,CnEo5wmNOSQT6Wnmg,192.168.1.6,59176.0,192.168.1.4,21.0,tcp,9.852802038192747,130.0,188.0,SF,1.0,1.0,0.0,ShAdDafrF,18.0,1074.0,17.0,1056.0,FTP
1720728335.481748,CHIDKXaaVoitnI84e,192.168.1.4,52345.0,192.168.1.1,53.0,udp,0.043975830078125,46.0,441.0,SF,1.0,1.0,0.0,Dd,1.0,74.0,1.0,469.0,DNS
1720730297.414192,CPejw82OpXBLB0ubvd,192.168.1.6,44656.0,192.168.1.4,21.0,tcp,10.265953063964844,141.0,188.0,SF,1.0,1.0,0.0,ShAdDafFr,18.0,1085.0,17.0,1056.0,FTP
1720731784.392518,C05Tzz1U6pNYZY4lnh,192.168.1.6,55004.0,192.168.1.4,21.0,tcp,10.830469846725464,171.0,188.0,SF,1.0,1.0,0.0,ShAdDafrF,18.0,1115.0,17.0,1056.0,FTP
1720728216.261084,CtLcq82h0naCXPdDg2,192.168.1.4,55216.0,162.159.133.233,443.0,tcp,0.042650938034057,1888.0,3797.0,SF,1.0,0.0,0.0,ShADadFRfR,9.0,2340.0,7.0,4169.0,HTTPS
1720728456.435557,C7rSUE18fJSl5dIhc5,192.168.1.6,55998.0,192.168.1.4,21.0,tcp,8.910491228103638,117.0,188.0,SF,1.0,1.0,0.0,ShAdDafrF,18.0,1061.0,17.0,1056.0,FTP
1720729538.134143,CoIjTquuodDdQfvj8,192.168.1.6,37724.0,192.168.1.4,21.0,tcp,10.34111189842224,120.0,188.0,SF,1.0,1.0,0.0,ShAdDafrF,18.0,1064.0,17.0,1056.0,FTP
1720731818.853649,CMwGq34sAwkEyqe3q9,192.168.1.6,42374.0,192.168.1.4,21.0,tcp,10.767656087875366,159.0,188.0,SF,1.0,1.0,0.0,ShAdDafrF,18.0,1103.0,17.0,1056.0,FTP
1720729906.225663,CRqc0i1TeKBtYq7aib,192.168.1.6,43492.0,192.168.1.4,21.0,tcp,9.440415143966677,123.0,188.0,SF,1.0,1.0,0.0,ShAdDafFr,18.0,1067.0,17.0,1056.0,FTP
1720728096.972465,ClT5d4y6Rzq4YfQ1,192.168.1.4,60230.0,192.168.1.1,53.0,udp,9.440415143966677,123.0,188.0,SF,1.0,1.0,0.0,ShAdDafFr,18.0,1067.0,17.0,1056.0,DNS
1720728306.035683,CdP1OC3SlY3JfRtESb,192.168.1.4,52690.0,192.168.1.1,53.0,udp,0.012094974517822,56.0,315.0,SF,1.0,1.0,0.0,Dd,1.0,84.0,1.0,343.0,DNS
1720729789.509409,CcMIAn42mKRYuM4aD5,192.168.1.6,60820.0,192.168.1.4,21.0,tcp,10.060117959976196,113.0,188.0,SF,1.0,1.0,0.0,ShAdDafrF,18.0,1057.0,17.0,1056.0,FTP
1720727853.950088,CMOTSH1hNc8C9rHog8,192.168.1.4,53090.0,192.168.1.1,53.0,udp,0.034432888031005,46.0,301.0,SF,1.0,1.0,0.0,Dd,1.0,74.0,1.0,329.0,DNS
1720730757.96185,CyyaCtLH8sW2S1k6k,192.168.1.6,50860.0,192.168.1.4,21.0,tcp,9.990363121032717,134.0,188.0,SF,1.0,1.0,0.0,ShAdDafrF,18.0,1078.0,17.0,1056.0,FTP
1720728311.027645,CAf3BI2AfryadFOTK8,192.168.1.6,45740.0,192.168.1.4,21.0,tcp,9.852998971939089,118.0,188.0,SF,1.0,1.0,0.0,ShAdDafrF,18.0,1062.0,17.0,1056.0,FTP
1720728268.744295,Coe00w1NJCw15hZo36,192.168.1.6,34696.0,192.168.1.4,21.0,tcp,10.368680000305176,118.0,188.0,SF,1.0,1.0,0.0,ShAdDafrF,18.0,1062.0,17.0,1056.0,FTP
1720728665.267005,Cvy2sr4YmqzvkL9Yu7,192.168.1.6,34222.0,192.168.1.4,21.0,tcp,9.9373140335083,137.0,188.0,SF,1.0,1.0,0.0,ShAdDafFr,18.0,1081.0,17.0,1056.0,FTP
1720727673.965768,CL9mE8PdrRsYQtLu6,192.168.1.4,46944.0,104.22.30.130,443.0,tcp,400.4039149284363,2495.0,5392.0,SF,1.0,0.0,0.0,ShADadFf,23.0,3699.0,23.0,6596.0,HTTPS
1720729410.642986,C9qmwPuAsnNyuYbQ7,192.168.1.6,36842.0,192.168.1.4,21.0,tcp,9.63546085357666,121.0,188.0,SF,1.0,1.0,0.0,ShAdDafrF,18.0,1065.0,17.0,1056.0,FTP
1720727767.309176,CPDuWv2XYyjPhcz7M1,192.168.1.4,50644.0,192.168.1.1,53.0,udp,9.63546085357666,121.0,188.0,SF,1.0,1.0,0.0,ShAdDafrF,18.0,1065.0,17.0,1056.0,DNS
1720727765.824223,CkN8uG1v8LlP8Hr39i,192.168.1.4,56930.0,192.168.1.1,53.0,udp,0.000545978546142,50.0,50.0,SF,1.0,1.0,0.0,Dd,1.0,78.0,1.0,78.0,DNS
1720731444.113705,CkxriquH00ThsBDDf,192.168.1.6,58826.0,192.168.1.4,21.0,tcp,10.299169063568115,156.0,188.0,SF,1.0,1.0,0.0,ShAdDafrF,18.0,1100.0,17.0,1056.0,FTP
1720728245.112093,CCIzeyOtMmJGjB92d,192.168.1.4,58068.0,104.104.72.162,443.0,tcp,0.0,156.0,188.0,SF,0.0,1.0,0.0,ShAdDafrF,18.0,1100.0,17.0,1056.0,HTTPS
1720727765.771835,CvAeaV3vXzZ8Kphhp,192.168.1.4,36096.0,104.96.221.83,443.0,tcp,300.54975390434265,2573.0,7075.0,SF,1.0,0.0,0.0,ShADadFfR,19.0,3545.0,19.0,8071.0,HTTPS
1720729162.929842,Ctd6YS2D0OEDKIJkPj,192.168.1.6,45908.0,192.168.1.4,21.0,tcp,10.288038969039915,112.0,188.0,SF,1.0,1.0,0.0,ShAdDafFr,18.0,1056.0,17.0,1056.0,FTP
1720727825.272168,CPms7u31vh6dEj1jng,192.168.1.4,46610.0,192.168.1.1,53.0,udp,0.002551078796386,44.0,329.0,SF,1.0,1.0,0.0,Dd,1.0,72.0,1.0,357.0,DNS
1720729386.52645,CgKUb61GIMwNXT7xXe,192.168.1.6,36124.0,192.168.1.4,21.0,tcp,10.18496298789978,120.0,188.0,SF,1.0,1.0,0.0,ShAdDafrF,18.0,1064.0,17.0,1056.0,FTP
1720728034.167549,Cfoudv15nzWqvdQbPg,192.168.1.4,35774.0,144.118.67.10,443.0,tcp,60.16147208213806,1784.0,6405.0,SF,1.0,0.0,0.0,ShADadFf,10.0,2312.0,9.0,6881.0,HTTPS
1720728134.784267,CvXnb2tnYj7bvaC58,192.168.1.6,37272.0,192.168.1.4,21.0,tcp,9.368042945861816,118.0,188.0,SF,1.0,1.0,0.0,ShAdDafrF,18.0,1062.0,17.0,1056.0,FTP
1720730779.36325,CfACpD2BMMrduAE9Jk,192.168.1.6,58032.0,192.168.1.4,21.0,tcp,10.25993299484253,126.0,188.0,SF,1.0,1.0,0.0,ShAdDafrF,18.0,1070.0,17.0,1056.0,FTP
1720730427.565663,C0CO3R9M8YZXcOmq7,192.168.1.6,58888.0,192.168.1.4,21.0,tcp,9.606767892837524,128.0,188.0,SF,1.0,1.0,0.0,ShAdDafFr,18.0,1072.0,17.0,1056.0,FTP
1720730466.143084,CbbbFtlQ9AyYu4eU8,192.168.1.6,36296.0,192.168.1.4,21.0,tcp,9.72904086112976,122.0,188.0,SF,1.0,1.0,0.0,ShAdDafrF,18.0,1066.0,17.0,1056.0,FTP
1720730940.735953,CzmaVI3Vk22N8BccVd,192.168.1.6,40778.0,192.168.1.4,21.0,tcp,10.354408025741575,126.0,188.0,SF,1.0,1.0,0.0,ShAdDafrF,18.0,1070.0,17.0,1056.0,FTP
1720729243.23381,Csh2S13UV4FHVmc1jc,192.168.1.4,38505.0,192.168.1.1,53.0,udp,10.354408025741575,126.0,188.0,SF,1.0,1.0,0.0,ShAdDafrF,18.0,1070.0,17.0,1056.0,DNS
1720731713.916032,CEn3Ei321nrtv1BqQj,192.168.1.6,38538.0,192.168.1.4,21.0,tcp,10.846906900405884,172.0,188.0,SF,1.0,1.0,0.0,ShAdDafrF,18.0,1116.0,17.0,1056.0,FTP
1720730585.086723,CUUBOYAFtjLzfZpq9,192.168.1.6,34958.0,192.168.1.4,21.0,tcp,10.348557949066162,126.0,188.0,SF,1.0,1.0,0.0,ShAdDafrF,18.0,1070.0,17.0,1056.0,FTP
1720731452.364918,CxXVoz3cK9LSO1aFAk,192.168.1.6,58916.0,192.168.1.4,21.0,tcp,10.754456996917725,155.0,188.0,SF,1.0,1.0,0.0,ShAdDafrF,18.0,1099.0,17.0,1056.0,FTP
1720729915.586999,C47CEagVyFZS2RDna,192.168.1.6,45546.0,192.168.1.4,21.0,tcp,10.3385009765625,124.0,188.0,SF,1.0,1.0,0.0,ShAdDafrF,18.0,1068.0,17.0,1056.0,FTP
1720730675.206405,Czz4hp4RW6Z5rGeNwa,192.168.1.6,42228.0,192.168.1.4,21.0,tcp,10.74750018119812,124.0,188.0,SF,1.0,1.0,0.0,ShAdDafrF,18.0,1068.0,17.0,1056.0,FTP
1720731564.56866,CnRmj112S0RRuQObOi,192.168.1.6,39796.0,192.168.1.4,21.0,tcp,9.68281888961792,154.0,188.0,SF,1.0,1.0,0.0,ShAdDafFr,18.0,1098.0,17.0,1056.0,FTP
1720727884.88601,CT1x8z1nKYXio3PyDc,192.168.1.4,39288.0,146.75.36.84,443.0,tcp,323.8656439781189,4029.0,7392.0,SF,1.0,0.0,0.0,ShADadFfR,25.0,5313.0,28.0,8856.0,HTTPS
1720728144.169262,C9mT2b4U2jvHCDK45k,192.168.1.6,42090.0,192.168.1.4,21.0,tcp,10.086949110031128,118.0,188.0,SF,1.0,1.0,0.0,ShAdDafrF,18.0,1062.0,17.0,1056.0,FTP
1720728912.528971,CoQ4Wq45hTvb3IoZ7b,192.168.1.6,43544.0,192.168.1.4,21.0,tcp,9.518628120422363,173.0,188.0,SF,1.0,1.0,0.0,ShAdDafrF,18.0,1117.0,17.0,1056.0,FTP
1720728004.969787,Crif954t4JwCaE8dT,192.168.1.4,57132.0,54.163.15.9,443.0,tcp,9.518628120422363,173.0,188.0,SF,1.0,1.0,0.0,ShAdDafrF,18.0,1117.0,17.0,1056.0,HTTPS
1720729282.305361,CcmQDZ1ceYPf5xKdG9,192.168.1.6,60124.0,192.168.1.4,21.0,tcp,10.04620599746704,124.0,188.0,SF,1.0,1.0,0.0,ShAdDafrF,18.0,1068.0,17.0,1056.0,FTP
1720728004.432817,CsKzWl3Qx3M6s06gUb,192.168.1.4,40507.0,192.168.1.1,53.0,udp,0.001187086105346,53.0,103.0,SF,1.0,1.0,0.0,Dd,1.0,81.0,1.0,131.0,DNS
1720729258.751989,C0m1JL34pokJOBW7V1,192.168.1.6,54486.0,192.168.1.4,21.0,tcp,10.784141063690186,119.0,188.0,SF,1.0,1.0,0.0,ShAdDafrF,18.0,1063.0,17.0,1056.0,FTP
1720730407.756368,CTq61y3JwBggAYsHIg,192.168.1.6,55400.0,192.168.1.4,21.0,tcp,9.499037981033323,123.0,188.0,SF,1.0,1.0,0.0,ShAdDafrF,18.0,1067.0,17.0,1056.0,FTP
1720729441.819658,CMWv0r2c1cJ1csCmbl,192.168.1.6,51872.0,192.168.1.4,21.0,tcp,10.793593883514404,122.0,188.0,SF,1.0,1.0,0.0,ShAdDafFr,18.0,1066.0,17.0,1056.0,FTP
1720728535.255907,CECZl22xtHgfjYq1Aa,192.168.1.6,36576.0,192.168.1.4,21.0,tcp,10.056059837341309,118.0,188.0,SF,1.0,1.0,0.0,ShAdDafrF,18.0,1062.0,17.0,1056.0,FTP
1720731428.337722,C7TIA03Wku5AroVoKk,192.168.1.6,35458.0,192.168.1.4,21.0,tcp,10.530951023101808,155.0,188.0,SF,1.0,1.0,0.0,ShAdDafrF,18.0,1099.0,17.0,1056.0,FTP
1720727825.546226,C21dNZ1zHudKL1M1e5,192.168.1.6,52208.0,192.168.1.4,21.0,tcp,9.699837923049929,118.0,188.0,SF,1.0,1.0,0.0,ShAdDafFr,18.0,1062.0,17.0,1056.0,FTP
1720727914.193974,Ce1ETB4Z5hpTINyyw6,192.168.1.4,52656.0,192.168.1.1,53.0,udp,9.699837923049929,118.0,188.0,SF,1.0,1.0,0.0,ShAdDafFr,18.0,1062.0,17.0,1056.0,DNS
1720728695.219489,CXwYBU1Xjd5uaCYaXh,192.168.1.6,40098.0,192.168.1.4,21.0,tcp,10.48483681678772,135.0,188.0,SF,1.0,1.0,0.0,ShAdDafrF,18.0,1079.0,17.0,1056.0,FTP
1720730300.418933,C38YA63LSlCZ6GvZXd,192.168.1.6,44708.0,192.168.1.4,21.0,tcp,10.631051063537598,121.0,188.0,SF,1.0,1.0,0.0,ShAdDafrF,18.0,1065.0,17.0,1056.0,FTP
1720728719.471889,CZAycr2bqkk5LsKiTg,192.168.1.6,45260.0,192.168.1.4,21.0,tcp,10.50054693222046,127.0,188.0,SF,1.0,1.0,0.0,ShAdDafrF,18.0,1071.0,17.0,1056.0,FTP
1720729652.15258,CNyQQr1S3jkk9d3B7i,192.168.1.6,46130.0,192.168.1.4,21.0,tcp,9.155174016952516,116.0,188.0,SF,1.0,1.0,0.0,ShAdDafFr,18.0,1060.0,17.0,1056.0,FTP
1720728960.10374,COCiLpKXi7jVv7Wvd,192.168.1.6,60950.0,192.168.1.4,21.0,tcp,9.819163084030151,117.0,188.0,SF,1.0,1.0,0.0,ShAdDafFr,18.0,1061.0,17.0,1056.0,FTP
1720728035.209221,CCkfrSDDwVB6fqoi5,192.168.1.4,59694.0,13.107.42.14,443.0,tcp,125.28622722625732,3427.0,5779.0,RSTR,1.0,0.0,0.0,ShADadr,17.0,4127.0,18.0,6523.0,HTTPS
1720728211.867377,CXtzFA2jWvrHapwxge,192.168.1.4,34268.0,20.96.153.111,443.0,tcp,0.0,3427.0,5779.0,RSTR,0.0,0.0,0.0,ShADadr,17.0,4127.0,18.0,6523.0,HTTPS
1720730795.910016,CET1ZU1mKsFauFVUWd,192.168.1.6,47836.0,192.168.1.4,21.0,tcp,9.634222984313965,126.0,188.0,SF,1.0,1.0,0.0,ShAdDafrF,18.0,1070.0,17.0,1056.0,FTP
1720728268.839181,CAVv2c3wYYv1Avd0If,192.168.1.6,34712.0,192.168.1.4,21.0,tcp,10.384180068969728,118.0,188.0,SF,1.0,1.0,0.0,ShAdDafrF,18.0,1062.0,17.0,1056.0,FTP
1720728034.878537,Chiaxt48KAncOfyrVb,192.168.1.4,35957.0,192.168.1.1,53.0,udp,10.384180068969728,118.0,188.0,SF,1.0,1.0,0.0,ShAdDafrF,18.0,1062.0,17.0,1056.0,DNS
1720728644.076288,Czz9amPFhY7TGSAj,192.168.1.6,35426.0,192.168.1.4,21.0,tcp,10.281733989715576,139.0,188.0,SF,1.0,1.0,0.0,ShAdDafFr,18.0,1083.0,17.0,1056.0,FTP
1720728306.021119,C6EEGY25US7qHRFR78,192.168.1.4,50459.0,192.168.1.1,53.0,udp,0.009155988693237,43.0,127.0,SF,1.0,1.0,0.0,Dd,1.0,71.0,1.0,155.0,DNS
1720731056.376556,Cll0QbbKQMDHL3dod,192.168.1.6,56082.0,192.168.1.4,21.0,tcp,10.663640975952148,129.0,188.0,SF,1.0,1.0,0.0,ShAdDafrF,18.0,1073.0,17.0,1056.0,FTP
1720731878.87313,CegrOW1oXYwEU6asq,192.168.1.6,46404.0,192.168.1.4,21.0,tcp,10.488695859909058,201.0,188.0,SF,1.0,1.0,0.0,ShAdDafrF,18.0,1145.0,17.0,1056.0,FTP
1720728484.266734,CqZGSG2AeR3lCELbX2,192.168.1.6,36328.0,192.168.1.4,21.0,tcp,10.270366191864014,118.0,188.0,SF,1.0,1.0,0.0,ShAdDafrF,18.0,1062.0,17.0,1056.0,FTP
1720729768.768396,CJmoBV1ndEra1z17sa,192.168.1.6,59078.0,192.168.1.4,21.0,tcp,10.655484199523926,114.0,188.0,SF,1.0,1.0,0.0,ShAdDafFr,18.0,1058.0,17.0,1056.0,FTP
1720729074.394575,CUWu892ZgAj7OkuUDi,192.168.1.6,49006.0,192.168.1.4,21.0,tcp,10.37796187400818,123.0,188.0,SF,1.0,1.0,0.0,ShAdDafFr,18.0,1067.0,17.0,1056.0,FTP
1720728125.109965,C4m3J92f9saGCLfcyk,192.168.1.4,49528.0,13.107.21.237,443.0,tcp,10.37796187400818,123.0,188.0,SF,1.0,1.0,0.0,ShAdDafFr,18.0,1067.0,17.0,1056.0,HTTPS
1720730805.54439,Cro8XP3f8wtFIVjhL4,192.168.1.6,53304.0,192.168.1.4,21.0,tcp,9.01625394821167,126.0,188.0,SF,1.0,1.0,0.0,ShAdDafFr,18.0,1070.0,17.0,1056.0,FTP
1720728857.761882,C3wMbL1y4kR2jga0X9,192.168.1.6,50678.0,192.168.1.4,21.0,tcp,9.806407928466797,153.0,188.0,SF,1.0,1.0,0.0,ShAdDafrF,18.0,1097.0,17.0,1056.0,FTP
1720727765.825177,CY84SS1mRUdQSYnKL7,192.168.1.4,35013.0,192.168.1.1,53.0,udp,9.806407928466797,153.0,188.0,SF,1.0,1.0,0.0,ShAdDafrF,18.0,1097.0,17.0,1056.0,DNS
1720727947.529217,Cvx1OREhio7BKZxfg,192.168.1.6,60302.0,192.168.1.4,21.0,tcp,10.688812971115112,118.0,188.0,SF,1.0,1.0,0.0,ShAdDafrF,18.0,1062.0,17.0,1056.0,FTP
1720728062.717312,C9kwSLJQ8aoO985X8,192.168.1.6,46168.0,192.168.1.4,21.0,tcp,9.102608919143677,118.0,188.0,SF,1.0,1.0,0.0,ShAdDafrF,18.0,1062.0,17.0,1056.0,FTP
1720727914.527226,Cm1Y3u1gkq746PzvFi,192.168.1.4,59936.0,192.168.1.1,53.0,udp,9.102608919143677,118.0,188.0,SF,1.0,1.0,0.0,ShAdDafrF,18.0,1062.0,17.0,1056.0,DNS
1720727739.45847,CL0UK24caCQgWR2nOl,192.168.1.4,33921.0,216.239.36.178,443.0,udp,0.068201780319213,4025.0,8803.0,SF,1.0,0.0,0.0,Dd,7.0,4221.0,10.0,9083.0,HTTPS
1720729037.700174,CNOcpj4svXTe3EzK11,192.168.1.6,57774.0,192.168.1.4,21.0,tcp,9.943948984146118,117.0,188.0,SF,1.0,1.0,0.0,ShAdDafFr,18.0,1061.0,17.0,1056.0,FTP
1720727884.849588,CDk0cD21DN6KjnCEl8,192.168.1.4,34614.0,192.168.1.1,53.0,udp,0.023756027221679,57.0,352.0,SF,1.0,1.0,0.0,Dd,1.0,85.0,1.0,380.0,DNS
1720727914.19411,CYJbawleUiOJAXc98,192.168.1.4,53070.0,192.168.1.1,53.0,udp,0.061668157577514,42.0,299.0,SF,1.0,1.0,0.0,Dd,1.0,70.0,1.0,327.0,DNS
1720728096.66921,CkGL1oFUfnRTkDhKa,192.168.1.4,56774.0,192.168.1.1,53.0,udp,0.017581939697265,49.0,443.0,SF,1.0,1.0,0.0,Dd,1.0,77.0,1.0,471.0,DNS
1720729985.391728,Cyl6WU2yLaYjyOCQgf,192.168.1.6,44532.0,192.168.1.4,21.0,tcp,10.228983163833618,124.0,188.0,SF,1.0,1.0,0.0,ShAdDafrF,18.0,1068.0,17.0,1056.0,FTP
1720730044.52054,C3oJvGEitnQ8jhoWk,192.168.1.6,42338.0,192.168.1.4,21.0,tcp,9.403861045837402,132.0,188.0,SF,1.0,1.0,0.0,ShAdDafrF,18.0,1076.0,17.0,1056.0,FTP
1720731078.990466,Cnx1hdCMgCZyxAPkd,192.168.1.6,57024.0,192.168.1.4,21.0,tcp,10.790475845336914,129.0,188.0,SF,1.0,1.0,0.0,ShAdDafFr,18.0,1073.0,17.0,1056.0,FTP
1720730213.551114,CrTbt32zDBeErsMRp4,192.168.1.6,38054.0,192.168.1.4,21.0,tcp,10.288894891738892,123.0,188.0,SF,1.0,1.0,0.0,ShAdDafrF,18.0,1067.0,17.0,1056.0,FTP
1720731704.604426,CawMV91kp6jzkx1Bx2,192.168.1.6,52900.0,192.168.1.4,21.0,tcp,10.646833181381226,147.0,188.0,SF,1.0,1.0,0.0,ShAdDafFr,18.0,1091.0,17.0,1056.0,FTP
1720729779.413778,CJwYep3B5m0eio6C81,192.168.1.6,46750.0,192.168.1.4,21.0,tcp,9.265590906143188,111.0,188.0,SF,1.0,1.0,0.0,ShAdDafrF,18.0,1055.0,17.0,1056.0,FTP
1720730951.049494,CgKh2B1r5DomzLsG6h,192.168.1.6,56868.0,192.168.1.4,21.0,tcp,10.271831035614014,132.0,188.0,SF,1.0,1.0,0.0,ShAdDafrF,18.0,1076.0,17.0,1056.0,FTP
1720728154.256388,Cgq6tV14LI2Crmd9Fd,192.168.1.6,47686.0,192.168.1.4,21.0,tcp,10.34988498687744,118.0,188.0,SF,1.0,1.0,0.0,ShAdDafrF,18.0,1062.0,17.0,1056.0,FTP
1720731904.888667,CJ87ea4MclgDkEs1lg,192.168.1.6,49914.0,192.168.1.4,21.0,tcp,9.713843822479248,175.0,188.0,SF,1.0,1.0,0.0,ShAdDafrF,18.0,1119.0,17.0,1056.0,FTP
1720731472.654134,C8ItIs20vIcPatLXf2,192.168.1.6,56750.0,192.168.1.4,21.0,tcp,10.588867902755736,139.0,188.0,SF,1.0,1.0,0.0,ShAdDafFr,18.0,1083.0,17.0,1056.0,FTP
1720731118.413809,CeYhdH2WREsfyyVozc,192.168.1.6,57626.0,192.168.1.4,21.0,tcp,10.0586998462677,106.0,188.0,SF,1.0,1.0,0.0,ShAdDafFr,18.0,1050.0,17.0,1056.0,FTP
1720729024.411358,CXyL9B2Bt6vTzw5Upb,192.168.1.6,47628.0,192.168.1.4,21.0,tcp,9.83433198928833,132.0,188.0,SF,1.0,1.0,0.0,ShAdDafrF,18.0,1076.0,17.0,1056.0,FTP
1720728275.020134,Cfgh2k2mXL3eedvca,192.168.1.4,40048.0,192.168.1.1,53.0,udp,9.83433198928833,132.0,188.0,SF,1.0,1.0,0.0,ShAdDafrF,18.0,1076.0,17.0,1056.0,DNS
1720728993.239244,CuJgbC4y56gEGMAvm6,192.168.1.6,51378.0,192.168.1.4,21.0,tcp,10.198102951049805,123.0,188.0,SF,1.0,1.0,0.0,ShAdDafrF,18.0,1067.0,17.0,1056.0,FTP
1720729233.578787,COqwS53i6mb7KUGRQ3,192.168.1.6,38254.0,192.168.1.4,21.0,tcp,10.001250982284546,117.0,188.0,SF,1.0,1.0,0.0,ShAdDafFr,18.0,1061.0,17.0,1056.0,FTP
1720727735.999237,ClHVAn1jUsX6qXtvGf,192.168.1.4,51859.0,13.224.214.69,443.0,tcp,10.001250982284546,117.0,188.0,SF,1.0,1.0,0.0,ShAdDafFr,18.0,1061.0,17.0,1056.0,HTTPS
1720728125.091569,CKdOmi4y3LDb0IWtT7,192.168.1.4,42271.0,192.168.1.1,53.0,udp,0.002561092376708,53.0,113.0,SF,1.0,1.0,0.0,Dd,1.0,81.0,1.0,141.0,DNS
1720728064.574816,CLKwXC4j1GfdXumgFl,192.168.1.4,57532.0,142.250.65.163,443.0,tcp,144.1830348968506,2968.0,278511.0,SF,1.0,0.0,0.0,ShADadFf,129.0,9684.0,181.0,287931.0,HTTPS
1720728034.905948,ClHgxF4okfWZqSVz95,192.168.1.4,38858.0,104.96.220.105,443.0,tcp,144.1830348968506,2968.0,278511.0,SF,1.0,0.0,0.0,ShADadFf,129.0,9684.0,181.0,287931.0,HTTPS
1720728215.872677,CioWY31dfhq0JXYFEj,192.168.1.4,41822.0,192.168.1.1,53.0,udp,0.014643907546997,52.0,445.0,SF,1.0,1.0,0.0,Dd,1.0,80.0,1.0,473.0,DNS
1720729804.020421,C3JbeM1VeMoLC7Dcf8,192.168.1.6,40376.0,192.168.1.4,21.0,tcp,10.093929052352903,125.0,188.0,SF,1.0,1.0,0.0,ShAdDafrF,18.0,1069.0,17.0,1056.0,FTP
1720731732.202143,CJh25dOSs3tNpJJsk,192.168.1.6,34640.0,192.168.1.4,21.0,tcp,10.06696105003357,172.0,188.0,SF,1.0,1.0,0.0,ShAdDafrF,18.0,1116.0,17.0,1056.0,FTP
1720727944.1224,C72nBZ2Pwbriuvi8nl,192.168.1.4,35879.0,216.239.36.181,443.0,udp,0.093311071395874,5026.0,9714.0,SF,1.0,0.0,0.0,Dd,10.0,5306.0,13.0,10078.0,HTTPS
1720728654.328835,C2kT4u1SHP7UYzSdAj,192.168.1.6,57770.0,192.168.1.4,21.0,tcp,11.070388078689575,137.0,188.0,SF,1.0,1.0,0.0,ShAdDafrF,18.0,1081.0,17.0,1056.0,FTP
1720730276.249566,CyeV672Y3gcU8zAy3,192.168.1.6,54046.0,192.168.1.4,21.0,tcp,10.258111000061035,130.0,188.0,SF,1.0,1.0,0.0,ShAdDafFr,18.0,1074.0,17.0,1056.0,FTP
1720730033.86268,C8RAOb3r6egqOkEpP6,192.168.1.6,34308.0,192.168.1.4,21.0,tcp,10.619477033615112,131.0,188.0,SF,1.0,1.0,0.0,ShAdDafrF,18.0,1075.0,17.0,1056.0,FTP
1720727793.433343,CJkuUl20E8gDu0vnZ1,192.168.1.4,58209.0,192.168.1.1,53.0,udp,0.001955032348632,46.0,320.0,SF,1.0,1.0,0.0,Dd,1.0,74.0,1.0,348.0,DNS
1720727985.812334,CerMiM2dXZQxycca5h,192.168.1.6,48518.0,192.168.1.4,21.0,tcp,10.49267292022705,118.0,188.0,SF,1.0,1.0,0.0,ShAdDafrF,18.0,1062.0,17.0,1056.0,FTP
1720728245.515669,CM8UHIzjuGgkrLkQ1,192.168.1.4,58850.0,20.190.152.19,443.0,tcp,10.49267292022705,118.0,188.0,SF,1.0,1.0,0.0,ShAdDafrF,18.0,1062.0,17.0,1056.0,HTTPS
1720729432.334339,CD3eHd4QCVEoM5C6Me,192.168.1.4,34483.0,192.168.1.1,53.0,udp,0.023650169372558,48.0,384.0,SF,1.0,1.0,0.0,Dd,1.0,76.0,1.0,412.0,DNS
1720730199.527351,CE98zi4OK7bgFkhdY,192.168.1.6,45112.0,192.168.1.4,21.0,tcp,10.839193105697632,119.0,188.0,SF,1.0,1.0,0.0,ShAdDafrF,18.0,1063.0,17.0,1056.0,FTP
1720727765.828744,CY84SS1mRUdQSYnKL7,192.168.1.4,35013.0,192.168.1.1,53.0,udp,10.839193105697632,119.0,188.0,SF,1.0,1.0,0.0,ShAdDafrF,18.0,1063.0,17.0,1056.0,DNS
1720729522.246508,Ca9EyN2Jsp5s47Yc8,192.168.1.6,36522.0,192.168.1.4,21.0,tcp,9.950440168380736,113.0,188.0,SF,1.0,1.0,0.0,ShAdDafrF,18.0,1057.0,17.0,1056.0,FTP
1720729109.75332,CrjwOh1S9zUVMlB7Ih,192.168.1.6,46682.0,192.168.1.4,21.0,tcp,9.903136968612673,113.0,188.0,SF,1.0,1.0,0.0,ShAdDafrF,18.0,1057.0,17.0,1056.0,FTP
1720729406.819549,CPn4wi37jeFGD7hUB5,192.168.1.6,36806.0,192.168.1.4,21.0,tcp,11.061136960983276,131.0,188.0,SF,1.0,1.0,0.0,ShAdDafrF,18.0,1075.0,17.0,1056.0,FTP
1720730474.467065,CiGhsdNLHbEGg2gC9,192.168.1.6,50426.0,192.168.1.4,21.0,tcp,9.495459794998167,128.0,188.0,SF,1.0,1.0,0.0,ShAdDafrF,18.0,1072.0,17.0,1056.0,FTP
1720727885.045622,CY9BsK1ik6sEZekxra,192.168.1.4,43210.0,192.168.1.1,53.0,udp,0.023778915405273,41.0,221.0,SF,1.0,1.0,0.0,Dd,1.0,69.0,1.0,249.0,DNS
1720727825.370241,CmB07q1hnZ39ZDTx0b,192.168.1.4,60165.0,142.250.80.110,443.0,udp,0.196340084075927,7350.0,10265.0,SF,1.0,0.0,0.0,Dd,17.0,7826.0,20.0,10825.0,HTTPS
1720728272.00137,CTfkLi4aLKbX3dSp3f,192.168.1.4,47877.0,192.168.1.1,53.0,udp,0.001533985137939,49.0,113.0,SF,1.0,1.0,0.0,Dd,1.0,77.0,1.0,141.0,DNS
1720729222.937059,C2LLCi1UbzXKY8wpAe,192.168.1.6,40268.0,192.168.1.4,21.0,tcp,10.612713098526,131.0,188.0,SF,1.0,1.0,0.0,ShAdDafrF,18.0,1075.0,17.0,1056.0,FTP
1720727915.680082,CyHZ991jfMafDOOn6,192.168.1.4,58376.0,192.168.1.1,53.0,udp,10.612713098526,131.0,188.0,SF,1.0,1.0,0.0,ShAdDafrF,18.0,1075.0,17.0,1056.0,DNS
1720728064.561869,CWQHjQ2FMUQgyacTei,192.168.1.4,51439.0,192.168.1.1,53.0,udp,0.024284124374389,52.0,134.0,SF,1.0,1.0,0.0,Dd,1.0,80.0,1.0,162.0,DNS
1720728035.610833,CJ2NEE2gf6FmAB02j2,192.168.1.4,55381.0,192.168.1.1,53.0,udp,0.012087106704711,45.0,110.0,SF,1.0,1.0,0.0,Dd,1.0,73.0,1.0,138.0,DNS
1720728324.151185,CDxmA73H8UFrlevMA,192.168.1.6,52182.0,192.168.1.4,21.0,tcp,11.140127897262571,118.0,188.0,SF,1.0,1.0,0.0,ShAdDafrF,18.0,1062.0,17.0,1056.0,FTP
1720727914.003809,C95ZKSsz0QRKG4Scl,192.168.1.4,34664.0,192.168.1.1,53.0,udp,0.184093952178955,45.0,172.0,SF,1.0,1.0,0.0,Dd,1.0,73.0,1.0,200.0,DNS
1720727850.907728,CEqnfw3fqzlnax9o0j,192.168.1.4,53626.0,192.168.1.1,53.0,udp,0.002485990524291,41.0,209.0,SF,1.0,1.0,0.0,Dd,1.0,69.0,1.0,237.0,DNS
1720729381.131907,ClvGgj3W5bzKsErvR8,192.168.1.6,47898.0,192.168.1.4,21.0,tcp,10.020951986312866,125.0,188.0,SF,1.0,1.0,0.0,ShAdDafrF,18.0,1069.0,17.0,1056.0,FTP
1720727914.003744,CToBWH2wY29cWFSl6f,192.168.1.4,37489.0,192.168.1.1,53.0,udp,10.020951986312866,125.0,188.0,SF,1.0,1.0,0.0,ShAdDafrF,18.0,1069.0,17.0,1056.0,DNS
1720728275.591582,C7WBkc3ZNf1zzeZA7k,192.168.1.4,53478.0,40.126.24.146,443.0,tcp,0.320551872253417,3212.0,6225.0,SF,1.0,0.0,0.0,ShADadFf,9.0,3592.0,8.0,6557.0,HTTPS
1720730603.490871,C6wGZjCpmKMmnAN7i,192.168.1.6,41744.0,192.168.1.4,21.0,tcp,10.430310010910034,118.0,188.0,SF,1.0,1.0,0.0,ShAdDafrF,18.0,1062.0,17.0,1056.0,FTP
1720728715.737307,CfMswohLuVauPYGS9,192.168.1.6,45174.0,192.168.1.4,21.0,tcp,10.811064004898071,139.0,188.0,SF,1.0,1.0,0.0,ShAdDafrF,18.0,1083.0,17.0,1056.0,FTP
1720730779.420153,C9KWDQZN3ixDT6wng,192.168.1.6,58076.0,192.168.1.4,21.0,tcp,10.242737054824827,116.0,188.0,SF,1.0,1.0,0.0,ShAdDafFr,18.0,1060.0,17.0,1056.0,FTP
1720728644.046489,CKcSX635WfhQOa3KAf,192.168.1.6,35414.0,192.168.1.4,21.0,tcp,10.282066106796265,138.0,188.0,SF,1.0,1.0,0.0,ShAdDafFr,18.0,1082.0,17.0,1056.0,FTP
1720731043.234414,CkNrXM3BsrtW2063u1,192.168.1.4,49307.0,192.168.1.1,53.0,udp,10.282066106796265,138.0,188.0,SF,1.0,1.0,0.0,ShAdDafFr,18.0,1082.0,17.0,1056.0,DNS
1720729902.482707,CvoUlv4sbmWQjbakFa,192.168.1.6,59738.0,192.168.1.4,21.0,tcp,10.081887006759644,132.0,188.0,SF,1.0,1.0,0.0,ShAdDafFr,18.0,1076.0,17.0,1056.0,FTP
1720727885.112109,CKsxkC4pi6RdxTlrjg,192.168.1.4,44303.0,142.251.40.226,443.0,tcp,10.081887006759644,132.0,188.0,SF,1.0,1.0,0.0,IIiiiIhhHhHhH,18.0,1076.0,17.0,1056.0,HTTPS
1720730440.565536,CWGKfz45S2pZOWjLj5,192.168.1.6,42728.0,192.168.1.4,21.0,tcp,9.767137050628662,136.0,188.0,SF,1.0,1.0,0.0,ShAdDafrF,18.0,1080.0,17.0,1056.0,FTP
1720730035.525481,C8k17SrUJMULg9VI,192.168.1.6,34338.0,192.168.1.4,21.0,tcp,9.473405122756958,131.0,188.0,SF,1.0,1.0,0.0,ShAdDafrF,18.0,1075.0,17.0,1056.0,FTP
1720731494.050345,CooOsu4P48Ek3DchQj,192.168.1.6,37926.0,192.168.1.4,21.0,tcp,10.372804164886476,143.0,188.0,SF,1.0,1.0,0.0,ShAdDafFr,18.0,1087.0,17.0,1056.0,FTP
1720728535.30999,CtSExU3nUnUOEiWsYk,192.168.1.6,36582.0,192.168.1.4,21.0,tcp,10.029765129089355,118.0,188.0,SF,1.0,1.0,0.0,ShAdDafrF,18.0,1062.0,17.0,1056.0,FTP
1720727805.411544,CWzqT44Ofprky7jQQf,192.168.1.6,41894.0,192.168.1.4,21.0,tcp,10.091638803482056,118.0,188.0,SF,1.0,1.0,0.0,ShAdDafrF,18.0,1062.0,17.0,1056.0,FTP
1720730553.933242,CZa8TdjiDPtyJvJvg,192.168.1.6,59408.0,192.168.1.4,21.0,tcp,10.424113988876345,127.0,188.0,SF,1.0,1.0,0.0,ShAdDafrF,18.0,1071.0,17.0,1056.0,FTP
1720729953.558062,C96qcD4GCSfr5EAaq5,192.168.1.6,48428.0,192.168.1.4,21.0,tcp,11.331005811691284,123.0,188.0,SF,1.0,1.0,0.0,ShAdDafrF,18.0,1067.0,17.0,1056.0,FTP
1720729116.436936,CXgAlV3xQPUJUNr3h9,192.168.1.6,41734.0,192.168.1.4,21.0,tcp,10.686295986175535,122.0,188.0,SF,1.0,1.0,0.0,ShAdDafFr,18.0,1066.0,17.0,1056.0,FTP
1720727666.536231,C69yjB2L0LPbE2Klh5,192.168.1.4,49864.0,104.96.220.193,443.0,tcp,307.32193207740784,3481.0,1540.0,SF,1.0,0.0,0.0,ShADadFRf,18.0,4401.0,17.0,2432.0,HTTPS
1720728203.152833,ClaGwv4y8rIswjeT5i,192.168.1.6,43752.0,192.168.1.4,21.0,tcp,9.729559898376465,117.0,188.0,SF,1.0,1.0,0.0,ShAdDafrF,18.0,1061.0,17.0,1056.0,FTP
1720728031.584533,CShwRo3iJRmzTbHLHg,192.168.1.6,43220.0,192.168.1.4,21.0,tcp,10.425288915634155,118.0,188.0,SF,1.0,1.0,0.0,ShAdDafrF,18.0,1062.0,17.0,1056.0,FTP
1720730183.578802,ChitnF1njbC67tvDN7,192.168.1.6,53558.0,192.168.1.4,21.0,tcp,10.592517852783203,131.0,188.0,SF,1.0,1.0,0.0,ShAdDafrF,18.0,1075.0,17.0,1056.0,FTP
1720730536.971095,CmpgD12rs88Bu4CyHc,192.168.1.6,58738.0,192.168.1.4,21.0,tcp,9.636234998703005,123.0,188.0,SF,1.0,1.0,0.0,ShAdDafrF,18.0,1067.0,17.0,1056.0,FTP
1720731919.116839,CWvxj9jtB6qGAP8W3,192.168.1.6,38584.0,192.168.1.4,21.0,tcp,8.815994024276733,155.0,188.0,SF,1.0,1.0,0.0,ShAdDafrF,18.0,1099.0,17.0,1056.0,FTP
1720731046.116999,Ch6kk04NE729IOg0ch,192.168.1.6,33106.0,192.168.1.4,21.0,tcp,10.743884086608888,124.0,188.0,SF,1.0,1.0,0.0,ShAdDafrF,18.0,1068.0,17.0,1056.0,FTP
1720730819.174688,Cz7b4X96epEKe3ePh,192.168.1.6,54224.0,192.168.1.4,21.0,tcp,9.77702784538269,130.0,188.0,SF,1.0,1.0,0.0,ShAdDafrF,18.0,1074.0,17.0,1056.0,FTP
1720731947.955963,C8NrwqK4kITvLC002,192.168.1.6,39518.0,192.168.1.4,21.0,tcp,9.554709196090698,119.0,188.0,SF,1.0,1.0,0.0,ShAdDafFr,18.0,1063.0,17.0,1056.0,FTP
1720728275.812029,CnEPHlxRjLQBB8Toc,192.168.1.4,60625.0,192.168.1.1,53.0,udp,0.015489101409912,52.0,233.0,SF,1.0,1.0,0.0,Dd,1.0,80.0,1.0,261.0,DNS
1720729249.549825,CrMFVE42tr2NNLlfpa,192.168.1.6,43978.0,192.168.1.4,21.0,tcp,9.23912000656128,124.0,188.0,SF,1.0,1.0,0.0,ShAdDafrF,18.0,1068.0,17.0,1056.0,FTP
1720727794.428452,CsHzIN3IuWqXeli0Uh,192.168.1.4,60719.0,142.251.40.131,443.0,tcp,9.23912000656128,124.0,188.0,SF,1.0,1.0,0.0,ShAdDafrF,18.0,1068.0,17.0,1056.0,HTTPS
1720727915.078707,C2EtVl17mVJVfZZMQa,192.168.1.4,56349.0,192.168.1.1,53.0,udp,9.23912000656128,124.0,188.0,SF,1.0,1.0,0.0,ShAdDafrF,18.0,1068.0,17.0,1056.0,DNS
1720728245.203657,C8jJuk2JH0GDGsW81g,192.168.1.4,57457.0,192.168.1.1,53.0,udp,0.008309125900268,58.0,131.0,SF,1.0,1.0,0.0,Dd,1.0,86.0,1.0,159.0,DNS
1720728244.944202,CZJ3TLxgouE46W9pd,192.168.1.4,32896.0,192.168.1.1,53.0,udp,0.008309125900268,58.0,131.0,SF,1.0,1.0,0.0,Dd,1.0,86.0,1.0,159.0,DNS
1720730982.022023,CLlniP1wW3K3LIJoPc,192.168.1.6,36216.0,192.168.1.4,21.0,tcp,10.222398042678831,128.0,188.0,SF,1.0,1.0,0.0,ShAdDafFr,18.0,1072.0,17.0,1056.0,FTP
1720731255.81819,CDZkVr2xXro77rsrW,192.168.1.6,53348.0,192.168.1.4,21.0,tcp,10.553478956222534,160.0,188.0,SF,1.0,1.0,0.0,ShAdDafrF,18.0,1104.0,17.0,1056.0,FTP
1720727793.907623,COyr2Q38Z7uGCjSrw7,192.168.1.4,34740.0,18.238.4.23,443.0,tcp,414.8428590297699,4033.0,17377.0,SF,1.0,0.0,0.0,ShADadFf,59.0,7109.0,78.0,21441.0,HTTPS
1720728266.899576,ChDApyrEXGy0TiAj2,192.168.1.6,34640.0,192.168.1.4,21.0,tcp,10.382719993591309,118.0,188.0,SF,1.0,1.0,0.0,ShAdDafrF,18.0,1062.0,17.0,1056.0,FTP
1720727774.738393,CSLLa13LviZ5TC4fHd,192.168.1.6,35210.0,192.168.1.4,21.0,tcp,9.446568012237549,116.0,188.0,SF,1.0,1.0,0.0,ShAdDafrF,18.0,1060.0,17.0,1056.0,FTP
1720729192.730607,C6362R2lakLpOH3pVc,192.168.1.6,50216.0,192.168.1.4,21.0,tcp,10.582220077514648,116.0,188.0,SF,1.0,1.0,0.0,ShAdDafFr,18.0,1060.0,17.0,1056.0,FTP
1720730204.478402,ChsHt11hiVTrRFjq28,192.168.1.6,59368.0,192.168.1.4,21.0,tcp,10.44023609161377,132.0,188.0,SF,1.0,1.0,0.0,ShAdDafrF,18.0,1076.0,17.0,1056.0,FTP
1720728420.109671,CnxTv04l1gLieGBHVe,192.168.1.6,47068.0,192.168.1.4,21.0,tcp,10.03307580947876,118.0,188.0,SF,1.0,1.0,0.0,ShAdDafrF,18.0,1062.0,17.0,1056.0,FTP
1720727829.31196,CUYGn24Gbg12sEbqAb,192.168.1.4,51234.0,192.168.1.1,53.0,udp,10.03307580947876,118.0,188.0,SF,1.0,1.0,0.0,ShAdDafrF,18.0,1062.0,17.0,1056.0,DNS
1720731118.450949,CA5I6Z1VpV1eFiEF7d,192.168.1.6,57642.0,192.168.1.4,21.0,tcp,10.06025505065918,112.0,188.0,SF,1.0,1.0,0.0,ShAdDafrF,18.0,1056.0,17.0,1056.0,FTP
1720727854.097892,Cw1Rcn3p5iwNSBgLI2,192.168.1.4,48202.0,52.26.2.180,443.0,tcp,10.06025505065918,112.0,188.0,SF,1.0,1.0,0.0,ShAdDafrF,18.0,1056.0,17.0,1056.0,HTTPS
1720729266.028754,CshC8T2dV8DLoSXW35,192.168.1.6,34386.0,192.168.1.4,21.0,tcp,9.96977996826172,121.0,188.0,SF,1.0,1.0,0.0,ShAdDafrF,18.0,1065.0,17.0,1056.0,FTP
1720728331.412832,CorC0b3Ibxl54uGr2b,192.168.1.6,52312.0,192.168.1.4,21.0,tcp,11.18033504486084,118.0,188.0,SF,1.0,1.0,0.0,ShAdDafrF,18.0,1062.0,17.0,1056.0,FTP
1720728277.161084,CeXJ7B1N9hd0A1cji9,192.168.1.6,57506.0,192.168.1.4,21.0,tcp,10.807440996170044,118.0,188.0,SF,1.0,1.0,0.0,ShAdDafrF,18.0,1062.0,17.0,1056.0,FTP
1720727853.950088,CMOTSH1hNc8C9rHog8,192.168.1.4,53090.0,192.168.1.1,53.0,udp,10.807440996170044,118.0,188.0,SF,1.0,1.0,0.0,ShAdDafrF,18.0,1062.0,17.0,1056.0,DNS
1720728096.414677,CPBJp11EpkvKRR8Ing,192.168.1.4,34548.0,31.13.71.36,443.0,udp,10.807440996170044,118.0,188.0,SF,1.0,1.0,0.0,ShAdDafrF,18.0,1062.0,17.0,1056.0,HTTPS
1720728125.356733,CTVvLL1fwmbqQO9NFj,192.168.1.4,48217.0,192.168.1.1,53.0,udp,0.004199028015136,49.0,471.0,SF,1.0,1.0,0.0,Dd,1.0,77.0,1.0,499.0,DNS
1720727914.205698,CiURWg4265EXb8tsQ3,192.168.1.4,45805.0,192.168.1.1,53.0,udp,0.004199028015136,49.0,471.0,SF,1.0,1.0,0.0,Dd,1.0,77.0,1.0,499.0,DNS
1720727795.438034,CyZB973ED33qdG3bUl,192.168.1.4,42574.0,192.168.1.1,53.0,udp,0.001991033554077,47.0,218.0,SF,1.0,1.0,0.0,Dd,1.0,75.0,1.0,246.0,DNS
1720727793.937399,CeGkOi17QpIIJtA4Gg,192.168.1.4,57888.0,44.207.14.248,443.0,tcp,0.031759977340698,1825.0,5584.0,RSTO,1.0,0.0,0.0,ShADadR,6.0,2133.0,4.0,5800.0,HTTPS
1720728081.808152,CTzxpE4MmeTmaPGrH8,192.168.1.6,52152.0,192.168.1.4,21.0,tcp,9.5454580783844,118.0,188.0,SF,1.0,1.0,0.0,ShAdDafrF,18.0,1062.0,17.0,1056.0,FTP
1720728740.054104,C4hBzR2O8qzzDjSyLf,192.168.1.6,49768.0,192.168.1.4,21.0,tcp,10.496590852737429,129.0,188.0,SF,1.0,1.0,0.0,ShAdDafFr,18.0,1073.0,17.0,1056.0,FTP
1720729176.729638,CnmOIw1qBBvHYBv5k1,192.168.1.6,37268.0,192.168.1.4,21.0,tcp,9.847101926803589,133.0,188.0,SF,1.0,1.0,0.0,ShAdDafrF,18.0,1077.0,17.0,1056.0,FTP
1720731374.594782,C1a2GA18S3NUTX6Sj8,192.168.1.6,46220.0,192.168.1.4,21.0,tcp,10.089188814163208,154.0,188.0,SF,1.0,1.0,0.0,ShAdDafrF,18.0,1098.0,17.0,1056.0,FTP
1720727891.345851,C0xmAc17OzJfdJO4k,192.168.1.4,50224.0,20.114.189.135,443.0,tcp,10.089188814163208,154.0,188.0,SF,1.0,1.0,0.0,ShAdDafrF,18.0,1098.0,17.0,1056.0,HTTPS
1720731402.486067,CL5aup4T9WwD7uBH5,192.168.1.6,48524.0,192.168.1.4,21.0,tcp,10.48859691619873,155.0,188.0,SF,1.0,1.0,0.0,ShAdDafFr,18.0,1099.0,17.0,1056.0,FTP
1720730417.039232,Cgu4ksHZ3LPcoalAc,192.168.1.6,49616.0,192.168.1.4,21.0,tcp,9.867135047912598,124.0,188.0,SF,1.0,1.0,0.0,ShAdDafrF,18.0,1068.0,17.0,1056.0,FTP
1720727956.308094,CNETF53TmZASNn7uh3,192.168.1.4,39869.0,192.168.1.1,53.0,udp,9.867135047912598,124.0,188.0,SF,1.0,1.0,0.0,ShAdDafrF,18.0,1068.0,17.0,1056.0,DNS
1720728157.917708,CzF22BpE4fY2NYP88,192.168.1.6,47714.0,192.168.1.4,21.0,tcp,9.187865018844604,117.0,188.0,SF,1.0,1.0,0.0,ShAdDafrF,18.0,1061.0,17.0,1056.0,FTP
1720728373.844078,CzuDjX2knASQNtuDA2,192.168.1.6,56878.0,192.168.1.4,21.0,tcp,9.805133819580078,118.0,188.0,SF,1.0,1.0,0.0,ShAdDafFr,18.0,1062.0,17.0,1056.0,FTP
1720729020.185139,CeFfWc1qtHGceOkHqc,192.168.1.6,55746.0,192.168.1.4,21.0,tcp,10.004279136657717,108.0,188.0,SF,1.0,1.0,0.0,ShAdDafFr,18.0,1052.0,17.0,1056.0,FTP
1720729156.550549,CM6qPT1890vZKD5V05,192.168.1.6,45830.0,192.168.1.4,21.0,tcp,10.091564893722534,125.0,188.0,SF,1.0,1.0,0.0,ShAdDafrF,18.0,1069.0,17.0,1056.0,FTP
1720728464.899055,ChquqDWsGLOK5zf9b,192.168.1.6,40964.0,192.168.1.4,21.0,tcp,9.296350002288818,116.0,188.0,SF,1.0,1.0,0.0,ShAdDafrF,18.0,1060.0,17.0,1056.0,FTP
1720727915.709289,CXPF7m42h29bGSAU07,192.168.1.4,40692.0,18.238.4.5,443.0,tcp,9.296350002288818,116.0,188.0,SF,1.0,1.0,0.0,ShAdDafrF,18.0,1060.0,17.0,1056.0,HTTPS
1720729931.464377,CGdg8w32tK2uAtdQha,192.168.1.6,52174.0,192.168.1.4,21.0,tcp,10.66764497756958,144.0,188.0,SF,1.0,1.0,0.0,ShAdDafrF,18.0,1088.0,17.0,1056.0,FTP
1720728124.725357,CjP8U8Vq1JKcvctu4,192.168.1.4,39118.0,18.238.4.35,443.0,tcp,84.03251600265503,6155.0,76300.0,SF,1.0,0.0,0.0,ShADadFf,48.0,8659.0,45.0,78648.0,HTTPS
1720728217.879823,Cssjif3FT8Fp36L9Lc,192.168.1.4,52968.0,13.107.21.239,443.0,tcp,0.0,6155.0,76300.0,SF,0.0,0.0,0.0,ShADadFf,48.0,8659.0,45.0,78648.0,HTTPS
1720729462.809793,CYGLmE2IP3SkJ4ySZ6,192.168.1.6,56500.0,192.168.1.4,21.0,tcp,10.647830963134766,139.0,188.0,SF,1.0,1.0,0.0,ShAdDafrF,18.0,1083.0,17.0,1056.0,FTP
1720728139.555403,CnS6He4xh5m9Q5zLj5,192.168.1.6,37292.0,192.168.1.4,21.0,tcp,9.80347490310669,118.0,188.0,SF,1.0,1.0,0.0,ShAdDafFr,18.0,1062.0,17.0,1056.0,FTP
1720731448.930442,C2VBCdqJMQUym1h65,192.168.1.6,58908.0,192.168.1.4,21.0,tcp,10.716234922409058,148.0,188.0,SF,1.0,1.0,0.0,ShAdDafrF,18.0,1092.0,17.0,1056.0,FTP
1720727761.589253,CmrGZw4WIpjy3gRMC1,192.168.1.4,56022.0,20.114.189.135,443.0,tcp,8.719166040420532,3194.0,5892.0,RSTO,1.0,0.0,0.0,ShADadfR,13.0,3890.0,11.0,6472.0,HTTPS
1720728186.582019,ChsR1K2GsLYbH9uBKj,192.168.1.4,37447.0,142.250.80.66,443.0,tcp,8.719166040420532,3194.0,5892.0,RSTO,1.0,0.0,0.0,IIiiiIhhhHHhH,13.0,3890.0,11.0,6472.0,HTTPS
1720729109.069077,CmarCv2kyNSrJkX7U5,192.168.1.6,46646.0,192.168.1.4,21.0,tcp,10.309486865997314,122.0,188.0,SF,1.0,1.0,0.0,ShAdDafrF,18.0,1066.0,17.0,1056.0,FTP
1720729258.473604,Csuxz035LKnWrv9A1c,192.168.1.6,54472.0,192.168.1.4,21.0,tcp,9.889243125915527,123.0,188.0,SF,1.0,1.0,0.0,ShAdDafrF,18.0,1067.0,17.0,1056.0,FTP
1720731423.18783,CK8kvLchN6hAI14tf,192.168.1.6,35400.0,192.168.1.4,21.0,tcp,9.861467123031616,153.0,188.0,SF,1.0,1.0,0.0,ShAdDafFr,18.0,1097.0,17.0,1056.0,FTP
1720727885.162261,CwASLA1en1Dv1mAi2j,192.168.1.6,53482.0,192.168.1.4,21.0,tcp,10.366878986358644,118.0,188.0,SF,1.0,1.0,0.0,ShAdDafFr,18.0,1062.0,17.0,1056.0,FTP
1720728245.141205,CYuQHfwEpS0Jc6dV1,192.168.1.4,39867.0,192.168.1.1,53.0,udp,0.003350973129272,48.0,108.0,SF,1.0,1.0,0.0,Dd,1.0,76.0,1.0,136.0,DNS
1720727974.009114,ChmCA82DLQz9RN6IU1,192.168.1.4,38124.0,204.235.147.206,443.0,tcp,0.127207994461059,4713.0,106368.0,RSTO,1.0,0.0,0.0,ShADadR,42.0,6413.0,62.0,108860.0,HTTPS
1720728187.090653,CFEtqH3rpG2Rfhsia1,192.168.1.4,44908.0,107.23.117.125,443.0,tcp,21.658945083618164,81203.0,14832.0,SF,1.0,0.0,0.0,ShADadFf,51.0,83863.0,54.0,17648.0,HTTPS
1720731216.559875,CQlOE43tmDYiionJtf,192.168.1.6,51914.0,192.168.1.4,21.0,tcp,10.029974937438965,121.0,188.0,SF,1.0,1.0,0.0,ShAdDafrF,18.0,1065.0,17.0,1056.0,FTP
1720729330.147968,CGLtJPhvbjS4moKjj,192.168.1.6,54852.0,192.168.1.4,21.0,tcp,10.481787919998167,113.0,188.0,SF,1.0,1.0,0.0,ShAdDafrF,18.0,1057.0,17.0,1056.0,FTP
1720730108.696949,CwcIaE3XWhndMJwWpa,192.168.1.6,50332.0,192.168.1.4,21.0,tcp,9.551209926605225,121.0,188.0,SF,1.0,1.0,0.0,ShAdDafrF,18.0,1065.0,17.0,1056.0,FTP
1720728245.070815,CjX90n2DsiPM0PjoHi,192.168.1.4,51999.0,192.168.1.1,53.0,udp,9.551209926605225,121.0,188.0,SF,1.0,1.0,0.0,ShAdDafrF,18.0,1065.0,17.0,1056.0,DNS
1720731487.863559,C7SgWnWHDDkZJh4M6,192.168.1.6,60736.0,192.168.1.4,21.0,tcp,10.30577802658081,150.0,188.0,SF,1.0,1.0,0.0,ShAdDafFr,18.0,1094.0,17.0,1056.0,FTP
1720727793.497876,C9uMHu40YwjiAXcht6,192.168.1.4,56088.0,18.238.11.190,443.0,tcp,240.3929481506348,2634.0,608432.0,SF,1.0,0.0,0.0,ShADadtfF,175.0,11790.0,247.0,624140.0,HTTPS
1720730379.090462,C860jKehxHqTMRhm,192.168.1.6,33434.0,192.168.1.4,21.0,tcp,9.566288948059082,129.0,188.0,SF,1.0,1.0,0.0,ShAdDafrF,18.0,1073.0,17.0,1056.0,FTP
1720731155.973656,Ch9jnB46aPGNzWxHr7,192.168.1.6,59840.0,192.168.1.4,21.0,tcp,10.175758123397827,106.0,188.0,SF,1.0,1.0,0.0,ShAdDafFr,18.0,1050.0,17.0,1056.0,FTP
1720728580.135343,CGXternGw6BhKVgI3,192.168.1.6,47618.0,192.168.1.4,21.0,tcp,9.77631402015686,115.0,188.0,SF,1.0,1.0,0.0,ShAdDafrF,18.0,1059.0,17.0,1056.0,FTP
1720730867.756396,CgxDe91umnqBINANR1,192.168.1.6,39128.0,192.168.1.4,21.0,tcp,9.629901885986328,122.0,188.0,SF,1.0,1.0,0.0,ShAdDafrF,18.0,1066.0,17.0,1056.0,FTP
1720727915.248861,CKmLYC1qUzSSaotAj6,192.168.1.4,40867.0,192.168.1.1,53.0,udp,9.629901885986328,122.0,188.0,SF,1.0,1.0,0.0,ShAdDafrF,18.0,1066.0,17.0,1056.0,DNS
1720730190.637515,CRcZCsyBXsw3NO2N4,192.168.1.6,53622.0,192.168.1.4,21.0,tcp,10.628540992736816,129.0,188.0,SF,1.0,1.0,0.0,ShAdDafrF,18.0,1073.0,17.0,1056.0,FTP
1720728215.669461,CGGsZ22yDicjKiTEMk,192.168.1.4,44039.0,192.168.1.1,53.0,udp,10.628540992736816,129.0,188.0,SF,1.0,1.0,0.0,ShAdDafrF,18.0,1073.0,17.0,1056.0,DNS
1720728094.42038,CosRqz2ByfYeMXlJ86,192.168.1.4,57547.0,192.168.1.1,53.0,udp,10.628540992736816,129.0,188.0,SF,1.0,1.0,0.0,ShAdDafrF,18.0,1073.0,17.0,1056.0,DNS
1720728253.836494,CeXBtz3m34vZdOHq5,192.168.1.6,46644.0,192.168.1.4,21.0,tcp,9.716624021530151,118.0,188.0,SF,1.0,1.0,0.0,ShAdDafrF,18.0,1062.0,17.0,1056.0,FTP
1720728227.062245,CTXopG4Avl2foV5qC7,192.168.1.6,34606.0,192.168.1.4,21.0,tcp,10.411442041397097,118.0,188.0,SF,1.0,1.0,0.0,ShAdDafFr,18.0,1062.0,17.0,1056.0,FTP
1720730211.466518,C7zFX02Ki45z2ObPzb,192.168.1.6,59422.0,192.168.1.4,21.0,tcp,10.799682140350342,134.0,188.0,SF,1.0,1.0,0.0,ShAdDafFr,18.0,1078.0,17.0,1056.0,FTP
1720728221.331711,CXEXm54YohoRD0IQI,192.168.1.4,47791.0,192.168.1.1,53.0,udp,0.001422882080078,48.0,108.0,SF,1.0,1.0,0.0,Dd,1.0,76.0,1.0,136.0,DNS
1720727884.531032,C30Iad4vi1QtjDjd7a,192.168.1.4,41970.0,54.69.251.6,443.0,tcp,60.23115301132202,3587.0,5972.0,SF,1.0,0.0,0.0,ShADadfF,17.0,4479.0,18.0,6916.0,HTTPS
1720731643.206203,Ckw0PjJranDKPVQnc,192.168.1.6,40650.0,192.168.1.4,21.0,tcp,9.47972011566162,157.0,188.0,SF,1.0,1.0,0.0,ShAdDafFr,18.0,1101.0,17.0,1056.0,FTP
1720728167.126474,CDHYioubxsz1ABg72,192.168.1.6,46958.0,192.168.1.4,21.0,tcp,9.559895038604736,118.0,188.0,SF,1.0,1.0,0.0,ShAdDafFr,18.0,1062.0,17.0,1056.0,FTP
1720727881.311652,CSBwx331kdY75Xpvgi,192.168.1.4,49690.0,192.168.1.1,53.0,udp,9.559895038604736,118.0,188.0,SF,1.0,1.0,0.0,ShAdDafFr,18.0,1062.0,17.0,1056.0,DNS
1720730492.418305,CgrGJa2N3Epf0mRxF8,192.168.1.6,48768.0,192.168.1.4,21.0,tcp,9.90978217124939,119.0,188.0,SF,1.0,1.0,0.0,ShAdDafrF,18.0,1063.0,17.0,1056.0,FTP
1720731118.440631,CQO8iK1dyYa4oa0E98,192.168.1.6,57640.0,192.168.1.4,21.0,tcp,10.031681060791016,107.0,188.0,SF,1.0,1.0,0.0,ShAdDafrF,18.0,1051.0,17.0,1056.0,FTP
1720731643.216485,CUMTnT2OyfVntkfjC4,192.168.1.6,40664.0,192.168.1.4,21.0,tcp,9.484757900238035,146.0,188.0,SF,1.0,1.0,0.0,ShAdDafFr,18.0,1090.0,17.0,1056.0,FTP
1720728125.357063,CiBry52tjC7nWCWdRf,192.168.1.4,43334.0,104.18.10.207,443.0,tcp,9.484757900238035,146.0,188.0,SF,1.0,1.0,0.0,ShAdDafFr,18.0,1090.0,17.0,1056.0,HTTPS
1720727914.219297,CC1Nj32rXX5I1ikM1l,192.168.1.4,51668.0,13.224.214.32,443.0,tcp,9.484757900238035,146.0,188.0,SF,1.0,1.0,0.0,ShAdDafFr,18.0,1090.0,17.0,1056.0,HTTPS
1720729109.763428,CaGrAv2AlOUyZjSie9,192.168.1.6,46694.0,192.168.1.4,21.0,tcp,9.924268007278442,113.0,188.0,SF,1.0,1.0,0.0,ShAdDafrF,18.0,1057.0,17.0,1056.0,FTP
1720730099.555316,CZk8XyNn3iuyBJGN7,192.168.1.6,48982.0,192.168.1.4,21.0,tcp,10.327745914459229,132.0,188.0,SF,1.0,1.0,0.0,ShAdDafrF,18.0,1076.0,17.0,1056.0,FTP
1720728708.811416,CI4xfu9zQMxu6mer5,192.168.1.6,37460.0,192.168.1.4,21.0,tcp,10.913451194763184,143.0,188.0,SF,1.0,1.0,0.0,ShAdDafFr,18.0,1087.0,17.0,1056.0,FTP
1720730205.774703,CqDMAXqF618Py0B1k,192.168.1.6,59396.0,192.168.1.4,21.0,tcp,11.131556987762451,135.0,188.0,SF,1.0,1.0,0.0,ShAdDafrF,18.0,1079.0,17.0,1056.0,FTP
1720730606.499049,C3q2ky190kKAzNIBcc,192.168.1.6,41792.0,192.168.1.4,21.0,tcp,10.324656009674072,126.0,188.0,SF,1.0,1.0,0.0,ShAdDafrF,18.0,1070.0,17.0,1056.0,FTP
1720729542.407137,CONaZy4Rg5O024xfHk,192.168.1.6,37752.0,192.168.1.4,21.0,tcp,10.596108198165894,143.0,188.0,SF,1.0,1.0,0.0,ShAdDafFr,18.0,1087.0,17.0,1056.0,FTP
1720727815.525301,CMvgbf4xDduDoWE3t,192.168.1.6,44864.0,192.168.1.4,21.0,tcp,9.871347904205322,118.0,188.0,SF,1.0,1.0,0.0,ShAdDafFr,18.0,1062.0,17.0,1056.0,FTP
1720729703.523809,CXeffm46DtmvhymmP9,192.168.1.6,47888.0,192.168.1.4,21.0,tcp,9.767071962356567,154.0,188.0,SF,1.0,1.0,0.0,ShAdDafFr,18.0,1098.0,17.0,1056.0,FTP
1720728139.763416,Cftu2x3WuQuDRpsgw4,192.168.1.6,37322.0,192.168.1.4,21.0,tcp,8.759846925735474,118.0,188.0,SF,1.0,1.0,0.0,ShAdDafrF,18.0,1062.0,17.0,1056.0,FTP
1720731564.56866,CswR513TJDJZNsbNLb,192.168.1.6,39796.0,192.168.1.4,21.0,tcp,8.759846925735474,118.0,188.0,SF,1.0,1.0,0.0,ShAdDafrF,18.0,1062.0,17.0,1056.0,FTP
1720729807.853562,CSEInf4k7PBHmHoME4,192.168.1.6,40438.0,192.168.1.4,21.0,tcp,10.514965772628784,120.0,188.0,SF,1.0,1.0,0.0,ShAdDafrF,18.0,1064.0,17.0,1056.0,FTP
1720729848.593625,ClvVfd29IGame6ii1a,192.168.1.6,41800.0,192.168.1.4,21.0,tcp,9.678287029266356,141.0,188.0,SF,1.0,1.0,0.0,ShAdDafrF,18.0,1085.0,17.0,1056.0,FTP
1720728095.546299,CQvuU44HoG14CCvwCa,192.168.1.4,49040.0,192.168.1.1,53.0,udp,0.001842021942138,49.0,323.0,SF,1.0,1.0,0.0,Dd,1.0,77.0,1.0,351.0,DNS
1720728219.95718,Clxa1H3oisIQe9dh5j,192.168.1.4,51010.0,192.168.1.1,53.0,udp,0.001842021942138,49.0,323.0,SF,1.0,1.0,0.0,Dd,1.0,77.0,1.0,351.0,DNS
1720728878.722841,CnSYG53R3nN3lZXlYe,192.168.1.6,38118.0,192.168.1.4,21.0,tcp,9.18293309211731,163.0,188.0,SF,1.0,1.0,0.0,ShAdDafrF,18.0,1107.0,17.0,1056.0,FTP
1720728306.090225,CFN1111Fxd1amiZutl,192.168.1.4,35870.0,13.224.214.6,443.0,tcp,45.35346508026123,2569.0,6761.0,SF,1.0,0.0,0.0,ShADadFf,16.0,3409.0,16.0,7601.0,HTTPS
1720730276.260602,CIv4TW31dq9DeDEiTd,192.168.1.6,54052.0,192.168.1.4,21.0,tcp,10.29367208480835,125.0,188.0,SF,1.0,1.0,0.0,ShAdDafFr,18.0,1069.0,17.0,1056.0,FTP
1720729478.624887,CJ9CF83DVy14JoM7Ab,192.168.1.6,50034.0,192.168.1.4,21.0,tcp,10.573417901992798,121.0,188.0,SF,1.0,1.0,0.0,ShAdDafrF,18.0,1065.0,17.0,1056.0,FTP
1720729027.470829,Clf6Jk4udExe68fh1,192.168.1.6,47678.0,192.168.1.4,21.0,tcp,10.355743885040283,132.0,188.0,SF,1.0,1.0,0.0,ShAdDafrF,18.0,1076.0,17.0,1056.0,FTP
1720728511.831475,CaAABn34auuMtl0K66,192.168.1.6,42006.0,192.168.1.4,21.0,tcp,10.112914085388184,116.0,188.0,SF,1.0,1.0,0.0,ShAdDafrF,18.0,1060.0,17.0,1056.0,FTP
1720729119.656649,CVzG9y41mUdZUh5lZ,192.168.1.6,41786.0,192.168.1.4,21.0,tcp,10.855287790298462,122.0,188.0,SF,1.0,1.0,0.0,ShAdDafFr,18.0,1066.0,17.0,1056.0,FTP
1720728151.17643,CrQMLj10uRpOdJaD8d,192.168.1.4,44292.0,192.168.1.1,53.0,udp,0.001949071884155,41.0,252.0,SF,1.0,1.0,0.0,Dd,1.0,69.0,1.0,280.0,DNS
1720728308.747482,CnuLr3MjJD87HOIv9,192.168.1.6,45672.0,192.168.1.4,21.0,tcp,10.382786989212036,116.0,188.0,SF,1.0,1.0,0.0,ShAdDafrF,18.0,1060.0,17.0,1056.0,FTP
1720729597.838659,Cclxn3k03O7hzd7wh,192.168.1.6,51186.0,192.168.1.4,21.0,tcp,10.3856999874115,110.0,188.0,SF,1.0,1.0,0.0,ShAdDafFr,18.0,1054.0,17.0,1056.0,FTP
1720728125.413491,CULhTW3WL7lBUZ7KQh,192.168.1.4,38076.0,192.168.1.1,53.0,udp,0.016445875167846,41.0,176.0,SF,1.0,1.0,0.0,Dd,1.0,69.0,1.0,204.0,DNS
1720730315.433568,CAtyqn4dAU4IuTjWz2,192.168.1.6,39128.0,192.168.1.4,21.0,tcp,10.48938798904419,128.0,188.0,SF,1.0,1.0,0.0,ShAdDafFr,18.0,1072.0,17.0,1056.0,FTP
1720729624.050361,CsLnJxkI9OqPMgb8,192.168.1.6,32844.0,192.168.1.4,21.0,tcp,9.278764963150024,121.0,188.0,SF,1.0,1.0,0.0,ShAdDafrF,18.0,1065.0,17.0,1056.0,FTP
1720731227.398718,C0H4o8MTDjJ0GafM1,192.168.1.6,48702.0,192.168.1.4,21.0,tcp,9.923752784729004,120.0,188.0,SF,1.0,1.0,0.0,ShAdDafFr,18.0,1064.0,17.0,1056.0,FTP
1720730505.849438,CYRBfw3xJrDeRaJRs7,192.168.1.6,60854.0,192.168.1.4,21.0,tcp,9.853650093078612,125.0,188.0,SF,1.0,1.0,0.0,ShAdDafrF,18.0,1069.0,17.0,1056.0,FTP
1720728031.069233,C8Cdmq2MI2Yy4aY6da,192.168.1.4,48377.0,192.168.1.1,53.0,udp,9.853650093078612,125.0,188.0,SF,1.0,1.0,0.0,ShAdDafrF,18.0,1069.0,17.0,1056.0,DNS
1720731875.129602,CNWSp62fk3z8Bwoial,192.168.1.6,46326.0,192.168.1.4,21.0,tcp,10.03779911994934,145.0,188.0,SF,1.0,1.0,0.0,ShAdDafrF,18.0,1089.0,17.0,1056.0,FTP
1720730401.146563,CJGliy22WwIrziXcdi,192.168.1.6,34074.0,192.168.1.4,21.0,tcp,10.293184041976929,129.0,188.0,SF,1.0,1.0,0.0,ShAdDafrF,18.0,1073.0,17.0,1056.0,FTP
1720727914.258124,CZYEE61jU48d8jwJ5h,192.168.1.4,52958.0,192.168.1.1,53.0,udp,10.293184041976929,129.0,188.0,SF,1.0,1.0,0.0,ShAdDafrF,18.0,1073.0,17.0,1056.0,DNS
1720731593.464736,C5gUUF4zsoyHLB8yK4,192.168.1.6,60828.0,192.168.1.4,21.0,tcp,9.80776309967041,126.0,188.0,SF,1.0,1.0,0.0,ShAdDafrF,18.0,1070.0,17.0,1056.0,FTP
1720728861.831119,CSug972D8jhx97wX34,192.168.1.6,50744.0,192.168.1.4,21.0,tcp,10.136733055114746,163.0,188.0,SF,1.0,1.0,0.0,ShAdDafrF,18.0,1107.0,17.0,1056.0,FTP
1720730610.079931,CEJyMu2WBeAaLhvf19,192.168.1.6,41844.0,192.168.1.4,21.0,tcp,10.503588914871216,125.0,188.0,SF,1.0,1.0,0.0,ShAdDafrF,18.0,1069.0,17.0,1056.0,FTP
1720730985.590874,CQ9yjl1pjtv8LjRDbh,192.168.1.6,55684.0,192.168.1.4,21.0,tcp,10.556808948516846,127.0,188.0,SF,1.0,1.0,0.0,ShAdDafFr,18.0,1071.0,17.0,1056.0,FTP
1720730901.92242,Cm0QpV19iK2avNC9mk,192.168.1.6,46482.0,192.168.1.4,21.0,tcp,9.6195170879364,121.0,188.0,SF,1.0,1.0,0.0,ShAdDafrF,18.0,1065.0,17.0,1056.0,FTP
1720729960.764554,Cb2wxa2IlB0K6XyML1,192.168.1.6,48522.0,192.168.1.4,21.0,tcp,11.018846035003662,126.0,188.0,SF,1.0,1.0,0.0,ShAdDafrF,18.0,1070.0,17.0,1056.0,FTP
1720728768.091205,CJm6R677YopvPKLD4,192.168.1.6,33026.0,192.168.1.4,21.0,tcp,10.212499141693115,126.0,188.0,SF,1.0,1.0,0.0,ShAdDafFr,18.0,1070.0,17.0,1056.0,FTP
1720730908.123104,CI5Xp44FTfHdaPDJNj,192.168.1.6,40210.0,192.168.1.4,21.0,tcp,10.097512006759644,127.0,188.0,SF,1.0,1.0,0.0,ShAdDafrF,18.0,1071.0,17.0,1056.0,FTP
1720729335.692606,CvzfF310yiUGF4BDLa,192.168.1.6,50706.0,192.168.1.4,21.0,tcp,9.99432110786438,116.0,188.0,SF,1.0,1.0,0.0,ShAdDafFr,18.0,1060.0,17.0,1056.0,FTP
1720728035.246313,CIpfmwGQbXVRBKMB9,192.168.1.4,59678.0,13.107.42.14,443.0,tcp,0.0,116.0,188.0,SF,0.0,1.0,0.0,ShAdDafFr,18.0,1060.0,17.0,1056.0,HTTPS
1720729589.142689,CcWeCX3LNwK9BDHQJ4,192.168.1.6,52536.0,192.168.1.4,21.0,tcp,10.491882085800173,112.0,188.0,SF,1.0,1.0,0.0,ShAdDafFr,18.0,1056.0,17.0,1056.0,FTP
1720731564.59921,C5ESwoYYhEUf3gki8,192.168.1.6,39812.0,192.168.1.4,21.0,tcp,9.682575941085815,149.0,188.0,SF,1.0,1.0,0.0,ShAdDafFr,18.0,1093.0,17.0,1056.0,FTP
1720727915.271744,CSbINy4mjkFx4UmWP2,192.168.1.4,35330.0,216.239.34.178,443.0,tcp,240.1565790176392,2986.0,29079.0,SF,1.0,0.0,0.0,ShADadFf,33.0,4710.0,41.0,31219.0,HTTPS
1720728305.863986,CLVmNrTOhyzxaJg9e,192.168.1.4,43488.0,192.168.1.1,53.0,udp,0.002085924148559,53.0,324.0,SF,1.0,1.0,0.0,Dd,1.0,81.0,1.0,352.0,DNS
1720729450.471725,C0Mxght4XGQLlvAac,192.168.1.6,55636.0,192.168.1.4,21.0,tcp,10.90031599998474,142.0,188.0,SF,1.0,1.0,0.0,ShAdDafFr,18.0,1086.0,17.0,1056.0,FTP
1720728216.401234,CH7ivB29mcVJAVu4Ae,192.168.1.6,42432.0,192.168.1.4,21.0,tcp,10.686185121536257,118.0,188.0,SF,1.0,1.0,0.0,ShAdDafrF,18.0,1062.0,17.0,1056.0,FTP
1720730011.826108,CU7bL13Fbey6zjpbo7,192.168.1.6,41264.0,192.168.1.4,21.0,tcp,9.418612003326416,124.0,188.0,SF,1.0,1.0,0.0,ShAdDafrF,18.0,1068.0,17.0,1056.0,FTP
1720728739.995422,C6fFp64qFrNA0JLJy,192.168.1.6,49758.0,192.168.1.4,21.0,tcp,10.88662314414978,124.0,188.0,SF,1.0,1.0,0.0,ShAdDafrF,18.0,1068.0,17.0,1056.0,FTP
1720728155.198625,Cx2xaw3YGUubskwYU,192.168.1.4,46016.0,23.62.164.139,443.0,tcp,53.55461096763611,2664.0,5752.0,SF,1.0,0.0,0.0,ShADadFfR,17.0,3532.0,19.0,6748.0,HTTPS
1720730887.264213,CvWng745cz7t2rIERg,192.168.1.6,43378.0,192.168.1.4,21.0,tcp,11.05735182762146,130.0,188.0,SF,1.0,1.0,0.0,ShAdDafrF,18.0,1074.0,17.0,1056.0,FTP
1720728185.11329,CV1yNIfzfNShbYxm6,192.168.1.4,59110.0,23.205.106.81,443.0,tcp,23.645521879196167,16176.0,156628.0,SF,1.0,0.0,0.0,ShADadFRf,68.0,19696.0,101.0,161888.0,HTTPS
1720730877.453483,CjyyrV1s0uTpir29F4,192.168.1.6,60132.0,192.168.1.4,21.0,tcp,9.820809841156006,125.0,188.0,SF,1.0,1.0,0.0,ShAdDafrF,18.0,1069.0,17.0,1056.0,FTP
1720728155.063588,CmraJicNMkcez7ZQ9,192.168.1.4,33624.0,104.16.40.28,443.0,tcp,9.820809841156006,125.0,188.0,SF,1.0,1.0,0.0,ShAdDafrF,18.0,1069.0,17.0,1056.0,HTTPS
1720730562.380502,CvYbVU2ydMxLu4diDh,192.168.1.6,59536.0,192.168.1.4,21.0,tcp,10.543821096420288,119.0,188.0,SF,1.0,1.0,0.0,ShAdDafrF,18.0,1063.0,17.0,1056.0,FTP
1720728306.035785,CPnm4KVCMSXhO3Dmk,192.168.1.4,46408.0,192.168.1.1,53.0,udp,0.013651132583618,56.0,101.0,SF,1.0,1.0,0.0,Dd,1.0,84.0,1.0,129.0,DNS
1720730133.262665,CbEaja1Rvt3EuPf8Bk,192.168.1.6,57448.0,192.168.1.4,21.0,tcp,10.864040851593018,125.0,188.0,SF,1.0,1.0,0.0,ShAdDafrF,18.0,1069.0,17.0,1056.0,FTP
1720728319.114901,C7JVdk4RDDlyhYNMA4,192.168.1.6,35658.0,192.168.1.4,21.0,tcp,10.769088983535768,118.0,188.0,SF,1.0,1.0,0.0,ShAdDafFr,18.0,1062.0,17.0,1056.0,FTP
1720728096.847383,CSkM3z1s0UPneIfQmc,192.168.1.4,51241.0,192.168.1.1,53.0,udp,0.014733076095581,51.0,402.0,SF,1.0,1.0,0.0,Dd,1.0,79.0,1.0,430.0,DNS
1720728148.487709,CO9pOo2pcOxt1RrlT1,192.168.1.6,42110.0,192.168.1.4,21.0,tcp,9.844075918197632,118.0,188.0,SF,1.0,1.0,0.0,ShAdDafFr,18.0,1062.0,17.0,1056.0,FTP
1720731838.495202,CAb9Sm11U8q4M6JNk,192.168.1.6,51768.0,192.168.1.4,21.0,tcp,10.398123025894163,137.0,188.0,SF,1.0,1.0,0.0,ShAdDafFr,18.0,1081.0,17.0,1056.0,FTP
1720728275.525664,CHFEec2d5kkrh5x1Gb,192.168.1.4,55014.0,13.107.253.40,443.0,tcp,10.398123025894163,137.0,188.0,SF,1.0,1.0,0.0,ShAdDafFr,18.0,1081.0,17.0,1056.0,HTTPS
1720727805.903055,CtHLy719yfwXucoZud,192.168.1.6,41928.0,192.168.1.4,21.0,tcp,9.881956100463867,118.0,188.0,SF,1.0,1.0,0.0,ShAdDafFr,18.0,1062.0,17.0,1056.0,FTP
1720731806.262553,C7jHJLoq9uSyuWI53,192.168.1.6,34926.0,192.168.1.4,21.0,tcp,11.353600025177002,152.0,188.0,SF,1.0,1.0,0.0,ShAdDafrF,18.0,1096.0,17.0,1056.0,FTP
1720728554.699731,CZtv9T3iGKdJq95z2e,192.168.1.6,50770.0,192.168.1.4,21.0,tcp,9.686510801315308,118.0,188.0,SF,1.0,1.0,0.0,ShAdDafrF,18.0,1062.0,17.0,1056.0,FTP
1720727914.194165,CE1fEv4oPmQkhwuCya,192.168.1.4,51597.0,192.168.1.1,53.0,udp,9.686510801315308,118.0,188.0,SF,1.0,1.0,0.0,ShAdDafrF,18.0,1062.0,17.0,1056.0,DNS
1720728124.837886,CVDYLa2Jr3SsFuXcgl,192.168.1.4,39102.0,142.251.32.104,443.0,udp,9.686510801315308,118.0,188.0,SF,1.0,1.0,0.0,ShAdDafrF,18.0,1062.0,17.0,1056.0,HTTPS
1720731348.269652,CkxjYi4fFmJdzotPB4,192.168.1.6,55266.0,192.168.1.4,21.0,tcp,10.927865028381348,166.0,188.0,SF,1.0,1.0,0.0,ShAdDafrF,18.0,1110.0,17.0,1056.0,FTP
1720728665.399389,CpRZYD4v7BdbH6XF0h,192.168.1.6,34254.0,192.168.1.4,21.0,tcp,9.933229923248293,141.0,188.0,SF,1.0,1.0,0.0,ShAdDafFr,18.0,1085.0,17.0,1056.0,FTP
1720729472.138627,Cti5aI3cLfiJbgXEBk,192.168.1.6,35356.0,192.168.1.4,21.0,tcp,9.833055019378662,125.0,188.0,SF,1.0,1.0,0.0,ShAdDafrF,18.0,1069.0,17.0,1056.0,FTP
1720728225.077251,CGpZ6DCXamF7tyFk9,192.168.1.6,34552.0,192.168.1.4,21.0,tcp,10.252110004425049,118.0,188.0,SF,1.0,1.0,0.0,ShAdDafFr,18.0,1062.0,17.0,1056.0,FTP
1720731335.766429,CUeLx8iQjqKOPCgta,192.168.1.6,38314.0,192.168.1.4,21.0,tcp,9.698688983917236,170.0,188.0,SF,1.0,1.0,0.0,ShAdDafrF,18.0,1114.0,17.0,1056.0,FTP
1720729052.423194,CGKTFt3yt87gwAc4V9,192.168.1.6,56052.0,192.168.1.4,21.0,tcp,9.981603145599363,123.0,188.0,SF,1.0,1.0,0.0,ShAdDafrF,18.0,1067.0,17.0,1056.0,FTP
1720729189.027482,CfV1ta3WKOEqqrzDkj,192.168.1.6,50182.0,192.168.1.4,21.0,tcp,10.594053030014038,124.0,188.0,SF,1.0,1.0,0.0,ShAdDafFr,18.0,1068.0,17.0,1056.0,FTP
1720730309.276785,CP0VgESOvsioF8nD4,192.168.1.6,50308.0,192.168.1.4,21.0,tcp,10.202850103378296,126.0,188.0,SF,1.0,1.0,0.0,ShAdDafFr,18.0,1070.0,17.0,1056.0,FTP
1720730812.997196,CKL9H12cqIVjB2FJb6,192.168.1.6,54092.0,192.168.1.4,21.0,tcp,9.30638313293457,123.0,188.0,SF,1.0,1.0,0.0,ShAdDafrF,18.0,1067.0,17.0,1056.0,FTP
1720728305.996545,CAOcry2LsuURuYSNgf,192.168.1.4,46572.0,204.79.197.237,443.0,tcp,45.44654083251953,3679.0,8283.0,SF,1.0,0.0,0.0,ShADadFf,15.0,4299.0,17.0,8975.0,HTTPS
1720727764.483068,CWWjY23as9lB5oywil,192.168.1.4,55664.0,68.67.160.186,443.0,tcp,12.34110689163208,10220.0,11129.0,RSTO,1.0,0.0,0.0,ShADadfR,23.0,11424.0,22.0,12281.0,HTTPS
1720727854.039662,CT19Xc2JnCiP3RceJc,192.168.1.4,49062.0,192.168.1.1,53.0,udp,12.34110689163208,10220.0,11129.0,RSTO,1.0,0.0,0.0,ShADadfR,23.0,11424.0,22.0,12281.0,DNS
1720728120.250952,CLr0NlJqGfVAfcOo7,192.168.1.6,53782.0,192.168.1.4,21.0,tcp,9.87230110168457,118.0,188.0,SF,1.0,1.0,0.0,ShAdDafrF,18.0,1062.0,17.0,1056.0,FTP
1720728206.211776,CXcRx84jmhOOi36CLf,192.168.1.6,43806.0,192.168.1.4,21.0,tcp,9.29023504257202,118.0,188.0,SF,1.0,1.0,0.0,ShAdDafrF,18.0,1062.0,17.0,1056.0,FTP
1720728095.549143,C3rqhM3fuzuPKfz9Al,192.168.1.4,56990.0,142.251.41.2,443.0,tcp,9.29023504257202,118.0,188.0,SF,1.0,1.0,0.0,ShAdDafrF,18.0,1062.0,17.0,1056.0,HTTPS
1720730092.897501,CIkHcF44D2EhLIiJXe,192.168.1.6,33686.0,192.168.1.4,21.0,tcp,9.779040098190308,149.0,188.0,SF,1.0,1.0,0.0,ShAdDafrF,18.0,1093.0,17.0,1056.0,FTP
1720728216.353544,CCBGgt2pDdrKdy0Uy4,192.168.1.4,47094.0,162.159.133.233,443.0,udp,0.131710052490234,9456.0,161908.0,SF,1.0,0.0,0.0,Dd,66.0,11304.0,146.0,165996.0,HTTPS
1720728064.568596,CMMdNI14VMHr2jKKs4,192.168.1.4,60010.0,142.250.65.170,443.0,tcp,144.18542909622192,2433.0,12956.0,SF,1.0,0.0,0.0,ShADadFf,21.0,3533.0,21.0,14056.0,HTTPS
1720729829.404086,Cdhuqe1EEaf7A9Ugc8,192.168.1.6,34370.0,192.168.1.4,21.0,tcp,10.658779859542848,129.0,188.0,SF,1.0,1.0,0.0,ShAdDafrF,18.0,1073.0,17.0,1056.0,FTP
1720728837.347614,CBj8tJ1zyapWY1IuEf,192.168.1.6,51680.0,192.168.1.4,21.0,tcp,8.828145980834961,119.0,188.0,SF,1.0,1.0,0.0,ShAdDafFr,18.0,1063.0,17.0,1056.0,FTP
1720728021.547588,Ceycq5ngToRiUpGZ5,192.168.1.6,55458.0,192.168.1.4,21.0,tcp,10.036776781082152,118.0,188.0,SF,1.0,1.0,0.0,ShAdDafrF,18.0,1062.0,17.0,1056.0,FTP
1720728245.208787,CFaNL44hiDFBUWdPIk,192.168.1.4,38733.0,192.168.1.1,53.0,udp,10.036776781082152,118.0,188.0,SF,1.0,1.0,0.0,ShAdDafrF,18.0,1062.0,17.0,1056.0,DNS
1720728216.086619,CWYhTt3iKW1xV8XHii,192.168.1.4,59236.0,192.168.1.1,53.0,udp,10.036776781082152,118.0,188.0,SF,1.0,1.0,0.0,ShAdDafrF,18.0,1062.0,17.0,1056.0,DNS
1720729729.579297,C9nz5Z2uOVgmY59fKg,192.168.1.6,37982.0,192.168.1.4,21.0,tcp,9.947052001953123,112.0,188.0,SF,1.0,1.0,0.0,ShAdDafFr,18.0,1056.0,17.0,1056.0,FTP
1720729564.243216,CJiEWZ3u0ttiCW8xTb,192.168.1.6,55626.0,192.168.1.4,21.0,tcp,10.185471057891846,112.0,188.0,SF,1.0,1.0,0.0,ShAdDafrF,18.0,1056.0,17.0,1056.0,FTP
1720728788.714224,Cg5Lye1Rj4SzWJq8e2,192.168.1.6,33930.0,192.168.1.4,21.0,tcp,9.774574995040894,119.0,188.0,SF,1.0,1.0,0.0,ShAdDafrF,18.0,1063.0,17.0,1056.0,FTP
1720731408.322279,CSGvpd3iLPy3W6DIO6,192.168.1.6,47686.0,192.168.1.4,21.0,tcp,9.68702507019043,163.0,188.0,SF,1.0,1.0,0.0,ShAdDafrF,18.0,1107.0,17.0,1056.0,FTP
1720729773.076137,CV2rIl37cg3o0uwJHb,192.168.1.6,46674.0,192.168.1.4,21.0,tcp,10.000030994415283,119.0,188.0,SF,1.0,1.0,0.0,ShAdDafrF,18.0,1063.0,17.0,1056.0,FTP
1720727885.309313,CMlLfO1Qii3sjQQHB7,192.168.1.4,54040.0,146.75.36.84,443.0,tcp,10.000030994415283,119.0,188.0,SF,1.0,1.0,0.0,ShAdDafrF,18.0,1063.0,17.0,1056.0,HTTPS
1720731613.574214,CDTUR224tbOQK5w5m1,192.168.1.6,45088.0,192.168.1.4,21.0,tcp,10.198976993560793,174.0,188.0,SF,1.0,1.0,0.0,ShAdDafFr,18.0,1118.0,17.0,1056.0,FTP
1720727853.428378,CvCT144cDMEdwqB2V6,192.168.1.4,56008.0,192.168.1.1,53.0,udp,0.001919984817504,50.0,374.0,SF,1.0,1.0,0.0,Dd,1.0,78.0,1.0,402.0,DNS
1720730331.697329,C7wD1p3DZTqCDmJq3d,192.168.1.6,57512.0,192.168.1.4,21.0,tcp,10.07026505470276,126.0,188.0,SF,1.0,1.0,0.0,ShAdDafrF,18.0,1070.0,17.0,1056.0,FTP
1720730298.698999,CVZJpT1Ib2vJGYn72b,192.168.1.6,44674.0,192.168.1.4,21.0,tcp,10.075191020965576,136.0,188.0,SF,1.0,1.0,0.0,ShAdDafrF,18.0,1080.0,17.0,1056.0,FTP
1720731557.119151,CONVC54Muf39rMDZbg,192.168.1.6,35596.0,192.168.1.4,21.0,tcp,9.720890998840332,142.0,188.0,SF,1.0,1.0,0.0,ShAdDafrF,18.0,1086.0,17.0,1056.0,FTP
1720729755.943466,CETSAN3k0AjGNWmyok,192.168.1.6,43574.0,192.168.1.4,21.0,tcp,9.64971399307251,116.0,188.0,SF,1.0,1.0,0.0,ShAdDafrF,18.0,1060.0,17.0,1056.0,FTP
1720728211.819372,CsrImJ6tq0hUo4Wga,192.168.1.4,51150.0,192.168.1.1,53.0,udp,0.021607160568237,40.0,209.0,SF,1.0,1.0,0.0,Dd,1.0,68.0,1.0,237.0,DNS
1720731534.197304,COlWVp2bcjMc2Qcslg,192.168.1.6,44882.0,192.168.1.4,21.0,tcp,10.7119460105896,142.0,188.0,SF,1.0,1.0,0.0,ShAdDafFr,18.0,1086.0,17.0,1056.0,FTP
1720731850.380661,C2lEis2iIMw5Aw4qs1,192.168.1.6,35412.0,192.168.1.4,21.0,tcp,10.323868989944458,131.0,188.0,SF,1.0,1.0,0.0,ShAdDafrF,18.0,1075.0,17.0,1056.0,FTP
1720730363.677214,CNCJBHG9MKJlt5sbi,192.168.1.6,44768.0,192.168.1.4,21.0,tcp,9.38797116279602,130.0,188.0,SF,1.0,1.0,0.0,ShAdDafFr,18.0,1074.0,17.0,1056.0,FTP
1720727914.50204,COOqvL3rzRCnAqXAs,192.168.1.4,38191.0,192.168.1.1,53.0,udp,0.001940011978149,59.0,333.0,SF,1.0,1.0,0.0,Dd,1.0,87.0,1.0,361.0,DNS
1720731049.26262,CWfEUv21XsiYLY5NL,192.168.1.6,33164.0,192.168.1.4,21.0,tcp,11.448854923248293,128.0,188.0,SF,1.0,1.0,0.0,ShAdDafrF,18.0,1072.0,17.0,1056.0,FTP
1720729047.751619,C9Fb67Mdbdh4GihQb,192.168.1.6,55982.0,192.168.1.4,21.0,tcp,10.057503938674929,113.0,188.0,SF,1.0,1.0,0.0,ShAdDafFr,18.0,1057.0,17.0,1056.0,FTP
1720728245.100295,CaFoWm2yqP5mMV4z6l,192.168.1.4,53383.0,192.168.1.1,53.0,udp,0.029364824295043,43.0,189.0,SF,1.0,1.0,0.0,Dd,1.0,71.0,1.0,217.0,DNS
1720730887.143245,CJ3XSH3WU223hBliQc,192.168.1.6,43330.0,192.168.1.4,21.0,tcp,11.05573296546936,136.0,188.0,SF,1.0,1.0,0.0,ShAdDafrF,18.0,1080.0,17.0,1056.0,FTP
1720730109.725345,CQc7L7lxy1Y2ecgu6,192.168.1.6,50350.0,192.168.1.4,21.0,tcp,10.23852515220642,122.0,188.0,SF,1.0,1.0,0.0,ShAdDafFr,18.0,1066.0,17.0,1056.0,FTP
1720731096.322806,CPWGnq4EUBP693Vqxi,192.168.1.6,43278.0,192.168.1.4,21.0,tcp,10.4669451713562,123.0,188.0,SF,1.0,1.0,0.0,ShAdDafrF,18.0,1067.0,17.0,1056.0,FTP
1720730550.522823,CFNmdm2vDTU5hStsP6,192.168.1.6,58700.0,192.168.1.4,21.0,tcp,10.598917961120604,120.0,188.0,SF,1.0,1.0,0.0,ShAdDafrF,18.0,1064.0,17.0,1056.0,FTP
1720728226.903439,Cyjs9f4sMI0fXivF3g,192.168.1.6,34588.0,192.168.1.4,21.0,tcp,9.916590929031372,118.0,188.0,SF,1.0,1.0,0.0,ShAdDafFr,18.0,1062.0,17.0,1056.0,FTP
1720730591.840737,C9dgSu4YLDwRlGsqBa,192.168.1.6,35046.0,192.168.1.4,21.0,tcp,11.099581003189089,126.0,188.0,SF,1.0,1.0,0.0,ShAdDafFr,18.0,1070.0,17.0,1056.0,FTP
1720728409.808448,Cd8mon4Z57GJBMTdeh,192.168.1.6,38516.0,192.168.1.4,21.0,tcp,10.30109190940857,118.0,188.0,SF,1.0,1.0,0.0,ShAdDafrF,18.0,1062.0,17.0,1056.0,FTP
1720728096.345214,CfEB3u2Jp7IbLIbtkj,192.168.1.4,57826.0,192.168.1.1,53.0,udp,0.036571025848388,45.0,343.0,SF,1.0,1.0,0.0,Dd,1.0,73.0,1.0,371.0,DNS
1720731925.113681,CHXSuB49b7W51E33gf,192.168.1.6,37580.0,192.168.1.4,21.0,tcp,10.075899839401243,157.0,188.0,SF,1.0,1.0,0.0,ShAdDafFr,18.0,1101.0,17.0,1056.0,FTP
1720730179.897911,CcTEmc18Psz9k0UQPk,192.168.1.6,44984.0,192.168.1.4,21.0,tcp,10.760704040527344,128.0,188.0,SF,1.0,1.0,0.0,ShAdDafFr,18.0,1072.0,17.0,1056.0,FTP
1720730141.375072,C9BftijJBLZ5np0F1,192.168.1.6,57530.0,192.168.1.4,21.0,tcp,9.534893989562988,120.0,188.0,SF,1.0,1.0,0.0,ShAdDafrF,18.0,1064.0,17.0,1056.0,FTP
1720729871.373545,CQc6JY3OYGmV16u6Ta,192.168.1.6,51962.0,192.168.1.4,21.0,tcp,9.955799102783203,123.0,188.0,SF,1.0,1.0,0.0,ShAdDafFr,18.0,1067.0,17.0,1056.0,FTP
1720728211.935598,Ctv0kN3EsD3d8eVWvi,192.168.1.4,35644.0,23.218.218.191,443.0,tcp,5.929717063903809,3142.0,5339.0,SF,1.0,0.0,0.0,ShADadFfR,14.0,3854.0,14.0,6075.0,HTTPS
1720728244.942764,CzKhIa4TG2RsLWwkO2,192.168.1.4,52082.0,192.168.1.1,53.0,udp,0.00122594833374,75.0,149.0,SF,1.0,1.0,0.0,Dd,1.0,103.0,1.0,177.0,DNS
1720729027.3472,C7aOv02OqvGL0AGUnc,192.168.1.6,47648.0,192.168.1.4,21.0,tcp,10.352822065353394,114.0,188.0,SF,1.0,1.0,0.0,ShAdDafrF,18.0,1058.0,17.0,1056.0,FTP
1720729633.3762,CpzPUmE5ZiZ70PkC6,192.168.1.6,47482.0,192.168.1.4,21.0,tcp,8.986217021942139,123.0,188.0,SF,1.0,1.0,0.0,ShAdDafrF,18.0,1067.0,17.0,1056.0,FTP
1720731283.329267,CJA74c3SGiAbcJX2v4,192.168.1.6,50054.0,192.168.1.4,21.0,tcp,11.150723934173584,196.0,188.0,SF,1.0,1.0,0.0,ShAdDafrF,18.0,1140.0,17.0,1056.0,FTP
1720731683.555901,Cpwm9x3g5y9oL66Oa,192.168.1.6,52608.0,192.168.1.4,21.0,tcp,10.67730188369751,152.0,188.0,SF,1.0,1.0,0.0,ShAdDafFr,18.0,1096.0,17.0,1056.0,FTP
1720731623.793125,C1my8028cRqtLX3eCb,192.168.1.6,35042.0,192.168.1.4,21.0,tcp,9.973132133483888,164.0,188.0,SF,1.0,1.0,0.0,ShAdDafFr,18.0,1108.0,17.0,1056.0,FTP
1720729127.154985,CP6VF21bdnqEZnDRDj,192.168.1.6,45796.0,192.168.1.4,21.0,tcp,11.217079162597656,130.0,188.0,SF,1.0,1.0,0.0,ShAdDafrF,18.0,1074.0,17.0,1056.0,FTP
1720728869.420984,CxRNTz3eEK1cuq7uMh,192.168.1.6,52420.0,192.168.1.4,21.0,tcp,9.944984912872314,144.0,188.0,SF,1.0,1.0,0.0,ShAdDafrF,18.0,1088.0,17.0,1056.0,FTP
1720728305.710445,Cw9OE42zZ7PFM6swBa,192.168.1.4,54126.0,13.224.207.4,443.0,tcp,9.944984912872314,144.0,188.0,SF,1.0,1.0,0.0,ShAdDafrF,18.0,1088.0,17.0,1056.0,HTTPS
1720728067.496204,CPMRq82aDzrf2Ph1L6,192.168.1.6,56220.0,192.168.1.4,21.0,tcp,9.991154193878174,118.0,188.0,SF,1.0,1.0,0.0,ShAdDafrF,18.0,1062.0,17.0,1056.0,FTP
1720728856.263539,CovEl02cc3dTRbMjm4,192.168.1.6,50650.0,192.168.1.4,21.0,tcp,9.33485984802246,136.0,188.0,SF,1.0,1.0,0.0,ShAdDafrF,18.0,1080.0,17.0,1056.0,FTP
1720729422.841157,CmOiFc1oXHaw0znuU2,192.168.1.6,36278.0,192.168.1.4,21.0,tcp,9.842005968093872,118.0,188.0,SF,1.0,1.0,0.0,ShAdDafrF,18.0,1062.0,17.0,1056.0,FTP
1720729624.060373,CWmwiA3azzbMrkgfQ6,192.168.1.6,32846.0,192.168.1.4,21.0,tcp,9.295374870300291,113.0,188.0,SF,1.0,1.0,0.0,ShAdDafFr,18.0,1057.0,17.0,1056.0,FTP
1720729103.554049,Cz601d1J5CwlOCSeT5,192.168.1.6,46578.0,192.168.1.4,21.0,tcp,10.118515014648438,116.0,188.0,SF,1.0,1.0,0.0,ShAdDafrF,18.0,1060.0,17.0,1056.0,FTP
1720728849.520435,CvjOXS3KrEr1La2Ucl,192.168.1.6,39770.0,192.168.1.4,21.0,tcp,9.7095148563385,124.0,188.0,SF,1.0,1.0,0.0,ShAdDafrF,18.0,1068.0,17.0,1056.0,FTP
1720730100.238039,C3XMBm3T6nyNsWwwpj,192.168.1.6,49012.0,192.168.1.4,21.0,tcp,10.603240966796877,127.0,188.0,SF,1.0,1.0,0.0,ShAdDafrF,18.0,1071.0,17.0,1056.0,FTP
1720731919.200353,CayFAA3PUZeTK1Tci,192.168.1.6,38602.0,192.168.1.4,21.0,tcp,8.793301105499268,185.0,188.0,SF,1.0,1.0,0.0,ShAdDafrF,18.0,1129.0,17.0,1056.0,FTP
1720727915.138264,Cwd7CP3e6zoqFzrFxj,192.168.1.4,55756.0,192.168.1.1,53.0,udp,8.793301105499268,185.0,188.0,SF,1.0,1.0,0.0,ShAdDafrF,18.0,1129.0,17.0,1056.0,DNS
1720727915.051242,COYhMQ2F0rIA5R4ySe,192.168.1.4,41473.0,192.168.1.1,53.0,udp,0.010695934295654,44.0,101.0,SF,1.0,1.0,0.0,Dd,1.0,72.0,1.0,129.0,DNS
1720727854.033554,CVJX2EMb2sHGkAXZg,192.168.1.4,46818.0,192.168.1.1,53.0,udp,0.005988836288452,49.0,127.0,SF,1.0,1.0,0.0,Dd,1.0,77.0,1.0,155.0,DNS
1720731534.142102,CnVyXF3mFCTD6HQhih,192.168.1.6,44838.0,192.168.1.4,21.0,tcp,10.722332954406738,142.0,188.0,SF,1.0,1.0,0.0,ShAdDafrF,18.0,1086.0,17.0,1056.0,FTP
1720728035.574297,CkW2zh2rB0RMwshSk6,192.168.1.4,56258.0,15.197.193.217,443.0,tcp,10.722332954406738,142.0,188.0,SF,1.0,1.0,0.0,ShAdDafrF,18.0,1086.0,17.0,1056.0,HTTPS
1720728035.141015,CJIcJd2CEvNK25rlJ2,192.168.1.4,59246.0,216.239.38.181,443.0,tcp,10.722332954406738,142.0,188.0,SF,1.0,1.0,0.0,ShAdDafrF,18.0,1086.0,17.0,1056.0,HTTPS
1720731167.391132,Cr9GiT2r95blnA6e4d,192.168.1.6,41784.0,192.168.1.4,21.0,tcp,10.369987964630129,109.0,188.0,SF,1.0,1.0,0.0,ShAdDafFr,18.0,1053.0,17.0,1056.0,FTP
1720731694.211491,CyQC7n2Dvf0Bk90Eji,192.168.1.6,35518.0,192.168.1.4,21.0,tcp,10.268711805343628,179.0,188.0,SF,1.0,1.0,0.0,ShAdDafrF,18.0,1123.0,17.0,1056.0,FTP
1720728822.297909,Cg14xJ1ETLxPRFPGN8,192.168.1.6,57338.0,192.168.1.4,21.0,tcp,9.321518898010254,123.0,188.0,SF,1.0,1.0,0.0,ShAdDafrF,18.0,1067.0,17.0,1056.0,FTP
1720728245.213489,Coox3C3M1eODBo3Hd1,192.168.1.4,58048.0,104.104.72.162,443.0,tcp,9.321518898010254,123.0,188.0,SF,1.0,1.0,0.0,ShAdDafrF,18.0,1067.0,17.0,1056.0,HTTPS
1720729511.936818,C2cDr1254XCOz4oSu8,192.168.1.6,39610.0,192.168.1.4,21.0,tcp,10.834875106811523,112.0,188.0,SF,1.0,1.0,0.0,ShAdDafrF,18.0,1056.0,17.0,1056.0,FTP
1720729816.334881,CxA2KA7a4cqci4uO8,192.168.1.6,34346.0,192.168.1.4,21.0,tcp,9.815342903137209,125.0,188.0,SF,1.0,1.0,0.0,ShAdDafrF,18.0,1069.0,17.0,1056.0,FTP
1720727976.493829,CYYFNi13IFrphI0JA1,192.168.1.6,55066.0,192.168.1.4,21.0,tcp,10.178471088409424,116.0,188.0,SF,1.0,1.0,0.0,ShAdDafFr,18.0,1060.0,17.0,1056.0,FTP
1720727915.220935,CnqvycwAI8YLUeJK9,192.168.1.4,48070.0,142.251.41.3,443.0,udp,0.070288896560668,3986.0,8560.0,SF,1.0,0.0,0.0,Dd,6.0,4154.0,9.0,8812.0,HTTPS
1720728034.071771,C7veweKyywCwy0Dt7,192.168.1.4,33440.0,192.168.1.1,53.0,udp,0.094365119934082,39.0,127.0,SF,1.0,1.0,0.0,Dd,1.0,67.0,1.0,155.0,DNS
1720729691.051828,CqmfPs3J0MeIJxQmKb,192.168.1.6,56066.0,192.168.1.4,21.0,tcp,9.548249006271362,111.0,188.0,SF,1.0,1.0,0.0,ShAdDafFr,18.0,1055.0,17.0,1056.0,FTP
1720729345.744755,CeKwOt3UtmRPLBF8lg,192.168.1.6,32888.0,192.168.1.4,21.0,tcp,10.60224986076355,113.0,188.0,SF,1.0,1.0,0.0,ShAdDafrF,18.0,1057.0,17.0,1056.0,FTP
1720727884.50728,C76cT6QeNYDTHwRW5,192.168.1.4,59217.0,192.168.1.1,53.0,udp,10.60224986076355,113.0,188.0,SF,1.0,1.0,0.0,ShAdDafrF,18.0,1057.0,17.0,1056.0,DNS
1720730708.540035,C6hFbW1a81gggiSAy5,192.168.1.6,57634.0,192.168.1.4,21.0,tcp,9.392337083816528,135.0,188.0,SF,1.0,1.0,0.0,ShAdDafrF,18.0,1079.0,17.0,1056.0,FTP
1720728219.951617,CtEEO84CfXr4JWghu,192.168.1.4,57805.0,192.168.1.1,53.0,udp,9.392337083816528,135.0,188.0,SF,1.0,1.0,0.0,ShAdDafrF,18.0,1079.0,17.0,1056.0,DNS
1720731554.818436,C8nFYu2D5fnq4p4i19,192.168.1.6,35582.0,192.168.1.4,21.0,tcp,9.916293144226074,142.0,188.0,SF,1.0,1.0,0.0,ShAdDafrF,18.0,1086.0,17.0,1056.0,FTP
1720731833.082905,CPRuLU1bGbQBo1kUlh,192.168.1.6,51710.0,192.168.1.4,21.0,tcp,10.983450889587402,160.0,188.0,SF,1.0,1.0,0.0,ShAdDafrF,18.0,1104.0,17.0,1056.0,FTP
1720728276.13767,CJ7zaK1zqUGInDWfO1,192.168.1.4,34838.0,192.168.1.1,53.0,udp,0.004173040390014,41.0,209.0,SF,1.0,1.0,0.0,Dd,1.0,69.0,1.0,237.0,DNS
1720728214.760092,CUO3k3ikrHK6EBoB2,192.168.1.4,47814.0,192.168.1.1,53.0,udp,0.004173040390014,41.0,209.0,SF,1.0,1.0,0.0,Dd,1.0,69.0,1.0,237.0,DNS
1720727933.597365,CfYhYb3ykeDIBsk9Y3,192.168.1.6,41456.0,192.168.1.4,21.0,tcp,10.261505126953123,118.0,188.0,SF,1.0,1.0,0.0,ShAdDafrF,18.0,1062.0,17.0,1056.0,FTP
1720728299.821527,CRPgxQ1UB0OqalIFJj,192.168.1.6,60746.0,192.168.1.4,21.0,tcp,11.13152289390564,118.0,188.0,SF,1.0,1.0,0.0,ShAdDafrF,18.0,1062.0,17.0,1056.0,FTP
1720729116.704602,CGE3G045MYQ6UH9j43,192.168.1.6,41764.0,192.168.1.4,21.0,tcp,10.460417985916138,116.0,188.0,SF,1.0,1.0,0.0,ShAdDafrF,18.0,1060.0,17.0,1056.0,FTP
1720730951.08036,CnSB1S3PYwykGiFiDb,192.168.1.6,56894.0,192.168.1.4,21.0,tcp,10.277583122253418,137.0,188.0,SF,1.0,1.0,0.0,ShAdDafFr,18.0,1081.0,17.0,1056.0,FTP
1720728006.4944,Cp6vIS3ybXTO5vgrhd,192.168.1.6,38294.0,192.168.1.4,21.0,tcp,10.52246594429016,116.0,188.0,SF,1.0,1.0,0.0,ShAdDafrF,18.0,1060.0,17.0,1056.0,FTP
1720728034.854608,CnaDLy3M6d1hdlEiol,192.168.1.4,44799.0,142.251.32.104,443.0,tcp,10.52246594429016,116.0,188.0,SF,1.0,1.0,0.0,ShAdDafrF,18.0,1060.0,17.0,1056.0,HTTPS
1720729614.027944,CLrOxs4Nx0ZGW9OMF4,192.168.1.6,47544.0,192.168.1.4,21.0,tcp,9.839730978012083,113.0,188.0,SF,1.0,1.0,0.0,ShAdDafrF,18.0,1057.0,17.0,1056.0,FTP
1720728840.163907,Ci7CTE4gNyryEXNUna,192.168.1.6,51792.0,192.168.1.4,21.0,tcp,9.407145023345947,126.0,188.0,SF,1.0,1.0,0.0,ShAdDafrF,18.0,1070.0,17.0,1056.0,FTP
1720730676.279701,CU30E323YtGefNCUa,192.168.1.6,42230.0,192.168.1.4,21.0,tcp,10.487221956253052,130.0,188.0,SF,1.0,1.0,0.0,ShAdDafFr,18.0,1074.0,17.0,1056.0,FTP
1720727914.218671,C3p9eCKTbVJIU7nG8,192.168.1.4,51660.0,13.224.214.32,443.0,tcp,10.487221956253052,130.0,188.0,SF,1.0,1.0,0.0,ShAdDafFr,18.0,1074.0,17.0,1056.0,HTTPS
1720731433.03341,Chm4bJ3BcZdzXYsal2,192.168.1.6,52916.0,192.168.1.4,21.0,tcp,11.10519790649414,143.0,188.0,SF,1.0,1.0,0.0,ShAdDafrF,18.0,1087.0,17.0,1056.0,FTP
1720728219.785288,CBNwDlqkZODzwivGc,192.168.1.4,54484.0,192.168.1.1,53.0,udp,0.015763998031616,40.0,183.0,SF,1.0,1.0,0.0,Dd,1.0,68.0,1.0,211.0,DNS
1720727915.231096,CBgJkGQ3yqbnB0lpb,192.168.1.4,42649.0,192.168.1.1,53.0,udp,0.01720905303955,45.0,231.0,SF,1.0,1.0,0.0,Dd,1.0,73.0,1.0,259.0,DNS
1720728155.192365,CieAdw2qjLB4CYA0Zc,192.168.1.4,60670.0,192.168.1.1,53.0,udp,0.005104064941406,58.0,139.0,SF,1.0,1.0,0.0,Dd,1.0,86.0,1.0,167.0,DNS
1720728422.838675,Cd9cGs2yKJ3ZNtvb3e,192.168.1.6,47096.0,192.168.1.4,21.0,tcp,9.318814992904665,118.0,188.0,SF,1.0,1.0,0.0,ShAdDafrF,18.0,1062.0,17.0,1056.0,FTP
1720729544.14255,CLKh0d4lmRc9idbg1i,192.168.1.6,48858.0,192.168.1.4,21.0,tcp,9.95240592956543,129.0,188.0,SF,1.0,1.0,0.0,ShAdDafrF,18.0,1073.0,17.0,1056.0,FTP
1720730600.213391,C8W3sy41btbDj0UQOk,192.168.1.6,41948.0,192.168.1.4,21.0,tcp,9.891762018203735,136.0,188.0,SF,1.0,1.0,0.0,ShAdDafrF,18.0,1080.0,17.0,1056.0,FTP
1720731795.223159,CtQM8M3J93lKxOg5Sl,192.168.1.6,60842.0,192.168.1.4,21.0,tcp,11.215282917022703,148.0,188.0,SF,1.0,1.0,0.0,ShAdDafFr,18.0,1092.0,17.0,1056.0,FTP
1720727793.510976,C9uMHu40YwjiAXcht6,192.168.1.4,56088.0,18.238.11.190,443.0,tcp,11.215282917022703,148.0,188.0,SF,1.0,1.0,0.0,ShAdDafFr,18.0,1092.0,17.0,1056.0,HTTPS
1720728155.275732,CrO1zj3i7ADWT5AZrj,192.168.1.4,48803.0,192.168.1.1,53.0,udp,0.016512870788574,54.0,131.0,SF,1.0,1.0,0.0,Dd,1.0,82.0,1.0,159.0,DNS
1720728737.108081,CbRLQoVMwPPWT7Py,192.168.1.6,49678.0,192.168.1.4,21.0,tcp,10.44627594947815,129.0,188.0,SF,1.0,1.0,0.0,ShAdDafrF,18.0,1073.0,17.0,1056.0,FTP
1720730028.2209,CFW5cWuV2uRerVbWi,192.168.1.6,59214.0,192.168.1.4,21.0,tcp,10.145530939102173,130.0,188.0,SF,1.0,1.0,0.0,ShAdDafrF,18.0,1074.0,17.0,1056.0,FTP
1720731780.985814,C3hYh33qEtHcD4OHWl,192.168.1.6,50254.0,192.168.1.4,21.0,tcp,10.311956882476808,163.0,188.0,SF,1.0,1.0,0.0,ShAdDafrF,18.0,1107.0,17.0,1056.0,FTP
1720728096.382557,C7zX4uzFDzrKZ9055,192.168.1.4,48074.0,192.168.1.1,53.0,udp,10.311956882476808,163.0,188.0,SF,1.0,1.0,0.0,ShAdDafrF,18.0,1107.0,17.0,1056.0,DNS
1720727761.903701,CF7S6a1d9boLDukJf1,192.168.1.6,52162.0,192.168.1.4,21.0,tcp,9.76009202003479,118.0,188.0,SF,1.0,1.0,0.0,ShAdDafrF,18.0,1062.0,17.0,1056.0,FTP
1720730582.854331,C7wuXh10m4Jl9mtO03,192.168.1.6,39588.0,192.168.1.4,21.0,tcp,9.91558003425598,117.0,188.0,SF,1.0,1.0,0.0,ShAdDafrF,18.0,1061.0,17.0,1056.0,FTP
1720728553.966171,Cn2q0z2fAJ7BXuRrT5,192.168.1.6,50744.0,192.168.1.4,21.0,tcp,9.734956979751589,118.0,188.0,SF,1.0,1.0,0.0,ShAdDafrF,18.0,1062.0,17.0,1056.0,FTP
1720728918.218895,CXWpCC3yqMsvBVezLi,192.168.1.6,50554.0,192.168.1.4,21.0,tcp,9.52100110054016,164.0,188.0,SF,1.0,1.0,0.0,ShAdDafrF,18.0,1108.0,17.0,1056.0,FTP
1720728624.295662,CCVCnN23nPaG1sOgP3,192.168.1.6,36688.0,192.168.1.4,21.0,tcp,10.378288984298706,121.0,188.0,SF,1.0,1.0,0.0,ShAdDafrF,18.0,1065.0,17.0,1056.0,FTP
1720729931.286007,CpVdn2jVBxWnW17b2,192.168.1.6,52160.0,192.168.1.4,21.0,tcp,10.659489154815674,129.0,188.0,SF,1.0,1.0,0.0,ShAdDafrF,18.0,1073.0,17.0,1056.0,FTP
1720731742.203756,CtFSaY197uF25fEnj3,192.168.1.6,52694.0,192.168.1.4,21.0,tcp,9.914959907531738,156.0,188.0,SF,1.0,1.0,0.0,ShAdDafrF,18.0,1100.0,17.0,1056.0,FTP
1720727754.860047,CTGCvC3sHY4B5tNEQ4,192.168.1.6,52030.0,192.168.1.4,21.0,tcp,10.547868967056274,116.0,188.0,SF,1.0,1.0,0.0,ShAdDafrF,18.0,1060.0,17.0,1056.0,FTP
1720728216.105176,CJLwtF4KvYhCltqIkc,192.168.1.4,36758.0,204.79.197.237,443.0,tcp,10.547868967056274,116.0,188.0,SF,1.0,1.0,0.0,ShAdDafrF,18.0,1060.0,17.0,1056.0,HTTPS
1720727914.003809,C95ZKSsz0QRKG4Scl,192.168.1.4,34664.0,192.168.1.1,53.0,udp,10.547868967056274,116.0,188.0,SF,1.0,1.0,0.0,ShAdDafrF,18.0,1060.0,17.0,1056.0,DNS
1720727975.914254,C4RhYF2kHHpwqrdv68,192.168.1.6,55038.0,192.168.1.4,21.0,tcp,9.897886991500854,121.0,188.0,SF,1.0,1.0,0.0,ShAdDafrF,18.0,1065.0,17.0,1056.0,FTP
1720730205.163274,Cvhn9JcqqvXyVaZn7,192.168.1.6,59390.0,192.168.1.4,21.0,tcp,10.031529903411863,118.0,188.0,SF,1.0,1.0,0.0,ShAdDafrF,18.0,1062.0,17.0,1056.0,FTP
1720728715.617108,CJH7nX37wbYiVuMNBl,192.168.1.6,45170.0,192.168.1.4,21.0,tcp,11.32970690727234,139.0,188.0,SF,1.0,1.0,0.0,ShAdDafrF,18.0,1083.0,17.0,1056.0,FTP
1720728186.388229,CfdkU53ZJ00r4uI8yl,192.168.1.4,44386.0,192.168.1.1,53.0,udp,0.016759157180786,45.0,153.0,SF,1.0,1.0,0.0,Dd,1.0,73.0,1.0,181.0,DNS
1720728128.308844,CzRBhE1QaF1ZZpeJY6,192.168.1.4,43353.0,192.168.1.1,53.0,udp,0.001183986663818,80.0,150.0,SF,1.0,1.0,0.0,Dd,1.0,108.0,1.0,178.0,DNS
1720729448.960198,C8Wx8i4sE3baEfAcej,192.168.1.6,55608.0,192.168.1.4,21.0,tcp,11.024665117263794,124.0,188.0,SF,1.0,1.0,0.0,ShAdDafrF,18.0,1068.0,17.0,1056.0,FTP
1720727913.616802,CblqHOMHxTuDPwDF6,192.168.1.4,40685.0,192.168.1.1,53.0,udp,11.024665117263794,124.0,188.0,SF,1.0,1.0,0.0,ShAdDafrF,18.0,1068.0,17.0,1056.0,DNS
1720729345.722276,CEO9UruDyg5HROOZa,192.168.1.6,32878.0,192.168.1.4,21.0,tcp,10.604295015335085,113.0,188.0,SF,1.0,1.0,0.0,ShAdDafrF,18.0,1057.0,17.0,1056.0,FTP
1720727825.172788,Cm07dE3Ay7nsYAF3Z,192.168.1.4,59776.0,192.168.1.1,53.0,udp,0.018729209899902,51.0,111.0,SF,1.0,1.0,0.0,Dd,1.0,79.0,1.0,139.0,DNS
1720730769.191518,CTtJKeBE3pKn9CGX8,192.168.1.6,37100.0,192.168.1.4,21.0,tcp,10.137833833694458,135.0,188.0,SF,1.0,1.0,0.0,ShAdDafrF,18.0,1079.0,17.0,1056.0,FTP
1720727885.201895,Cz9eEz1Pgq6d4wKKcd,192.168.1.6,53486.0,192.168.1.4,21.0,tcp,10.35122299194336,117.0,188.0,SF,1.0,1.0,0.0,ShAdDafrF,18.0,1061.0,17.0,1056.0,FTP
1720727915.768422,CL45u1LDD6GkxKlK6,192.168.1.4,55463.0,192.168.1.1,53.0,udp,0.007079124450683,78.0,148.0,SF,1.0,1.0,0.0,Dd,1.0,106.0,1.0,176.0,DNS
1720728207.036576,CwQTv9EMN4XGLwQpf,192.168.1.6,43866.0,192.168.1.4,21.0,tcp,9.364650964736938,118.0,188.0,SF,1.0,1.0,0.0,ShAdDafrF,18.0,1062.0,17.0,1056.0,FTP
1720729205.941841,CI7cyO31Ac8judqmG3,192.168.1.6,56348.0,192.168.1.4,21.0,tcp,10.44619107246399,121.0,188.0,SF,1.0,1.0,0.0,ShAdDafrF,18.0,1065.0,17.0,1056.0,FTP
1720729867.935395,CWCakZiLzQ037ysae,192.168.1.6,51888.0,192.168.1.4,21.0,tcp,9.779308080673218,130.0,188.0,SF,1.0,1.0,0.0,ShAdDafrF,18.0,1074.0,17.0,1056.0,FTP
1720728531.982732,ClhXBezt81lV7j8Sc,192.168.1.6,54570.0,192.168.1.4,21.0,tcp,9.535172939300535,118.0,188.0,SF,1.0,1.0,0.0,ShAdDafrF,18.0,1062.0,17.0,1056.0,FTP
1720728976.170923,CW9jdh1nS0fWkKn8l,192.168.1.6,57590.0,192.168.1.4,21.0,tcp,9.41556692123413,132.0,188.0,SF,1.0,1.0,0.0,ShAdDafrF,18.0,1076.0,17.0,1056.0,FTP
1720730324.657827,Ch58JlIFImWH0zX66,192.168.1.6,57392.0,192.168.1.4,21.0,tcp,9.992353200912476,124.0,188.0,SF,1.0,1.0,0.0,ShAdDafrF,18.0,1068.0,17.0,1056.0,FTP
1720727825.202393,Cmv0Pa3RCdNssTCIxl,192.168.1.4,41246.0,142.250.80.70,443.0,tcp,9.992353200912476,124.0,188.0,SF,1.0,1.0,0.0,ShAdDafrF,18.0,1068.0,17.0,1056.0,HTTPS
1720727915.545814,Ca3Jsa2g0P4TRLbgEl,192.168.1.4,53820.0,31.13.71.7,443.0,tcp,9.992353200912476,124.0,188.0,SF,1.0,1.0,0.0,ShAdDafrF,18.0,1068.0,17.0,1056.0,HTTPS
1720727884.878633,CkJipG4iNftuWiPkbk,192.168.1.4,44386.0,159.127.43.73,443.0,tcp,75.08758306503296,3776.0,18038.0,SF,1.0,0.0,0.0,ShADadfF,21.0,4876.0,23.0,19242.0,HTTPS
1720731954.783998,CgM0If4Itvt45BSTS6,192.168.1.6,54378.0,192.168.1.4,21.0,tcp,9.030726909637451,119.0,188.0,SF,1.0,1.0,0.0,ShAdDafrF,18.0,1063.0,17.0,1056.0,FTP
1720727765.680864,CKRXRe3VqpedXarFPf,192.168.1.4,57746.0,192.168.1.1,53.0,udp,0.101056814193725,127.0,127.0,SF,1.0,1.0,0.0,Dd,3.0,211.0,3.0,211.0,DNS
1720728305.159132,COBwVWwbp2jqCyk0e,192.168.1.4,46091.0,192.168.1.1,53.0,udp,0.024127960205078,41.0,191.0,SF,1.0,1.0,0.0,Dd,1.0,69.0,1.0,219.0,DNS
1720728305.222227,CNYG2P4yhma0i1In,192.168.1.4,49652.0,172.64.155.166,443.0,udp,0.024127960205078,41.0,191.0,SF,1.0,1.0,0.0,Dd,1.0,69.0,1.0,219.0,HTTPS
1720727885.004699,CGEaST72lhDtScRec,192.168.1.4,44090.0,13.224.214.84,443.0,tcp,240.29109501838684,4758.0,5389.0,SF,1.0,0.0,0.0,ShADadfF,22.0,5910.0,23.0,6593.0,HTTPS
1720728064.725868,CnkePv3TORTmn4qmra,192.168.1.4,59334.0,13.224.208.140,443.0,tcp,144.0222749710083,2383.0,37684.0,SF,1.0,0.0,0.0,ShADadFf,26.0,3743.0,32.0,39356.0,HTTPS
1720729718.262296,CzcNdN3bNIhh6ArQ6h,192.168.1.6,56548.0,192.168.1.4,21.0,tcp,9.321717977523804,127.0,188.0,SF,1.0,1.0,0.0,ShAdDafrF,18.0,1071.0,17.0,1056.0,FTP
1720727673.763805,CQ13Hp3EPlquAEMTj7,192.168.1.4,46932.0,104.22.30.130,443.0,tcp,400.05920219421387,2415.0,5042.0,SF,1.0,0.0,0.0,ShADadFf,21.0,3515.0,22.0,6194.0,HTTPS
1720729154.675994,CrL9sYk5LOqa5u4l8,192.168.1.6,45784.0,192.168.1.4,21.0,tcp,10.790805101394652,123.0,188.0,SF,1.0,1.0,0.0,ShAdDafFr,18.0,1067.0,17.0,1056.0,FTP
1720727914.193974,Ce1ETB4Z5hpTINyyw6,192.168.1.4,52656.0,192.168.1.1,53.0,udp,0.061564922332763,43.0,299.0,SF,1.0,1.0,0.0,Dd,1.0,71.0,1.0,327.0,DNS
1720730699.231251,Chi7xw2bPB46wWpbXk,192.168.1.6,39460.0,192.168.1.4,21.0,tcp,10.96406388282776,130.0,188.0,SF,1.0,1.0,0.0,ShAdDafrF,18.0,1074.0,17.0,1056.0,FTP
1720728125.056764,C6bNbM3r4NojFmQFh,192.168.1.4,34271.0,192.168.1.1,53.0,udp,10.96406388282776,130.0,188.0,SF,1.0,1.0,0.0,ShAdDafrF,18.0,1074.0,17.0,1056.0,DNS
1720728510.524809,C40Ywc45bggVwOin17,192.168.1.6,41986.0,192.168.1.4,21.0,tcp,10.418766021728516,118.0,188.0,SF,1.0,1.0,0.0,ShAdDafFr,18.0,1062.0,17.0,1056.0,FTP
1720730427.359658,CMWBwM3o4t0EUX2Knl,192.168.1.6,58868.0,192.168.1.4,21.0,tcp,9.790568113327026,118.0,188.0,SF,1.0,1.0,0.0,ShAdDafrF,18.0,1062.0,17.0,1056.0,FTP
1720727891.308291,CUZGS12pSceV2Qx3k,192.168.1.4,59530.0,192.168.1.1,53.0,udp,0.016128063201904,41.0,410.0,SF,1.0,1.0,0.0,Dd,1.0,69.0,1.0,438.0,DNS
1720727914.483713,CgQOzM1V7j1JcJv278,192.168.1.4,55812.0,192.168.1.1,53.0,udp,0.042919158935546,52.0,325.0,SF,1.0,1.0,0.0,Dd,1.0,80.0,1.0,353.0,DNS
1720728970.101095,CrsEPb4qk48lEtt2lg,192.168.1.6,43150.0,192.168.1.4,21.0,tcp,9.592710971832275,145.0,188.0,SF,1.0,1.0,0.0,ShAdDafrF,18.0,1089.0,17.0,1056.0,FTP
1720727793.953156,CMBpP37NRgUF0ecd7,192.168.1.4,57880.0,44.207.14.248,443.0,tcp,9.592710971832275,145.0,188.0,SF,1.0,1.0,0.0,ShAdDafrF,18.0,1089.0,17.0,1056.0,HTTPS
1720731756.452141,CuSLPg3BXDusqK9P8,192.168.1.6,51802.0,192.168.1.4,21.0,tcp,11.09293293952942,164.0,188.0,SF,1.0,1.0,0.0,ShAdDafrF,18.0,1108.0,17.0,1056.0,FTP
1720728305.858728,CWjBoP1T0ROW2EVqc1,192.168.1.4,49300.0,35.245.15.98,443.0,tcp,11.09293293952942,164.0,188.0,SF,1.0,1.0,0.0,ShAdDafrF,18.0,1108.0,17.0,1056.0,HTTPS
1720728034.177741,Ca4GB0425IyoYstuc4,192.168.1.4,35758.0,144.118.67.10,443.0,tcp,11.09293293952942,164.0,188.0,SF,1.0,1.0,0.0,ShAdDafrF,18.0,1108.0,17.0,1056.0,HTTPS
1720730881.49249,CYoi5m4K3BJypk04W9,192.168.1.6,60204.0,192.168.1.4,21.0,tcp,10.247441053390505,120.0,188.0,SF,1.0,1.0,0.0,ShAdDafrF,18.0,1064.0,17.0,1056.0,FTP
1720729667.768488,CcAC543oClJoqb2po4,192.168.1.6,59882.0,192.168.1.4,21.0,tcp,9.881527185440063,143.0,188.0,SF,1.0,1.0,0.0,ShAdDafFr,18.0,1087.0,17.0,1056.0,FTP
1720728227.087516,C5wf86444jTpTz8k3l,192.168.1.6,34610.0,192.168.1.4,21.0,tcp,10.406343936920166,118.0,188.0,SF,1.0,1.0,0.0,ShAdDafFr,18.0,1062.0,17.0,1056.0,FTP
1720730652.237871,CYokjP3rFeWQo07c83,192.168.1.6,33032.0,192.168.1.4,21.0,tcp,10.608337163925173,134.0,188.0,SF,1.0,1.0,0.0,ShAdDafFr,18.0,1078.0,17.0,1056.0,FTP
1720728211.917904,CKCkHf4qzw2L5w8p8f,192.168.1.4,47899.0,192.168.1.1,53.0,udp,0.015828132629394,48.0,187.0,SF,1.0,1.0,0.0,Dd,1.0,76.0,1.0,215.0,DNS
1720729164.845719,Cl9NXO32Hv17fu3k56,192.168.1.6,38232.0,192.168.1.4,21.0,tcp,10.367295980453491,113.0,188.0,SF,1.0,1.0,0.0,ShAdDafrF,18.0,1057.0,17.0,1056.0,FTP
1720728216.25276,CCOeeJ2iXn09nm1wz7,192.168.1.4,49498.0,192.168.1.1,53.0,udp,10.367295980453491,113.0,188.0,SF,1.0,1.0,0.0,ShAdDafrF,18.0,1057.0,17.0,1056.0,DNS
1720728155.188596,CKchlB3EVqnLJoYDg5,192.168.1.4,60066.0,142.250.81.238,443.0,tcp,53.56411695480347,2429.0,7166.0,SF,1.0,0.0,0.0,ShADadFf,16.0,3269.0,12.0,7798.0,HTTPS
1720728155.290259,CYjS0w1IchbsBZ9aU2,192.168.1.4,43793.0,192.168.1.1,53.0,udp,53.56411695480347,2429.0,7166.0,SF,1.0,0.0,0.0,ShADadFf,16.0,3269.0,12.0,7798.0,DNS
1720730828.074503,Coa3ft3YrO9CyBJaWe,192.168.1.6,34300.0,192.168.1.4,21.0,tcp,9.842421054840088,129.0,188.0,SF,1.0,1.0,0.0,ShAdDafrF,18.0,1073.0,17.0,1056.0,FTP
1720731828.357696,CnA7Kh2EABxKCHwYn1,192.168.1.6,45356.0,192.168.1.4,21.0,tcp,10.147475957870483,162.0,188.0,SF,1.0,1.0,0.0,ShAdDafFr,18.0,1106.0,17.0,1056.0,FTP
1720728271.883557,ClMGez2FsFDtbe3Ad,192.168.1.4,49103.0,192.168.1.1,53.0,udp,0.001168966293334,50.0,114.0,SF,1.0,1.0,0.0,Dd,1.0,78.0,1.0,142.0,DNS
1720730667.7295,CjHLQy4mLRwL1Pv096,192.168.1.6,45604.0,192.168.1.4,21.0,tcp,11.058019876480104,149.0,188.0,SF,1.0,1.0,0.0,ShAdDafrF,18.0,1093.0,17.0,1056.0,FTP
1720727854.033469,C3a4xE1XcuAe5z36ck,192.168.1.4,35909.0,192.168.1.1,53.0,udp,0.003427028656005,49.0,389.0,SF,1.0,1.0,0.0,Dd,1.0,77.0,1.0,417.0,DNS
1720728124.598059,CQbbRj16ZF39pFOOch,192.168.1.4,47168.0,192.168.1.1,53.0,udp,0.015551090240478,63.0,235.0,SF,1.0,1.0,0.0,Dd,1.0,91.0,1.0,263.0,DNS
1720728275.81677,CJZCs83lvGZolLBoid,192.168.1.4,49380.0,20.190.152.20,443.0,tcp,75.6320948600769,3268.0,5457.0,SF,1.0,0.0,0.0,ShADadFf,12.0,3768.0,10.0,5869.0,HTTPS
1720727853.865914,Cjp6jm3vQBq4Aju8W3,192.168.1.4,44790.0,146.75.30.208,443.0,tcp,354.88300490379333,2537.0,117224.0,SF,1.0,0.0,9281.0,ShADadgFRf,54.0,5329.0,75.0,121132.0,HTTPS
1720728879.416917,CLEGpCrYjKiqpYtJa,192.168.1.6,38158.0,192.168.1.4,21.0,tcp,9.426085948944092,164.0,188.0,SF,1.0,1.0,0.0,ShAdDafrF,18.0,1108.0,17.0,1056.0,FTP
1720728064.189752,CKW6Yq4N1O3DwxFRP8,192.168.1.4,38563.0,192.168.1.1,53.0,udp,0.086802959442138,43.0,158.0,SF,1.0,1.0,0.0,Dd,1.0,71.0,1.0,186.0,DNS
1720727944.116767,CklTPE4c50QPgeX4t3,192.168.1.4,59673.0,192.168.1.1,53.0,udp,0.002912998199462,49.0,127.0,SF,1.0,1.0,0.0,Dd,1.0,77.0,1.0,155.0,DNS
1720728094.565571,CUSOIH2NZHOQxtPr8f,192.168.1.4,59312.0,192.168.1.1,53.0,udp,0.002912998199462,49.0,127.0,SF,1.0,1.0,0.0,Dd,1.0,77.0,1.0,155.0,DNS
1720728065.067139,C81G2C4o2wLmgK6syg,192.168.1.4,42590.0,34.193.69.252,443.0,udp,0.002912998199462,49.0,127.0,SF,1.0,1.0,0.0,Dd,1.0,77.0,1.0,155.0,HTTPS
1720730542.843265,CtcQRVz9FAqYqDikh,192.168.1.6,58796.0,192.168.1.4,21.0,tcp,9.449831008911133,120.0,188.0,SF,1.0,1.0,0.0,ShAdDafrF,18.0,1064.0,17.0,1056.0,FTP
1720731767.5724,CRPgxF4b6CahSCxBf2,192.168.1.6,48010.0,192.168.1.4,21.0,tcp,10.281605005264282,158.0,188.0,SF,1.0,1.0,0.0,ShAdDafFr,18.0,1102.0,17.0,1056.0,FTP
1720730360.808419,CVaZQd4aLQZfIQMjvd,192.168.1.6,56826.0,192.168.1.4,21.0,tcp,10.292716979980469,133.0,188.0,SF,1.0,1.0,0.0,ShAdDafrF,18.0,1077.0,17.0,1056.0,FTP
1720730093.407606,CZpT0w2CSAOJxfNeF3,192.168.1.6,48914.0,192.168.1.4,21.0,tcp,9.913286209106444,148.0,188.0,SF,1.0,1.0,0.0,ShAdDafFr,18.0,1092.0,17.0,1056.0,FTP
1720728306.049098,CbhCK32g8KbkTdGiOk,192.168.1.4,58008.0,44.240.52.117,443.0,tcp,45.45491600036621,3651.0,5895.0,SF,1.0,0.0,0.0,ShADadFf,16.0,4491.0,16.0,6735.0,HTTPS
1720730032.500963,CuoJxn339Fdq0AKDEh,192.168.1.6,59292.0,192.168.1.4,21.0,tcp,9.77899694442749,130.0,188.0,SF,1.0,1.0,0.0,ShAdDafFr,18.0,1074.0,17.0,1056.0,FTP
1720731574.3782,CbNEnC1nLuvy9faSqi,192.168.1.6,57204.0,192.168.1.4,21.0,tcp,9.048240900039673,147.0,188.0,SF,1.0,1.0,0.0,ShAdDafrF,18.0,1091.0,17.0,1056.0,FTP
1720729979.285611,CylVFH1FbiPjoQMixk,192.168.1.6,38326.0,192.168.1.4,21.0,tcp,9.477354049682615,121.0,188.0,SF,1.0,1.0,0.0,ShAdDafrF,18.0,1065.0,17.0,1056.0,FTP
1720730908.105359,CqRQOb2Q9vpvPwVOz6,192.168.1.6,40194.0,192.168.1.4,21.0,tcp,10.105093955993652,126.0,188.0,SF,1.0,1.0,0.0,ShAdDafrF,18.0,1070.0,17.0,1056.0,FTP
1720730153.406229,C1nsB51ydOmKvbVcIc,192.168.1.6,40556.0,192.168.1.4,21.0,tcp,10.109193086624146,125.0,188.0,SF,1.0,1.0,0.0,ShAdDafrF,18.0,1069.0,17.0,1056.0,FTP
1720731032.104018,CWKiXC2AUtKATeEoW8,192.168.1.6,43568.0,192.168.1.4,21.0,tcp,10.30350112915039,127.0,188.0,SF,1.0,1.0,0.0,ShAdDafrF,18.0,1071.0,17.0,1056.0,FTP
1720728298.843159,CJpU8jgBdy4bGPJJe,192.168.1.6,60716.0,192.168.1.4,21.0,tcp,9.924684047698976,118.0,188.0,SF,1.0,1.0,0.0,ShAdDafrF,18.0,1062.0,17.0,1056.0,FTP
1720728096.875226,CEUMyr2ObNDvnDymbb,192.168.1.4,38554.0,104.18.2.219,443.0,tcp,9.924684047698976,118.0,188.0,SF,1.0,1.0,0.0,ShAdDafrF,18.0,1062.0,17.0,1056.0,HTTPS
1720727793.22484,CBAUtA3JWaDcpcO1yl,192.168.1.4,42344.0,184.72.124.184,80.0,tcp,30.047969102859497,0.0,0.0,SF,1.0,0.0,0.0,ShAfFa,4.0,216.0,3.0,164.0,HTTP
1720728471.74375,CJ4kCQrLoB1BhldLi,192.168.1.6,41034.0,192.168.1.4,21.0,tcp,9.838157892227173,117.0,188.0,SF,1.0,1.0,0.0,ShAdDafrF,18.0,1061.0,17.0,1056.0,FTP
1720730729.74099,CVTD1qm8GnNNs6aP8,192.168.1.6,50910.0,192.168.1.4,21.0,tcp,10.79624605178833,126.0,188.0,SF,1.0,1.0,0.0,ShAdDafrF,18.0,1070.0,17.0,1056.0,FTP
1720728096.497962,CEJlhK2nW9vfG47NF6,192.168.1.4,42400.0,192.168.1.1,53.0,udp,10.79624605178833,126.0,188.0,SF,1.0,1.0,0.0,ShAdDafrF,18.0,1070.0,17.0,1056.0,DNS
1720728034.45807,CgNkWF2dNC4lwl2Ez8,192.168.1.4,59938.0,142.250.65.174,443.0,tcp,174.296315908432,2453.0,10222.0,SF,1.0,0.0,0.0,ShADadFf,20.0,3501.0,20.0,11270.0,HTTPS
1720729305.842777,CcCw6GjmgT848KPD5,192.168.1.6,43822.0,192.168.1.4,21.0,tcp,9.64838695526123,130.0,188.0,SF,1.0,1.0,0.0,ShAdDafrF,18.0,1074.0,17.0,1056.0,FTP
1720731909.144811,CYwBbG25dSa1DDLThj,192.168.1.6,50000.0,192.168.1.4,21.0,tcp,10.01781415939331,185.0,188.0,SF,1.0,1.0,0.0,ShAdDafrF,18.0,1129.0,17.0,1056.0,FTP
1720728037.601652,CTC8cm1OHIZIgn5qy8,192.168.1.6,56466.0,192.168.1.4,21.0,tcp,9.49273419380188,117.0,188.0,SF,1.0,1.0,0.0,ShAdDafrF,18.0,1061.0,17.0,1056.0,FTP
1720731398.613011,CaK7cU185ZkTrev144,192.168.1.6,48464.0,192.168.1.4,21.0,tcp,9.709110021591188,168.0,188.0,SF,1.0,1.0,0.0,ShAdDafrF,18.0,1112.0,17.0,1056.0,FTP
1720731126.69186,CDjveEnjMKes1xUq4,192.168.1.6,38836.0,192.168.1.4,21.0,tcp,9.959870100021362,108.0,188.0,SF,1.0,1.0,0.0,ShAdDafrF,18.0,1052.0,17.0,1056.0,FTP
1720728245.070732,Cysjsl2KTupYtqS0Wg,192.168.1.4,35005.0,192.168.1.1,53.0,udp,0.02060580253601,46.0,130.0,SF,1.0,1.0,0.0,Dd,1.0,74.0,1.0,158.0,DNS
1720730337.868017,CDxpMl1bYWQUZ4TXN,192.168.1.6,35446.0,192.168.1.4,21.0,tcp,10.81024694442749,123.0,188.0,SF,1.0,1.0,0.0,ShAdDafrF,18.0,1067.0,17.0,1056.0,FTP
1720728871.957853,CqzDVFphg3Efx9O6h,192.168.1.6,52436.0,192.168.1.4,21.0,tcp,9.582311868667604,171.0,188.0,SF,1.0,1.0,0.0,ShAdDafrF,18.0,1115.0,17.0,1056.0,FTP
1720727824.938454,CdakbE3R7Emb0wJyY7,192.168.1.4,51135.0,192.168.1.1,53.0,udp,0.002622127532958,40.0,551.0,SF,1.0,1.0,0.0,Dd,1.0,68.0,1.0,579.0,DNS
1720728054.360964,ClRwtv4F73UfIxNBH9,192.168.1.4,34124.0,68.67.161.208,443.0,udp,0.0,40.0,551.0,SF,0.0,1.0,0.0,Dd,1.0,68.0,1.0,579.0,HTTPS
1720731598.717202,CQpFGW2SFqQdlRQSWb,192.168.1.6,60916.0,192.168.1.4,21.0,tcp,10.029866933822632,156.0,188.0,SF,1.0,1.0,0.0,ShAdDafrF,18.0,1100.0,17.0,1056.0,FTP
1720729942.668172,ChFI4h3ACZtEz8py7j,192.168.1.6,47790.0,192.168.1.4,21.0,tcp,10.330564022064207,122.0,188.0,SF,1.0,1.0,0.0,ShAdDafrF,18.0,1066.0,17.0,1056.0,FTP
1720731247.099245,CkkGfc4X8KwUz1G4Rd,192.168.1.6,36346.0,192.168.1.4,21.0,tcp,10.332327842712402,152.0,188.0,SF,1.0,1.0,0.0,ShAdDafFr,18.0,1096.0,17.0,1056.0,FTP
1720730465.070448,CueGNm4dqlmDPMs5y6,192.168.1.6,36258.0,192.168.1.4,21.0,tcp,9.63152813911438,121.0,188.0,SF,1.0,1.0,0.0,ShAdDafrF,18.0,1065.0,17.0,1056.0,FTP
1720728843.255537,CoW0FdvzAxOQaLrY4,192.168.1.6,39682.0,192.168.1.4,21.0,tcp,9.62633204460144,121.0,188.0,SF,1.0,1.0,0.0,ShAdDafFr,18.0,1065.0,17.0,1056.0,FTP
1720729020.159849,Cr0V8J1bOuCPAKGTzf,192.168.1.6,55726.0,192.168.1.4,21.0,tcp,10.19912600517273,122.0,188.0,SF,1.0,1.0,0.0,ShAdDafrF,18.0,1066.0,17.0,1056.0,FTP
1720728154.539143,CNuTVynVVMT17Htc,192.168.1.4,40546.0,103.10.4.227,443.0,tcp,54.39750480651856,1862.0,5925.0,RSTR,1.0,0.0,0.0,ShADadFr,10.0,2390.0,11.0,6493.0,HTTPS
1720729912.582955,Cnys511IEcsM2cQx2a,192.168.1.6,43560.0,192.168.1.4,21.0,tcp,10.1741361618042,124.0,188.0,SF,1.0,1.0,0.0,ShAdDafrF,18.0,1068.0,17.0,1056.0,FTP
1720728299.943679,CJ9SU01PS5tG2caf09,192.168.1.6,60768.0,192.168.1.4,21.0,tcp,11.119383811950684,118.0,188.0,SF,1.0,1.0,0.0,ShAdDafrF,18.0,1062.0,17.0,1056.0,FTP
1720730616.823826,Cwmiij4joOzY0O4mkh,192.168.1.6,38888.0,192.168.1.4,21.0,tcp,10.057137966156006,135.0,188.0,SF,1.0,1.0,0.0,ShAdDafFr,18.0,1079.0,17.0,1056.0,FTP
1720731848.881397,CzvJNC2L7hS8jtSOdc,192.168.1.6,35378.0,192.168.1.4,21.0,tcp,10.148130893707275,116.0,188.0,SF,1.0,1.0,0.0,ShAdDafrF,18.0,1060.0,17.0,1056.0,FTP
1720729468.314914,C2u99S1UtsEVFZ85K5,192.168.1.6,35294.0,192.168.1.4,21.0,tcp,10.309797048568726,119.0,188.0,SF,1.0,1.0,0.0,ShAdDafrF,18.0,1063.0,17.0,1056.0,FTP
1720728705.260009,CtHWg3q0MwJtKV3db,192.168.1.6,37330.0,192.168.1.4,21.0,tcp,10.260701894760132,134.0,188.0,SF,1.0,1.0,0.0,ShAdDafrF,18.0,1078.0,17.0,1056.0,FTP
1720727915.739166,CcXd5Z2g3PaduJtu64,192.168.1.4,49309.0,192.168.1.1,53.0,udp,10.260701894760132,134.0,188.0,SF,1.0,1.0,0.0,ShAdDafrF,18.0,1078.0,17.0,1056.0,DNS
1720729475.250406,CoHzK21LdKnXMQkmFh,192.168.1.6,50022.0,192.168.1.4,21.0,tcp,10.53034496307373,134.0,188.0,SF,1.0,1.0,0.0,ShAdDafrF,18.0,1078.0,17.0,1056.0,FTP
1720727765.812318,C3AILd101BoxqLaO23,192.168.1.4,59012.0,192.168.1.1,53.0,udp,10.53034496307373,134.0,188.0,SF,1.0,1.0,0.0,ShAdDafrF,18.0,1078.0,17.0,1056.0,DNS
1720730867.817748,COhVaB2lJ81rbUbhCd,192.168.1.6,39174.0,192.168.1.4,21.0,tcp,9.625596046447754,123.0,188.0,SF,1.0,1.0,0.0,ShAdDafrF,18.0,1067.0,17.0,1056.0,FTP
1720729347.844362,CxNeP639q4N1HM4w12,192.168.1.6,32954.0,192.168.1.4,21.0,tcp,9.94602394104004,128.0,188.0,SF,1.0,1.0,0.0,ShAdDafFr,18.0,1072.0,17.0,1056.0,FTP
1720731574.251622,ChXnyI2xTJfFCVNM1h,192.168.1.6,57158.0,192.168.1.4,21.0,tcp,9.050413131713867,171.0,188.0,SF,1.0,1.0,0.0,ShAdDafFr,18.0,1115.0,17.0,1056.0,FTP
1720731735.830664,CjEjFX81x2gTm6Jg6,192.168.1.6,52644.0,192.168.1.4,21.0,tcp,9.449426174163818,164.0,188.0,SF,1.0,1.0,0.0,ShAdDafrF,18.0,1108.0,17.0,1056.0,FTP
1720727914.220432,CaOrpJ1zMHboOryyYl,192.168.1.4,51732.0,13.224.214.32,443.0,tcp,9.449426174163818,164.0,188.0,SF,1.0,1.0,0.0,ShAdDafrF,18.0,1108.0,17.0,1056.0,HTTPS
1720728306.344796,C6levS20VaelhasBLk,192.168.1.4,47747.0,192.168.1.1,53.0,udp,9.449426174163818,164.0,188.0,SF,1.0,1.0,0.0,ShAdDafrF,18.0,1108.0,17.0,1056.0,DNS
1720727884.949528,C2BQ9u2KMzi64rdmZ,192.168.1.4,35328.0,142.251.40.226,443.0,udp,0.18326711654663,5436.0,9996.0,SF,1.0,0.0,0.0,Dd,13.0,5800.0,14.0,10388.0,HTTPS
1720728125.056287,Cc92wS6iLUF4NYtD9,192.168.1.4,38115.0,192.168.1.1,53.0,udp,0.006723880767822,50.0,107.0,SF,1.0,1.0,0.0,Dd,1.0,78.0,1.0,135.0,DNS
1720729586.160861,CSFdtITmOia0z6pZ1,192.168.1.6,52454.0,192.168.1.4,21.0,tcp,9.774808883666992,112.0,188.0,SF,1.0,1.0,0.0,ShAdDafFr,18.0,1056.0,17.0,1056.0,FTP
1720731798.423905,Cy2VBi4COk3C7B07Bd,192.168.1.6,60858.0,192.168.1.4,21.0,tcp,11.39754319190979,130.0,188.0,SF,1.0,1.0,0.0,ShAdDafrF,18.0,1074.0,17.0,1056.0,FTP
1720728081.954323,CsufC8oJMyKsCRD75,192.168.1.6,52208.0,192.168.1.4,21.0,tcp,9.542577028274536,117.0,188.0,SF,1.0,1.0,0.0,ShAdDafrF,18.0,1061.0,17.0,1056.0,FTP
1720727973.90097,C0OEEc4QmldHxBWFPg,192.168.1.4,38092.0,204.235.147.206,443.0,tcp,9.542577028274536,117.0,188.0,SF,1.0,1.0,0.0,ShAdDafrF,18.0,1061.0,17.0,1056.0,HTTPS
1720730857.22661,CNnjhdnCHnJfd6vsh,192.168.1.6,41948.0,192.168.1.4,21.0,tcp,10.564491033554075,123.0,188.0,SF,1.0,1.0,0.0,ShAdDafFr,18.0,1067.0,17.0,1056.0,FTP
1720728186.106852,C2pEdZhw0gWGhRxJ3,192.168.1.4,42438.0,23.205.106.86,443.0,tcp,10.564491033554075,123.0,188.0,SF,1.0,1.0,0.0,ShAdDafFr,18.0,1067.0,17.0,1056.0,HTTPS
1720730118.217282,CPSUmPIIeocHNhplg,192.168.1.6,48282.0,192.168.1.4,21.0,tcp,10.683235883712769,125.0,188.0,SF,1.0,1.0,0.0,ShAdDafrF,18.0,1069.0,17.0,1056.0,FTP
1720730416.780742,C5Xy8O11z4zY28zb1h,192.168.1.6,49610.0,192.168.1.4,21.0,tcp,9.87747311592102,130.0,188.0,SF,1.0,1.0,0.0,ShAdDafrF,18.0,1074.0,17.0,1056.0,FTP
1720728893.601809,Cbgu0w0cyurHWsfM7,192.168.1.6,35852.0,192.168.1.4,21.0,tcp,9.502135992050173,156.0,188.0,SF,1.0,1.0,0.0,ShAdDafrF,18.0,1100.0,17.0,1056.0,FTP
1720728305.133665,CnvNro3br61LgZL5Cd,192.168.1.4,40431.0,192.168.1.1,53.0,udp,9.502135992050173,156.0,188.0,SF,1.0,1.0,0.0,ShAdDafrF,18.0,1100.0,17.0,1056.0,DNS
1720729618.645913,C5elo231fDLA2vqDZf,192.168.1.6,47620.0,192.168.1.4,21.0,tcp,10.207481145858765,113.0,188.0,SF,1.0,1.0,0.0,ShAdDafFr,18.0,1057.0,17.0,1056.0,FTP
1720728306.006889,C9WuiF3gSD1HyH7yD3,192.168.1.4,59856.0,192.168.1.1,53.0,udp,0.0393807888031,33.0,101.0,SF,1.0,1.0,0.0,Dd,1.0,61.0,1.0,129.0,DNS
1720727825.426008,CoJ3XH3iaH4o8Rded5,192.168.1.6,52166.0,192.168.1.4,21.0,tcp,9.702591896057127,116.0,188.0,SF,1.0,1.0,0.0,ShAdDafFr,18.0,1060.0,17.0,1056.0,FTP
1720727884.773929,CzBEz28E51JYLYKp7,192.168.1.4,34739.0,192.168.1.1,53.0,udp,0.003108978271484,41.0,163.0,SF,1.0,1.0,0.0,Dd,1.0,69.0,1.0,191.0,DNS
1720729642.362377,CwoIcG4LViOxgjIBq6,192.168.1.6,47618.0,192.168.1.4,21.0,tcp,9.828596115112305,123.0,188.0,SF,1.0,1.0,0.0,ShAdDafFr,18.0,1067.0,17.0,1056.0,FTP
1720728335.481748,CHIDKXaaVoitnI84e,192.168.1.4,52345.0,192.168.1.1,53.0,udp,9.828596115112305,123.0,188.0,SF,1.0,1.0,0.0,ShAdDafFr,18.0,1067.0,17.0,1056.0,DNS
1720728245.202748,Cj1CZCWVyI1etEzI7,192.168.1.4,58468.0,192.168.1.1,53.0,udp,9.828596115112305,123.0,188.0,SF,1.0,1.0,0.0,ShAdDafFr,18.0,1067.0,17.0,1056.0,DNS
1720731415.88176,CGsncF4RZoEzjENiGe,192.168.1.6,38980.0,192.168.1.4,21.0,tcp,9.771993160247805,149.0,188.0,SF,1.0,1.0,0.0,ShAdDafrF,18.0,1093.0,17.0,1056.0,FTP
1720729327.39737,CTcdmc3qNPbBXhS7E9,192.168.1.6,54780.0,192.168.1.4,21.0,tcp,10.106957912445068,118.0,188.0,SF,1.0,1.0,0.0,ShAdDafrF,18.0,1062.0,17.0,1056.0,FTP
1720730128.857033,Cl45Yy1g8CUdmgQ3Dc,192.168.1.6,52726.0,192.168.1.4,21.0,tcp,9.60486102104187,128.0,188.0,SF,1.0,1.0,0.0,ShAdDafrF,18.0,1072.0,17.0,1056.0,FTP
1720731652.701386,CMxd7F2uFh2T8cZ6v1,192.168.1.6,40768.0,192.168.1.4,21.0,tcp,10.273639917373655,154.0,188.0,SF,1.0,1.0,0.0,ShAdDafrF,18.0,1098.0,17.0,1056.0,FTP
1720728306.029208,CGJn3U3kh6ZUTXAdck,192.168.1.4,55646.0,216.34.207.41,443.0,tcp,10.273639917373655,154.0,188.0,SF,1.0,1.0,0.0,ShAdDafrF,18.0,1098.0,17.0,1056.0,HTTPS
1720727853.428447,CgfnL42ZEkKeVhIT3,192.168.1.4,49803.0,192.168.1.1,53.0,udp,0.07377290725708,50.0,154.0,SF,1.0,1.0,0.0,Dd,1.0,78.0,1.0,182.0,DNS
1720728216.089486,C2zXoiHW3K9s4RkRa,192.168.1.4,49593.0,192.168.1.1,53.0,udp,0.07377290725708,50.0,154.0,SF,1.0,1.0,0.0,Dd,1.0,78.0,1.0,182.0,DNS
1720728219.95718,Clxa1H3oisIQe9dh5j,192.168.1.4,51010.0,192.168.1.1,53.0,udp,0.002722024917602,55.0,119.0,SF,1.0,1.0,0.0,Dd,1.0,83.0,1.0,147.0,DNS
1720728124.988533,CkLfKD4HnhDvQUAzs3,192.168.1.4,46782.0,172.64.154.159,443.0,udp,0.002722024917602,55.0,119.0,SF,1.0,1.0,0.0,Dd,1.0,83.0,1.0,147.0,HTTPS
1720728715.927017,CumMDe3F8YaFaRAHpd,192.168.1.6,45188.0,192.168.1.4,21.0,tcp,10.79482102394104,136.0,188.0,SF,1.0,1.0,0.0,ShAdDafrF,18.0,1080.0,17.0,1056.0,FTP
1720727947.497041,CQbwwe3cjRqhJBlc94,192.168.1.6,60282.0,192.168.1.4,21.0,tcp,10.700856924057009,118.0,188.0,SF,1.0,1.0,0.0,ShAdDafrF,18.0,1062.0,17.0,1056.0,FTP
1720728444.197986,Cbc2uVLfXpoKLPRp1,192.168.1.6,37870.0,192.168.1.4,21.0,tcp,9.913655996322632,117.0,188.0,SF,1.0,1.0,0.0,ShAdDafrF,18.0,1061.0,17.0,1056.0,FTP
1720728527.471768,CRGyjg4Dn1R2lIHoza,192.168.1.6,54536.0,192.168.1.4,21.0,tcp,10.101723194122314,117.0,188.0,SF,1.0,1.0,0.0,ShAdDafrF,18.0,1061.0,17.0,1056.0,FTP
1720729871.334207,Cx5KLa2ONc3PBZ8zrh,192.168.1.6,51940.0,192.168.1.4,21.0,tcp,9.957051992416382,124.0,188.0,SF,1.0,1.0,0.0,ShAdDafrF,18.0,1068.0,17.0,1056.0,FTP
1720731771.461815,C73zyv4RnixKfYdhzc,192.168.1.6,48056.0,192.168.1.4,21.0,tcp,9.523621797561646,161.0,188.0,SF,1.0,1.0,0.0,ShAdDafFr,18.0,1105.0,17.0,1056.0,FTP
1720729648.575986,CKSt3m3mpNWFwO47Fk,192.168.1.6,46076.0,192.168.1.4,21.0,tcp,9.247749090194702,114.0,188.0,SF,1.0,1.0,0.0,ShAdDafFr,18.0,1058.0,17.0,1056.0,FTP
1720727825.43746,C4tVojoetJLGlXaSa,192.168.1.6,52168.0,192.168.1.4,21.0,tcp,9.709932088851929,117.0,188.0,SF,1.0,1.0,0.0,ShAdDafFr,18.0,1061.0,17.0,1056.0,FTP
1720731118.381209,CqDTIX3YxdxmN4PFn3,192.168.1.6,57614.0,192.168.1.4,21.0,tcp,10.057356119155884,110.0,188.0,SF,1.0,1.0,0.0,ShAdDafFr,18.0,1054.0,17.0,1056.0,FTP
1720730140.025456,C30Lbspm3w4BTkbci,192.168.1.6,57520.0,192.168.1.4,21.0,tcp,10.60563898086548,125.0,188.0,SF,1.0,1.0,0.0,ShAdDafFr,18.0,1069.0,17.0,1056.0,FTP
1720727933.568578,C1TMBx4MpKLKGBBE3a,192.168.1.6,41444.0,192.168.1.4,21.0,tcp,10.260241031646729,118.0,188.0,SF,1.0,1.0,0.0,ShAdDafrF,18.0,1062.0,17.0,1056.0,FTP
1720728096.264899,CmzOpBWGvNXhY7a0j,192.168.1.6,39932.0,192.168.1.4,21.0,tcp,9.916563987731934,117.0,188.0,SF,1.0,1.0,0.0,ShAdDafFr,18.0,1061.0,17.0,1056.0,FTP
1720729040.283641,Cmf1OZ2Q5hS6swGBxf,192.168.1.6,57838.0,192.168.1.4,21.0,tcp,10.367889881134031,132.0,188.0,SF,1.0,1.0,0.0,ShAdDafrF,18.0,1076.0,17.0,1056.0,FTP
1720730233.233965,CsBaxt1eUaPdbbhmwe,192.168.1.4,43004.0,192.168.1.1,53.0,udp,0.000669002532958,58.0,250.0,SF,1.0,1.0,0.0,Dd,1.0,86.0,1.0,278.0,DNS
1720728035.516495,CfN0Um2ysKGG2btgO1,192.168.1.4,43295.0,192.168.1.1,53.0,udp,0.045238018035888,59.0,412.0,SF,1.0,1.0,0.0,Dd,1.0,87.0,1.0,440.0,DNS
1720730904.615998,C2NOPZ39LaHqtoOnwd,192.168.1.6,40126.0,192.168.1.4,21.0,tcp,10.189244985580444,124.0,188.0,SF,1.0,1.0,0.0,ShAdDafFr,18.0,1068.0,17.0,1056.0,FTP
1720731432.987885,CiqXNh2T3OT7SwK8e9,192.168.1.6,52908.0,192.168.1.4,21.0,tcp,11.125639915466309,134.0,188.0,SF,1.0,1.0,0.0,ShAdDafrF,18.0,1078.0,17.0,1056.0,FTP
1720730918.188698,C5AHy83osdNUW6i7G1,192.168.1.6,34666.0,192.168.1.4,21.0,tcp,11.16615605354309,148.0,188.0,SF,1.0,1.0,0.0,ShAdDafrF,18.0,1092.0,17.0,1056.0,FTP
1720731406.016725,CtpLXb2zf3M3wiyRl4,192.168.1.6,47682.0,192.168.1.4,21.0,tcp,9.86483883857727,171.0,188.0,SF,1.0,1.0,0.0,ShAdDafrF,18.0,1115.0,17.0,1056.0,FTP
1720728306.24577,CbH4bJ1KHyhJYzxtz1,192.168.1.4,56856.0,142.251.40.196,443.0,tcp,9.86483883857727,171.0,188.0,SF,1.0,1.0,0.0,ShAdDafrF,18.0,1115.0,17.0,1056.0,HTTPS
1720730562.941253,CtvpJA4IGj4ZMZ7fmk,192.168.1.6,59544.0,192.168.1.4,21.0,tcp,9.796504974365234,121.0,188.0,SF,1.0,1.0,0.0,ShAdDafrF,18.0,1065.0,17.0,1056.0,FTP
1720727786.82969,Cw6k9f4rksfmILyMh7,192.168.1.6,45782.0,192.168.1.4,21.0,tcp,9.253324031829834,118.0,188.0,SF,1.0,1.0,0.0,ShAdDafFr,18.0,1062.0,17.0,1056.0,FTP
1720729574.718577,CEbTET7N4qYSOKD1k,192.168.1.6,51842.0,192.168.1.4,21.0,tcp,10.099080085754396,111.0,188.0,SF,1.0,1.0,0.0,ShAdDafFr,18.0,1055.0,17.0,1056.0,FTP
1720731951.287017,C7V5kBsGE5S0RxBje,192.168.1.6,39568.0,192.168.1.4,21.0,tcp,9.130823850631714,110.0,188.0,SF,1.0,1.0,0.0,ShAdDafrF,18.0,1054.0,17.0,1056.0,FTP
1720731463.119506,CFes1O29GKZsEV1Ywh,192.168.1.6,56562.0,192.168.1.4,21.0,tcp,9.485389232635498,143.0,188.0,SF,1.0,1.0,0.0,ShAdDafrF,18.0,1087.0,17.0,1056.0,FTP
1720728096.403414,CfQ1BuuuhDxj1mkJf,192.168.1.4,36604.0,35.190.43.134,443.0,tcp,112.35011506080627,4119.0,5117.0,SF,1.0,0.0,0.0,ShADadFf,19.0,5115.0,19.0,6113.0,HTTPS
1720731128.542077,CfByNc1MCukQPbYlAc,192.168.1.6,38944.0,192.168.1.4,21.0,tcp,9.986450910568236,109.0,188.0,SF,1.0,1.0,0.0,ShAdDafrF,18.0,1053.0,17.0,1056.0,FTP
1720728695.22972,C2SOwL3pYgttFNlKD8,192.168.1.6,40112.0,192.168.1.4,21.0,tcp,10.48481798171997,137.0,188.0,SF,1.0,1.0,0.0,ShAdDafrF,18.0,1081.0,17.0,1056.0,FTP
1720727885.315437,CM24fv2LtOsFV42VP2,192.168.1.4,44326.0,35.71.131.137,443.0,tcp,60.06610083580017,3077.0,5824.0,SF,1.0,0.0,0.0,ShADadfF,21.0,4177.0,22.0,6976.0,HTTPS
1720730355.113957,CHlLxfFeYDyWOUGph,192.168.1.6,56718.0,192.168.1.4,21.0,tcp,9.337664127349854,131.0,188.0,SF,1.0,1.0,0.0,ShAdDafrF,18.0,1075.0,17.0,1056.0,FTP
1720731432.073196,CgYyIv21Bgoe9hhjsf,192.168.1.6,35502.0,192.168.1.4,21.0,tcp,10.220519065856934,137.0,188.0,SF,1.0,1.0,0.0,ShAdDafrF,18.0,1081.0,17.0,1056.0,FTP
1720728831.629844,Cvr4w3U0J1ydi25pa,192.168.1.6,48002.0,192.168.1.4,21.0,tcp,8.470937013626099,140.0,188.0,SF,1.0,1.0,0.0,ShAdDafrF,18.0,1084.0,17.0,1056.0,FTP
1720727915.748764,C9n8aq2ISWXNDbzidl,192.168.1.4,44412.0,142.250.81.225,443.0,tcp,240.1092278957367,2630.0,10053.0,SF,1.0,0.0,0.0,ShADadFf,23.0,3834.0,24.0,11309.0,HTTPS
1720730787.891808,CVyTlm3gUaBaJpVUea,192.168.1.6,45410.0,192.168.1.4,21.0,tcp,9.66045093536377,126.0,188.0,SF,1.0,1.0,0.0,ShAdDafrF,18.0,1070.0,17.0,1056.0,FTP
1720731649.852832,C19IgAXU6gp1LyCmc,192.168.1.6,40750.0,192.168.1.4,21.0,tcp,10.033188819885254,151.0,188.0,SF,1.0,1.0,0.0,ShAdDafrF,18.0,1095.0,17.0,1056.0,FTP
1720727794.218873,CzxDBG3tGyWq4SRH92,192.168.1.4,47202.0,192.168.1.1,53.0,udp,10.033188819885254,151.0,188.0,SF,1.0,1.0,0.0,ShAdDafrF,18.0,1095.0,17.0,1056.0,DNS
1720728541.559781,Cqkj4q4U4scEPsbDs6,192.168.1.6,36618.0,192.168.1.4,21.0,tcp,10.014497995376589,118.0,188.0,SF,1.0,1.0,0.0,ShAdDafrF,18.0,1062.0,17.0,1056.0,FTP
1720730354.649741,CE6w0v3qF4NrSStwl4,192.168.1.6,56714.0,192.168.1.4,21.0,tcp,9.074016094207764,140.0,188.0,SF,1.0,1.0,0.0,ShAdDafFr,18.0,1084.0,17.0,1056.0,FTP
1720729799.595664,C5B8hk4VKjLPXTiWy8,192.168.1.6,54350.0,192.168.1.4,21.0,tcp,11.10742998123169,113.0,188.0,SF,1.0,1.0,0.0,ShAdDafrF,18.0,1057.0,17.0,1056.0,FTP
1720729933.957787,Ck4T2BxCfaikaaCtb,192.168.1.6,47684.0,192.168.1.4,21.0,tcp,9.328918933868408,129.0,188.0,SF,1.0,1.0,0.0,ShAdDafrF,18.0,1073.0,17.0,1056.0,FTP
1720728305.199973,CzXgvP1lm1G4MW42da,192.168.1.4,45752.0,3.219.142.129,443.0,tcp,9.328918933868408,129.0,188.0,SF,1.0,1.0,0.0,ShAdDafrF,18.0,1073.0,17.0,1056.0,HTTPS
1720727947.400259,CstpdU3MBDoXSQvV43,192.168.1.6,60216.0,192.168.1.4,21.0,tcp,10.701313972473145,118.0,188.0,SF,1.0,1.0,0.0,ShAdDafrF,18.0,1062.0,17.0,1056.0,FTP
1720731425.653933,CZT45p11XWpRZoB6f1,192.168.1.6,35440.0,192.168.1.4,21.0,tcp,10.571460008621216,149.0,188.0,SF,1.0,1.0,0.0,ShAdDafFr,18.0,1093.0,17.0,1056.0,FTP
1720728340.297142,Csamse3wl48kMnVk1d,192.168.1.6,38790.0,192.168.1.4,21.0,tcp,10.27542805671692,118.0,188.0,SF,1.0,1.0,0.0,ShAdDafFr,18.0,1062.0,17.0,1056.0,FTP
1720730128.968562,Chp7ew1gI17NTkN1x8,192.168.1.6,52774.0,192.168.1.4,21.0,tcp,9.606329202651978,126.0,188.0,SF,1.0,1.0,0.0,ShAdDafrF,18.0,1070.0,17.0,1056.0,FTP
1720729583.283975,CBSJzd25s72p5qsw4j,192.168.1.6,52390.0,192.168.1.4,21.0,tcp,9.707887172698976,111.0,188.0,SF,1.0,1.0,0.0,ShAdDafFr,18.0,1055.0,17.0,1056.0,FTP
1720727765.5217,CCTNKa1YruQ0Ka0wQd,192.168.1.4,39974.0,107.178.254.65,443.0,tcp,443.2292580604553,2435.0,5615.0,SF,1.0,0.0,0.0,ShADadFf,25.0,3743.0,23.0,6819.0,HTTPS
1720727965.261673,CB7Am53KBkAFBgtxbl,192.168.1.6,41634.0,192.168.1.4,21.0,tcp,10.652420997619627,118.0,188.0,SF,1.0,1.0,0.0,ShAdDafrF,18.0,1062.0,17.0,1056.0,FTP
1720730002.960616,CYpgwo2Xdbi1j3SW1c,192.168.1.6,41174.0,192.168.1.4,21.0,tcp,10.045500993728638,129.0,188.0,SF,1.0,1.0,0.0,ShAdDafrF,18.0,1073.0,17.0,1056.0,FTP
1720728335.526316,CIZ4qy2RZxp9iFyMi8,192.168.1.4,41013.0,104.18.12.201,443.0,tcp,10.045500993728638,129.0,188.0,SF,1.0,1.0,0.0,IIiiiiIhhhhHHH,18.0,1073.0,17.0,1056.0,HTTPS
1720731850.534011,CkUaYw4VnE0ClY4jQj,192.168.1.6,35458.0,192.168.1.4,21.0,tcp,10.329710006713867,145.0,188.0,SF,1.0,1.0,0.0,ShAdDafFr,18.0,1089.0,17.0,1056.0,FTP
1720727794.624763,CHGjwV2gMKAbWZvsLh,192.168.1.4,43521.0,31.13.71.7,443.0,tcp,10.329710006713867,145.0,188.0,SF,1.0,1.0,0.0,IIishhhHHh,18.0,1089.0,17.0,1056.0,HTTPS
1720728124.741782,C2GuU21E62rTee4lbj,192.168.1.4,46876.0,192.168.1.1,53.0,udp,10.329710006713867,145.0,188.0,SF,1.0,1.0,0.0,IIishhhHHh,18.0,1089.0,17.0,1056.0,DNS
1720730698.937031,CmZS3U2oS6x9vmlwU4,192.168.1.6,39412.0,192.168.1.4,21.0,tcp,10.966628074645996,129.0,188.0,SF,1.0,1.0,0.0,ShAdDafrF,18.0,1073.0,17.0,1056.0,FTP
1720731067.050622,Cf73wN3S0hJwGjvVVk,192.168.1.6,38662.0,192.168.1.4,21.0,tcp,10.263010025024414,131.0,188.0,SF,1.0,1.0,0.0,ShAdDafrF,18.0,1075.0,17.0,1056.0,FTP
1720731791.287642,CMsDZC1D6AG7Z445N9,192.168.1.6,55108.0,192.168.1.4,21.0,tcp,11.366828918457031,159.0,188.0,SF,1.0,1.0,0.0,ShAdDafrF,18.0,1103.0,17.0,1056.0,FTP
1720727734.396736,CryufK2XOd1Naodjsg,192.168.1.4,58275.0,142.250.65.163,443.0,tcp,11.366828918457031,159.0,188.0,SF,1.0,1.0,0.0,ShAdDafrF,18.0,1103.0,17.0,1056.0,HTTPS
1720728106.191595,C4vklp328lT0A1FAt9,192.168.1.6,37164.0,192.168.1.4,21.0,tcp,10.096246004104614,118.0,188.0,SF,1.0,1.0,0.0,ShAdDafrF,18.0,1062.0,17.0,1056.0,FTP
1720730999.16125,C7EfMNIVvvGEFgwhk,192.168.1.6,44296.0,192.168.1.4,21.0,tcp,11.032988786697388,118.0,188.0,SF,1.0,1.0,0.0,ShAdDafrF,18.0,1062.0,17.0,1056.0,FTP
1720731630.922553,C7CJMz3GzoUrzD8j63,192.168.1.6,35108.0,192.168.1.4,21.0,tcp,9.532325983047484,166.0,188.0,SF,1.0,1.0,0.0,ShAdDafrF,18.0,1110.0,17.0,1056.0,FTP
1720729975.267646,ChxMSD4kqPFuaG8Pn7,192.168.1.6,38286.0,192.168.1.4,21.0,tcp,10.134146928787231,122.0,188.0,SF,1.0,1.0,0.0,ShAdDafrF,18.0,1066.0,17.0,1056.0,FTP
1720730606.313273,CsszRf4UqoHsk33J9k,192.168.1.6,41758.0,192.168.1.4,21.0,tcp,10.331700086593628,127.0,188.0,SF,1.0,1.0,0.0,ShAdDafrF,18.0,1071.0,17.0,1056.0,FTP
1720728331.272712,CzKIR810n37NfFCeD6,192.168.1.6,52270.0,192.168.1.4,21.0,tcp,11.175983905792236,116.0,188.0,SF,1.0,1.0,0.0,ShAdDafrF,18.0,1060.0,17.0,1056.0,FTP
1720728788.624849,CFQB1dIxLBO2YtLR9,192.168.1.6,33892.0,192.168.1.4,21.0,tcp,9.78699803352356,132.0,188.0,SF,1.0,1.0,0.0,ShAdDafFr,18.0,1076.0,17.0,1056.0,FTP
1720727937.269591,Cm7o0r3m6rWwICJ6d1,192.168.1.6,41582.0,192.168.1.4,21.0,tcp,10.302008867263794,118.0,188.0,SF,1.0,1.0,0.0,ShAdDafrF,18.0,1062.0,17.0,1056.0,FTP
1720728532.461791,CxgYwO18j4LEkuT7n6,192.168.1.6,54592.0,192.168.1.4,21.0,tcp,9.541075944900513,118.0,188.0,SF,1.0,1.0,0.0,ShAdDafrF,18.0,1062.0,17.0,1056.0,FTP
1720727703.837358,CJhzyR39hPENwifDh6,192.168.1.4,40538.0,54.196.125.251,443.0,tcp,59.23881006240845,3213.0,4095.0,SF,1.0,0.0,0.0,ShADadfF,15.0,4001.0,16.0,4935.0,HTTPS
1720729452.679088,CgnZSC2trmAhfnTT5k,192.168.1.6,55680.0,192.168.1.4,21.0,tcp,10.21738886833191,135.0,188.0,SF,1.0,1.0,0.0,ShAdDafrF,18.0,1079.0,17.0,1056.0,FTP
1720728064.702546,CjTSO23PL7cXRUi4w5,192.168.1.4,33995.0,192.168.1.1,53.0,udp,10.21738886833191,135.0,188.0,SF,1.0,1.0,0.0,ShAdDafrF,18.0,1079.0,17.0,1056.0,DNS
1720728503.926735,ClYk8B4b1drHPW5AEl,192.168.1.6,41902.0,192.168.1.4,21.0,tcp,10.666368961334229,118.0,188.0,SF,1.0,1.0,0.0,ShAdDafrF,18.0,1062.0,17.0,1056.0,FTP
1720727825.526611,CI3i3i4zP1OWTun3n6,192.168.1.6,52196.0,192.168.1.4,21.0,tcp,9.709357023239136,118.0,188.0,SF,1.0,1.0,0.0,ShAdDafrF,18.0,1062.0,17.0,1056.0,FTP
1720727765.738815,C185ZA46iv0AjQT2Ib,192.168.1.4,34926.0,104.96.221.59,443.0,tcp,300.5825300216675,4710.0,880279.0,SF,1.0,0.0,43440.0,ShADadtgFfR,219.0,16106.0,318.0,896823.0,HTTPS
1720728106.171512,CTVsVJ2V7hIVbRjSv,192.168.1.6,37146.0,192.168.1.4,21.0,tcp,10.10598111152649,118.0,188.0,SF,1.0,1.0,0.0,ShAdDafrF,18.0,1062.0,17.0,1056.0,FTP
1720731624.829113,CiF3m71baEstkPxJb6,192.168.1.6,35054.0,192.168.1.4,21.0,tcp,8.947395086288452,164.0,188.0,SF,1.0,1.0,0.0,ShAdDafrF,18.0,1108.0,17.0,1056.0,FTP
1720730006.532072,C43H9J3SOFGQ7xE102,192.168.1.6,41204.0,192.168.1.4,21.0,tcp,9.420156002044678,125.0,188.0,SF,1.0,1.0,0.0,ShAdDafFr,18.0,1069.0,17.0,1056.0,FTP
1720730349.443165,CovMTS1fd94lQOv9e6,192.168.1.6,48998.0,192.168.1.4,21.0,tcp,10.485811948776243,125.0,188.0,SF,1.0,1.0,0.0,ShAdDafrF,18.0,1069.0,17.0,1056.0,FTP
1720731431.995741,CuOqqB1luodpcadBvl,192.168.1.6,35484.0,192.168.1.4,21.0,tcp,10.236223220825195,132.0,188.0,SF,1.0,1.0,0.0,ShAdDafrF,18.0,1076.0,17.0,1056.0,FTP
1720730918.087071,CwZZDA18d9uTLTEiIg,192.168.1.6,34630.0,192.168.1.4,21.0,tcp,11.146913051605225,127.0,188.0,SF,1.0,1.0,0.0,ShAdDafrF,18.0,1071.0,17.0,1056.0,FTP
1720728130.170077,CS090DkUBZVlSIc3d,192.168.1.6,46948.0,192.168.1.4,21.0,tcp,9.636191844940186,118.0,188.0,SF,1.0,1.0,0.0,ShAdDafrF,18.0,1062.0,17.0,1056.0,FTP
1720729710.212791,C7rpPG3lWBJBMAhXn5,192.168.1.6,47994.0,192.168.1.4,21.0,tcp,10.018330097198486,106.0,188.0,SF,1.0,1.0,0.0,ShAdDafrF,18.0,1050.0,17.0,1056.0,FTP
1720728187.307737,ClMrLVRBXwCk3k2Lh,192.168.1.4,57899.0,192.168.1.1,53.0,udp,10.018330097198486,106.0,188.0,SF,1.0,1.0,0.0,ShAdDafrF,18.0,1050.0,17.0,1056.0,DNS
1720727865.734986,CSyOSfbAEN7HKxWX,192.168.1.6,47786.0,192.168.1.4,21.0,tcp,10.385501861572266,118.0,188.0,SF,1.0,1.0,0.0,ShAdDafrF,18.0,1062.0,17.0,1056.0,FTP
1720727915.595437,C8jwbz2n3Gi5NiP2qi,192.168.1.4,45042.0,192.168.1.1,53.0,udp,10.385501861572266,118.0,188.0,SF,1.0,1.0,0.0,ShAdDafrF,18.0,1062.0,17.0,1056.0,DNS
1720728557.303987,CUCfwbrOC4XG1ciug,192.168.1.6,50780.0,192.168.1.4,21.0,tcp,9.321122884750366,118.0,188.0,SF,1.0,1.0,0.0,ShAdDafrF,18.0,1062.0,17.0,1056.0,FTP
1720729768.531638,C9NTvUX723zvMgOyg,192.168.1.6,59070.0,192.168.1.4,21.0,tcp,10.881994009017944,117.0,188.0,SF,1.0,1.0,0.0,ShAdDafrF,18.0,1061.0,17.0,1056.0,FTP
1720731870.964086,CWflglhoRpoemU6Mg,192.168.1.6,58114.0,192.168.1.4,21.0,tcp,10.185340881347656,138.0,188.0,SF,1.0,1.0,0.0,ShAdDafFr,18.0,1082.0,17.0,1056.0,FTP
1720727986.672432,CVl9qFJPSjgGwePqd,192.168.1.6,48550.0,192.168.1.4,21.0,tcp,9.763587951660156,118.0,188.0,SF,1.0,1.0,0.0,ShAdDafrF,18.0,1062.0,17.0,1056.0,FTP
1720731881.149556,Cd7CCNrUaOqVuD6o7,192.168.1.6,46420.0,192.168.1.4,21.0,tcp,9.942947149276732,194.0,188.0,SF,1.0,1.0,0.0,ShAdDafrF,18.0,1138.0,17.0,1056.0,FTP
1720728186.043306,Cl04wB3FHf4VSojUqf,192.168.1.4,39200.0,23.48.104.69,443.0,tcp,9.942947149276732,194.0,188.0,SF,1.0,1.0,0.0,ShAdDafrF,18.0,1138.0,17.0,1056.0,HTTPS
1720730495.161053,CnVykt4I8A7pAt1QG4,192.168.1.6,58694.0,192.168.1.4,21.0,tcp,10.616842031478882,131.0,188.0,RSTR,1.0,1.0,0.0,ShAdDafr,17.0,1023.0,16.0,1016.0,FTP
1720731901.560003,Cv47Ix396WdBDZpRF6,192.168.1.6,37088.0,192.168.1.4,21.0,tcp,9.671036958694458,147.0,188.0,SF,1.0,1.0,0.0,ShAdDafrF,18.0,1091.0,17.0,1056.0,FTP
1720728396.145021,CfcGxW1ZY8p4rsI4ah,192.168.1.6,60258.0,192.168.1.4,21.0,tcp,10.4804949760437,118.0,188.0,SF,1.0,1.0,0.0,ShAdDafrF,18.0,1062.0,17.0,1056.0,FTP
1720727763.86728,CIGiYFWHEZzgpDeJd,192.168.1.4,55414.0,192.168.1.1,53.0,udp,0.022839069366455,45.0,177.0,SF,1.0,1.0,0.0,Dd,1.0,73.0,1.0,205.0,DNS
1720730247.099448,C5attj2rTXTazNZUF5,192.168.1.6,59314.0,192.168.1.4,21.0,tcp,10.328777074813845,130.0,188.0,SF,1.0,1.0,0.0,ShAdDafrF,18.0,1074.0,17.0,1056.0,FTP
1720730637.476278,C0uIFn5cAbrCN18Y2,192.168.1.6,48612.0,192.168.1.4,21.0,tcp,11.233518838882446,124.0,188.0,SF,1.0,1.0,0.0,ShAdDafrF,18.0,1068.0,17.0,1056.0,FTP
1720728245.070361,CeY0eA2I5E8mbMsHc7,192.168.1.4,54340.0,192.168.1.1,53.0,udp,11.233518838882446,124.0,188.0,SF,1.0,1.0,0.0,ShAdDafrF,18.0,1068.0,17.0,1056.0,DNS
1720727971.013215,CZuKtI1maVcrzs2zMh,192.168.1.4,60887.0,192.168.1.1,53.0,udp,0.002367973327636,41.0,209.0,SF,1.0,1.0,0.0,Dd,1.0,69.0,1.0,237.0,DNS
1720727673.884302,COf5AE2cbIUIcMot33,192.168.1.4,60132.0,18.238.4.35,443.0,tcp,240.05217003822327,2356.0,127083.0,SF,1.0,0.0,0.0,ShADadFf,57.0,5328.0,85.0,131511.0,HTTPS
1720727734.882157,CEt1HI3iyJFRyem7S6,192.168.1.4,52018.0,142.250.65.163,443.0,tcp,240.05217003822327,2356.0,127083.0,SF,1.0,0.0,0.0,IIiiiIhhhHH,57.0,5328.0,85.0,131511.0,HTTPS
1720729493.985646,CU5bBa3bKaq1GvQTR2,192.168.1.6,43232.0,192.168.1.4,21.0,tcp,10.355058908462524,128.0,188.0,SF,1.0,1.0,0.0,ShAdDafFr,18.0,1072.0,17.0,1056.0,FTP
1720729648.837696,CFuy6D3ba0L3NIJRAe,192.168.1.6,46082.0,192.168.1.4,21.0,tcp,9.254506826400757,116.0,188.0,SF,1.0,1.0,0.0,ShAdDafrF,18.0,1060.0,17.0,1056.0,FTP
1720728305.18674,CJTnR127DdI8kraJxe,192.168.1.4,54732.0,192.168.1.1,53.0,udp,9.254506826400757,116.0,188.0,SF,1.0,1.0,0.0,ShAdDafrF,18.0,1060.0,17.0,1056.0,DNS
1720728643.234184,CkSnf1QNP2sQzMdR7,192.168.1.4,39744.0,192.168.1.1,53.0,udp,0.000750064849853,58.0,394.0,SF,1.0,1.0,0.0,Dd,1.0,86.0,1.0,422.0,DNS
1720728155.55485,CNUMQK1GN4qjvha71j,192.168.1.4,36470.0,192.168.1.1,53.0,udp,0.016475915908813,64.0,153.0,SF,1.0,1.0,0.0,Dd,1.0,92.0,1.0,181.0,DNS
1720728219.949511,CLVEOfO4EzJOtV9Jc,192.168.1.4,43486.0,192.168.1.1,53.0,udp,0.016475915908813,64.0,153.0,SF,1.0,1.0,0.0,Dd,1.0,92.0,1.0,181.0,DNS
1720727915.220935,CnqvycwAI8YLUeJK9,192.168.1.4,48070.0,142.251.41.3,443.0,udp,0.016475915908813,64.0,153.0,SF,1.0,1.0,0.0,IIiiiIhhhHH,1.0,92.0,1.0,181.0,HTTPS
1720730741.593071,C8dCGb1rr4cxsa5edh,192.168.1.6,52548.0,192.168.1.4,21.0,tcp,10.734365940093994,130.0,188.0,SF,1.0,1.0,0.0,ShAdDafrF,18.0,1074.0,17.0,1056.0,FTP
1720728543.60604,COXeRS3zwANpiDdkGd,192.168.1.6,32990.0,192.168.1.4,21.0,tcp,9.821399927139282,116.0,188.0,SF,1.0,1.0,0.0,ShAdDafrF,18.0,1060.0,17.0,1056.0,FTP
1720731146.855718,CxBbqt3uI4MFj0z3t8,192.168.1.6,58562.0,192.168.1.4,21.0,tcp,9.253495216369627,112.0,188.0,SF,1.0,1.0,0.0,ShAdDafrF,18.0,1056.0,17.0,1056.0,FTP
1720729491.133754,CKwQSyZSmKW2ZhCQ9,192.168.1.6,55924.0,192.168.1.4,21.0,tcp,10.3179349899292,136.0,188.0,SF,1.0,1.0,0.0,ShAdDafrF,18.0,1080.0,17.0,1056.0,FTP
1720730918.178463,C4wSUKkpUASExMQ2d,192.168.1.6,34664.0,192.168.1.4,21.0,tcp,11.145716905593872,151.0,188.0,SF,1.0,1.0,0.0,ShAdDafrF,18.0,1095.0,17.0,1056.0,FTP
1720727992.30741,ChH25YyR3cmFLNjck,192.168.1.4,52574.0,192.168.1.1,53.0,udp,0.016266107559204,48.0,266.0,SF,1.0,1.0,0.0,Dd,1.0,76.0,1.0,294.0,DNS
1720727763.147525,CSVs2m3yPqQMKOQLk,192.168.1.4,43504.0,20.110.205.119,443.0,tcp,126.1289439201355,3478.0,7723.0,RSTR,1.0,0.0,0.0,ShADadr,17.0,4178.0,15.0,8335.0,HTTPS
1720728335.222253,CEyXns1TVkALAHrvTh,192.168.1.4,58948.0,172.64.155.141,443.0,tcp,126.1289439201355,3478.0,7723.0,RSTR,1.0,0.0,0.0,ShADadr,17.0,4178.0,15.0,8335.0,HTTPS
1720729203.341142,CWNkGk4EFRQlXEcFKj,192.168.1.6,56318.0,192.168.1.4,21.0,tcp,9.84670615196228,115.0,188.0,SF,1.0,1.0,0.0,ShAdDafrF,18.0,1059.0,17.0,1056.0,FTP
1720729491.633446,C7BjAm2cG2TF0b3lW7,192.168.1.6,55942.0,192.168.1.4,21.0,tcp,10.25898504257202,139.0,188.0,SF,1.0,1.0,0.0,ShAdDafrF,18.0,1083.0,17.0,1056.0,FTP
1720731359.156127,Cbi0h51jhZHkPQYfIl,192.168.1.6,35728.0,192.168.1.4,21.0,tcp,10.311178922653198,167.0,188.0,SF,1.0,1.0,0.0,ShAdDafrF,18.0,1111.0,17.0,1056.0,FTP
1720728245.070649,C9az1P2ZDAxhfqLg24,192.168.1.4,56173.0,192.168.1.1,53.0,udp,0.053695201873779,59.0,309.0,SF,1.0,1.0,0.0,Dd,1.0,87.0,1.0,337.0,DNS
1720728256.989248,Cp43nx1UwDHPBTKqVk,192.168.1.6,46688.0,192.168.1.4,21.0,tcp,9.95923900604248,117.0,188.0,SF,1.0,1.0,0.0,ShAdDafFr,18.0,1061.0,17.0,1056.0,FTP
1720728186.342464,CylxeE1yeEW4AoUxEe,192.168.1.4,49730.0,192.168.1.1,53.0,udp,0.7472150325775141,50.0,337.0,SF,1.0,1.0,0.0,Dd,1.0,78.0,1.0,365.0,DNS
1720728781.077472,Cs6sYvnyqTcqJL8tf,192.168.1.6,41584.0,192.168.1.4,21.0,tcp,11.049137115478516,133.0,188.0,SF,1.0,1.0,0.0,ShAdDafrF,18.0,1077.0,17.0,1056.0,FTP
1720727793.834365,Cl4L2K2TFullH6OQ37,192.168.1.4,56116.0,18.238.11.190,443.0,tcp,11.049137115478516,133.0,188.0,SF,1.0,1.0,0.0,ShAdDafrF,18.0,1077.0,17.0,1056.0,HTTPS
1720731831.978885,C8sfQPLOckj8vSsW7,192.168.1.6,45418.0,192.168.1.4,21.0,tcp,9.649818181991575,151.0,188.0,SF,1.0,1.0,0.0,ShAdDafrF,18.0,1095.0,17.0,1056.0,FTP
1720728096.390285,CiL7RE49Vm8BOaA299,192.168.1.4,55058.0,146.75.28.84,443.0,tcp,112.357568025589,3178.0,6732.0,SF,1.0,0.0,0.0,ShADadFfR,17.0,4046.0,19.0,7728.0,HTTPS
1720728064.561869,CWQHjQ2FMUQgyacTei,192.168.1.4,51439.0,192.168.1.1,53.0,udp,112.357568025589,3178.0,6732.0,SF,1.0,0.0,0.0,ShADadFfR,17.0,4046.0,19.0,7728.0,DNS
1720729784.352292,CaIOPM3tegbT7IkFr6,192.168.1.6,60734.0,192.168.1.4,21.0,tcp,10.658406972885132,112.0,188.0,SF,1.0,1.0,0.0,ShAdDafFr,18.0,1056.0,17.0,1056.0,FTP
1720730961.321487,COr1N91gGDQV04kGUk,192.168.1.6,51484.0,192.168.1.4,21.0,tcp,10.06735110282898,118.0,188.0,SF,1.0,1.0,0.0,ShAdDafrF,18.0,1062.0,17.0,1056.0,FTP
1720727885.073971,CLyMs11dRCjxiA1HX7,192.168.1.4,42177.0,142.251.40.226,443.0,udp,0.175312042236328,5006.0,9819.0,SF,1.0,0.0,0.0,Dd,11.0,5314.0,13.0,10183.0,HTTPS
1720728154.569622,CkpxtW1X3kdXtnA9ib,192.168.1.4,40552.0,103.10.4.227,443.0,tcp,54.363816022872925,1798.0,5925.0,RSTR,1.0,0.0,0.0,ShADadFr,10.0,2326.0,11.0,6493.0,HTTPS
1720728176.676281,Ckl9GM2ZOWS9vP1XUa,192.168.1.6,37058.0,192.168.1.4,21.0,tcp,9.670625925064089,118.0,188.0,SF,1.0,1.0,0.0,ShAdDafrF,18.0,1062.0,17.0,1056.0,FTP
1720728739.869082,CUa2gn2bfLIMl4ThXi,192.168.1.6,49744.0,192.168.1.4,21.0,tcp,10.87806797027588,127.0,188.0,SF,1.0,1.0,0.0,ShAdDafrF,18.0,1071.0,17.0,1056.0,FTP
1720727971.015819,Cm3SH43DlQRZZauS39,192.168.1.4,43756.0,192.168.1.1,53.0,udp,0.00144600868225,53.0,113.0,SF,1.0,1.0,0.0,Dd,1.0,81.0,1.0,141.0,DNS
1720729337.446238,Cg5tbI3PXfyOUdZIU5,192.168.1.6,50786.0,192.168.1.4,21.0,tcp,10.368314981460571,113.0,188.0,SF,1.0,1.0,0.0,ShAdDafFr,18.0,1057.0,17.0,1056.0,FTP
1720731613.600037,CWOjAv2OTTGuBtdt1e,192.168.1.6,45116.0,192.168.1.4,21.0,tcp,10.20353078842163,168.0,188.0,SF,1.0,1.0,0.0,ShAdDafrF,18.0,1112.0,17.0,1056.0,FTP
1720728454.145962,CPhrQc17zuv3L5uztb,192.168.1.6,55934.0,192.168.1.4,21.0,tcp,10.69704294204712,117.0,188.0,SF,1.0,1.0,0.0,ShAdDafrF,18.0,1061.0,17.0,1056.0,FTP
1720728235.339559,CqBU6v3zUJ67dYS9cc,192.168.1.6,39160.0,192.168.1.4,21.0,tcp,10.64504885673523,118.0,188.0,SF,1.0,1.0,0.0,ShAdDafrF,18.0,1062.0,17.0,1056.0,FTP
1720727765.880782,CzE2oe25FW4RXO7kwd,192.168.1.4,51117.0,34.111.60.239,443.0,tcp,10.64504885673523,118.0,188.0,SF,1.0,1.0,0.0,ShAdDafrF,18.0,1062.0,17.0,1056.0,HTTPS
1720727990.660258,CiSGTv3uN14ddm9rVi,192.168.1.6,48634.0,192.168.1.4,21.0,tcp,10.075445890426636,118.0,188.0,SF,1.0,1.0,0.0,ShAdDafrF,18.0,1062.0,17.0,1056.0,FTP
1720728331.920222,CSEStspB7s3JqtXXi,192.168.1.4,50959.0,192.168.1.1,53.0,udp,0.002222061157226,60.0,495.0,SF,1.0,1.0,0.0,Dd,1.0,88.0,1.0,523.0,DNS
1720728184.646062,CqgJgjtn2qARjmAzf,192.168.1.4,32920.0,192.168.1.1,53.0,udp,0.002222061157226,60.0,495.0,SF,1.0,1.0,0.0,Dd,1.0,88.0,1.0,523.0,DNS
1720730753.165641,Cme0kn1IRuEiK2TY2e,192.168.1.6,50842.0,192.168.1.4,21.0,tcp,9.933660984039308,130.0,188.0,SF,1.0,1.0,0.0,ShAdDafrF,18.0,1074.0,17.0,1056.0,FTP
1720729229.931981,CdgDGj2SRHRcxXgDMi,192.168.1.6,35072.0,192.168.1.4,21.0,tcp,10.15957498550415,129.0,188.0,SF,1.0,1.0,0.0,ShAdDafrF,18.0,1073.0,17.0,1056.0,FTP
1720728037.583646,C7r2DH4DNOIfADjK2,192.168.1.6,56460.0,192.168.1.4,21.0,tcp,9.47776484489441,118.0,188.0,SF,1.0,1.0,0.0,ShAdDafrF,18.0,1062.0,17.0,1056.0,FTP
1720728379.247831,CIRZXD4cdhBUKahv6k,192.168.1.4,54759.0,192.168.1.1,53.0,udp,9.47776484489441,118.0,188.0,SF,1.0,1.0,0.0,ShAdDafrF,18.0,1062.0,17.0,1056.0,DNS
1720727825.271859,CwkXdI35vNsvBa6fUk,192.168.1.4,44271.0,142.250.72.106,443.0,udp,9.47776484489441,118.0,188.0,SF,1.0,1.0,0.0,ShAdDafrF,18.0,1062.0,17.0,1056.0,HTTPS
1720728035.131911,CpiBcI2GTmwsMoStNf,192.168.1.4,52566.0,192.168.1.1,53.0,udp,0.012835025787353,49.0,643.0,SF,1.0,1.0,0.0,Dd,1.0,77.0,1.0,671.0,DNS
1720728212.852885,ClXWWx2dn8ftqndR54,192.168.1.6,43914.0,192.168.1.4,21.0,tcp,10.28892207145691,117.0,188.0,SF,1.0,1.0,0.0,ShAdDafFr,18.0,1061.0,17.0,1056.0,FTP
1720729691.142258,C04pKm1aOEeGAB9a03,192.168.1.6,56098.0,192.168.1.4,21.0,tcp,9.55040407180786,144.0,188.0,SF,1.0,1.0,0.0,ShAdDafFr,18.0,1088.0,17.0,1056.0,FTP
1720727733.794668,CJjC1o212QFPBm7jcj,192.168.1.4,55517.0,142.250.80.34,443.0,tcp,9.55040407180786,144.0,188.0,SF,1.0,1.0,0.0,IIiiiIhhhHHhH,18.0,1088.0,17.0,1056.0,HTTPS
1720729406.80924,CA4O0n11hNGtit68Si,192.168.1.6,36790.0,192.168.1.4,21.0,tcp,11.06133198738098,121.0,188.0,SF,1.0,1.0,0.0,ShAdDafFr,18.0,1065.0,17.0,1056.0,FTP
1720728245.212317,Czp4Zv4LLx3GYhQHN6,192.168.1.4,52906.0,192.168.1.1,53.0,udp,11.06133198738098,121.0,188.0,SF,1.0,1.0,0.0,ShAdDafFr,18.0,1065.0,17.0,1056.0,DNS
1720730951.110673,CtN6T9i2Pof9Mp0Ha,192.168.1.6,56932.0,192.168.1.4,21.0,tcp,10.2776141166687,130.0,188.0,SF,1.0,1.0,0.0,ShAdDafFr,18.0,1074.0,17.0,1056.0,FTP
1720727764.881079,CMKpvHUNON7IVfMvi,192.168.1.4,42548.0,52.71.178.253,443.0,tcp,60.065895080566406,3267.0,6354.0,SF,1.0,0.0,0.0,ShADadfF,18.0,4211.0,18.0,7298.0,HTTPS
1720728943.381313,CqQD8Q3JE4b78KV6Lj,192.168.1.6,37536.0,192.168.1.4,21.0,tcp,10.083806991577148,125.0,188.0,SF,1.0,1.0,0.0,ShAdDafrF,18.0,1069.0,17.0,1056.0,FTP
1720729633.234369,Cewqty4tmgP8OMr6ci,192.168.1.4,47376.0,185.125.190.96,80.0,tcp,0.165205955505371,88.0,185.0,SF,1.0,0.0,0.0,ShADdfFa,5.0,356.0,4.0,401.0,HTTP
1720730720.432577,CHiHap8S3pxfeaxa9,192.168.1.6,43986.0,192.168.1.4,21.0,tcp,9.33915114402771,127.0,188.0,SF,1.0,1.0,0.0,ShAdDafrF,18.0,1071.0,17.0,1056.0,FTP
1720728211.819622,CP4W8T3UYzvER3cMqb,192.168.1.4,42136.0,192.168.1.1,53.0,udp,0.00481104850769,46.0,195.0,SF,1.0,1.0,0.0,Dd,1.0,74.0,1.0,223.0,DNS
1720731666.772474,CISmAYG782PBis6z,192.168.1.6,43418.0,192.168.1.4,21.0,tcp,10.018009901046751,138.0,188.0,SF,1.0,1.0,0.0,ShAdDafrF,18.0,1082.0,17.0,1056.0,FTP
1720728216.086467,CzeLiY2OoraWnFv3ng,192.168.1.4,39819.0,192.168.1.1,53.0,udp,10.018009901046751,138.0,188.0,SF,1.0,1.0,0.0,ShAdDafrF,18.0,1082.0,17.0,1056.0,DNS
1720727794.511517,CF6Smm1ZX6wIKZMeB,192.168.1.4,59214.0,31.13.71.7,443.0,udp,10.018009901046751,138.0,188.0,SF,1.0,1.0,0.0,ShAdDafrF,18.0,1082.0,17.0,1056.0,HTTPS
1720728245.244309,CVprojSCjqQr2ZDlc,192.168.1.4,50506.0,192.168.1.1,53.0,udp,10.018009901046751,138.0,188.0,SF,1.0,1.0,0.0,ShAdDafrF,18.0,1082.0,17.0,1056.0,DNS
1720728211.820065,C0mPe72HJLgixCcp98,192.168.1.4,60549.0,192.168.1.1,53.0,udp,0.111600875854492,56.0,254.0,SF,1.0,1.0,0.0,Dd,1.0,84.0,1.0,282.0,DNS
1720729759.301554,C3IEmu428aQA9mVqWf,192.168.1.6,43604.0,192.168.1.4,21.0,tcp,9.229902982711792,115.0,188.0,SF,1.0,1.0,0.0,ShAdDafrF,18.0,1059.0,17.0,1056.0,FTP
1720728335.481673,CheJxI2e2vJ9f0KGq7,192.168.1.4,50641.0,192.168.1.1,53.0,udp,0.043071031570434,46.0,400.0,SF,1.0,1.0,0.0,Dd,1.0,74.0,1.0,428.0,DNS
1720730841.408008,ChFdin4vxj7LJrgxqh,192.168.1.6,40870.0,192.168.1.4,21.0,tcp,9.622886896133425,118.0,188.0,SF,1.0,1.0,0.0,ShAdDafFr,18.0,1062.0,17.0,1056.0,FTP
1720729069.906688,C4gcJg1yCeoeCHrlAj,192.168.1.6,37050.0,192.168.1.4,21.0,tcp,10.581218957901,124.0,188.0,SF,1.0,1.0,0.0,ShAdDafrF,18.0,1068.0,17.0,1056.0,FTP
1720728246.242608,CAKBy01ZAxK1Odqbeh,192.168.1.4,57686.0,192.168.1.1,53.0,udp,10.581218957901,124.0,188.0,SF,1.0,1.0,0.0,ShAdDafrF,18.0,1068.0,17.0,1056.0,DNS
1720727884.862239,CPWAtN1iqf2HszWjsf,192.168.1.4,44896.0,192.168.1.1,53.0,udp,0.006310224533081,50.0,141.0,SF,1.0,1.0,0.0,Dd,1.0,78.0,1.0,169.0,DNS
1720729737.823021,C1s76PU2U1XeaNKE2,192.168.1.6,42534.0,192.168.1.4,21.0,tcp,9.56892704963684,118.0,188.0,SF,1.0,1.0,0.0,ShAdDafrF,18.0,1062.0,17.0,1056.0,FTP
1720731716.802221,CXdleHpto3cMupZyi,192.168.1.6,38608.0,192.168.1.4,21.0,tcp,10.281786918640137,177.0,188.0,SF,1.0,1.0,0.0,ShAdDafrF,18.0,1121.0,17.0,1056.0,FTP
1720728191.389336,CSMbYyfcoFBfcEwEl,192.168.1.4,54903.0,142.250.176.206,443.0,udp,17.34898591041565,4132.0,9416.0,SF,1.0,0.0,0.0,Dd,11.0,4440.0,10.0,9696.0,HTTPS
1720728011.819137,CNaT5c1nMvFfhHPQz5,192.168.1.6,38378.0,192.168.1.4,21.0,tcp,9.728317975997925,118.0,188.0,SF,1.0,1.0,0.0,ShAdDafrF,18.0,1062.0,17.0,1056.0,FTP
1720728186.708337,CxaPn5sKo0pTs8S31,192.168.1.4,49206.0,23.205.106.91,443.0,tcp,22.04750299453736,2481.0,196585.0,SF,1.0,0.0,0.0,ShADadFfR,64.0,5793.0,107.0,202157.0,HTTPS
1720728909.076372,CHiZtOS9OXnLpJAL,192.168.1.6,43524.0,192.168.1.4,21.0,tcp,9.142316102981567,166.0,188.0,SF,1.0,1.0,0.0,ShAdDafFr,18.0,1110.0,17.0,1056.0,FTP
1720731527.538692,CnPB6e2RwEMdDbNtT1,192.168.1.6,46534.0,192.168.1.4,21.0,tcp,10.16480588912964,143.0,188.0,SF,1.0,1.0,0.0,ShAdDafFr,18.0,1087.0,17.0,1056.0,FTP
1720727765.868164,CRZfMqzEJjSzf94z4,192.168.1.4,44958.0,192.168.1.1,53.0,udp,10.16480588912964,143.0,188.0,SF,1.0,1.0,0.0,ShAdDafFr,18.0,1087.0,17.0,1056.0,DNS
1720729744.368468,CV4Nig3cK8bco9plK8,192.168.1.6,60706.0,192.168.1.4,21.0,tcp,9.3578200340271,115.0,188.0,SF,1.0,1.0,0.0,ShAdDafFr,18.0,1059.0,17.0,1056.0,FTP
1720730378.809207,CTirWe3toSfTiVoGIj,192.168.1.6,33426.0,192.168.1.4,21.0,tcp,8.961578130722046,132.0,188.0,SF,1.0,1.0,0.0,ShAdDafrF,18.0,1076.0,17.0,1056.0,FTP
1720727944.57484,CFcbAp1xz5TPxHpYG,192.168.1.4,36991.0,192.168.1.1,53.0,udp,8.961578130722046,132.0,188.0,SF,1.0,1.0,0.0,ShAdDafrF,18.0,1076.0,17.0,1056.0,DNS
1720727906.540929,ClwGbs3ibpI83RXWvi,192.168.1.4,42017.0,192.168.1.1,53.0,udp,8.961578130722046,132.0,188.0,SF,1.0,1.0,0.0,ShAdDafrF,18.0,1076.0,17.0,1056.0,DNS
1720730630.807258,CNhxJO3cjDm6Es1Yb4,192.168.1.6,45136.0,192.168.1.4,21.0,tcp,10.337627172470093,133.0,188.0,SF,1.0,1.0,0.0,ShAdDafrF,18.0,1077.0,17.0,1056.0,FTP
1720727891.32515,Ck1sP9nxYrtDIRYyh,192.168.1.4,51108.0,192.168.1.1,53.0,udp,0.001334905624389,80.0,150.0,SF,1.0,1.0,0.0,Dd,1.0,108.0,1.0,178.0,DNS
1720729223.020932,CLlp2R2K22n1ScSgng,192.168.1.6,34944.0,192.168.1.4,21.0,tcp,10.622588157653809,122.0,188.0,SF,1.0,1.0,0.0,ShAdDafrF,18.0,1066.0,17.0,1056.0,FTP
1720729033.233337,CSaxtD1HwtfDkvrTUa,192.168.1.4,50574.0,192.168.1.1,53.0,udp,10.622588157653809,122.0,188.0,SF,1.0,1.0,0.0,ShAdDafrF,18.0,1066.0,17.0,1056.0,DNS
1720728245.130754,CqlUg024rl18SNV1ld,192.168.1.4,59966.0,192.168.1.1,53.0,udp,0.002000093460083,60.0,368.0,SF,1.0,1.0,0.0,Dd,1.0,88.0,1.0,396.0,DNS
1720731290.613813,Cc8tWs3JpNGXiBBw88,192.168.1.6,50172.0,192.168.1.4,21.0,tcp,9.503482103347778,175.0,188.0,SF,1.0,1.0,0.0,ShAdDafFr,18.0,1119.0,17.0,1056.0,FTP
1720729661.385408,CXGpYE2GOjLOxImlJ2,192.168.1.6,55864.0,192.168.1.4,21.0,tcp,10.471817016601562,132.0,188.0,SF,1.0,1.0,0.0,ShAdDafFr,18.0,1076.0,17.0,1056.0,FTP
1720731469.890995,Cxh3Tt3w3DXAx9vRT7,192.168.1.6,56720.0,192.168.1.4,21.0,tcp,9.998122930526732,168.0,188.0,SF,1.0,1.0,0.0,ShAdDafFr,18.0,1112.0,17.0,1056.0,FTP
1720728185.195048,CnPR5N1NcU0AocFWKb,192.168.1.4,50977.0,192.168.1.1,53.0,udp,0.142953872680664,47.0,486.0,SF,1.0,1.0,0.0,Dd,1.0,75.0,1.0,514.0,DNS
1720727793.160801,CajsCg3DFpIW5fhU1j,192.168.1.4,42436.0,192.168.1.1,53.0,udp,0.062884092330932,41.0,211.0,SF,1.0,1.0,0.0,Dd,1.0,69.0,1.0,239.0,DNS
1720729127.144874,CLWnN73iIzoVThw0X5,192.168.1.6,45786.0,192.168.1.4,21.0,tcp,11.190021991729736,131.0,188.0,SF,1.0,1.0,0.0,ShAdDafFr,18.0,1075.0,17.0,1056.0,FTP
1720730964.071658,CaUlsD3POC527EaBs9,192.168.1.6,48864.0,192.168.1.4,21.0,tcp,10.764459133148192,139.0,188.0,SF,1.0,1.0,0.0,ShAdDafFr,18.0,1083.0,17.0,1056.0,FTP
1720728211.809813,C5HPxg2jjtqMaQJt9h,192.168.1.4,33336.0,93.184.215.14,80.0,tcp,6.054127931594849,0.0,0.0,SF,1.0,0.0,0.0,ShAFf,4.0,216.0,2.0,112.0,HTTP
1720728109.307589,CS5hKK1zfMGwzK3l9,192.168.1.4,34713.0,192.168.1.1,53.0,udp,6.054127931594849,0.0,0.0,SF,1.0,0.0,0.0,ShAFf,4.0,216.0,2.0,112.0,DNS
1720731442.232143,Cdk40v1FRRuAoilh5i,192.168.1.6,53020.0,192.168.1.4,21.0,tcp,10.16399908065796,134.0,188.0,SF,1.0,1.0,0.0,ShAdDafFr,18.0,1078.0,17.0,1056.0,FTP
1720728155.152747,CKBGq72SvqnZU25VUd,192.168.1.4,60354.0,192.168.1.1,53.0,udp,10.16399908065796,134.0,188.0,SF,1.0,1.0,0.0,ShAdDafFr,18.0,1078.0,17.0,1056.0,DNS
1720728062.577081,CGKLF13GtSiWCuQqPk,192.168.1.6,46150.0,192.168.1.4,21.0,tcp,9.118986129760742,118.0,188.0,SF,1.0,1.0,0.0,ShAdDafrF,18.0,1062.0,17.0,1056.0,FTP
1720731947.882097,CeUpcS0EGoRegOrLk,192.168.1.6,39476.0,192.168.1.4,21.0,tcp,10.095540046691896,113.0,188.0,SF,1.0,1.0,0.0,ShAdDafFr,18.0,1057.0,17.0,1056.0,FTP
1720727793.72325,CZmTOdZDM59UMgIij,192.168.1.4,52160.0,104.19.178.52,443.0,tcp,10.095540046691896,113.0,188.0,SF,1.0,1.0,0.0,ShAdDafFr,18.0,1057.0,17.0,1056.0,HTTPS
1720727796.072917,CFSqz21RUsNz9V9ZTh,192.168.1.6,57548.0,192.168.1.4,21.0,tcp,9.902208089828491,118.0,188.0,SF,1.0,1.0,0.0,ShAdDafFr,18.0,1062.0,17.0,1056.0,FTP
1720727915.064731,CZ2k4NE5RskajIk75,192.168.1.4,58711.0,192.168.1.1,53.0,udp,0.093353033065795,44.0,201.0,SF,1.0,1.0,0.0,Dd,1.0,72.0,1.0,229.0,DNS
1720727916.297855,C2BKmz3C1d0hokMMbb,192.168.1.4,42352.0,34.128.128.0,443.0,udp,0.093353033065795,44.0,201.0,SF,1.0,1.0,0.0,Dd,1.0,72.0,1.0,229.0,HTTPS
1720727884.865605,C4Qvdk3XnHOdJ5yvql,192.168.1.4,55394.0,72.21.81.130,443.0,tcp,180.52663898468012,3324.0,5214.0,SF,1.0,0.0,0.0,ShADadfF,18.0,4268.0,20.0,6262.0,HTTPS
1720730847.875993,CSmOBw2UEbq3G3okhj,192.168.1.6,45096.0,192.168.1.4,21.0,tcp,9.380800008773804,130.0,188.0,SF,1.0,1.0,0.0,ShAdDafFr,18.0,1074.0,17.0,1056.0,FTP
1720730161.271915,CcEynk27gXWgmkKLRh,192.168.1.6,40654.0,192.168.1.4,21.0,tcp,10.72024703025818,134.0,188.0,SF,1.0,1.0,0.0,ShAdDafFr,18.0,1078.0,17.0,1056.0,FTP
1720728186.199975,CjF94SXlo1vbsA31b,192.168.1.4,38553.0,192.168.1.1,53.0,udp,0.007936000823974,42.0,119.0,SF,1.0,1.0,0.0,Dd,1.0,70.0,1.0,147.0,DNS
1720731400.481363,CdUBpo3IOJk93LEdV6,192.168.1.6,48496.0,192.168.1.4,21.0,tcp,10.678979873657228,179.0,188.0,SF,1.0,1.0,0.0,ShAdDafrF,18.0,1123.0,17.0,1056.0,FTP
1720730407.746206,CdZErg41i184kdrTxf,192.168.1.6,55396.0,192.168.1.4,21.0,tcp,9.49893593788147,139.0,188.0,SF,1.0,1.0,0.0,ShAdDafrF,18.0,1083.0,17.0,1056.0,FTP
1720728125.164253,Cv178ODh0lL6jnAu1,192.168.1.6,46852.0,192.168.1.4,21.0,tcp,9.590172052383425,118.0,188.0,SF,1.0,1.0,0.0,ShAdDafrF,18.0,1062.0,17.0,1056.0,FTP
1720727933.495025,C15LLY29JiUSVXdCTe,192.168.1.6,41428.0,192.168.1.4,21.0,tcp,10.454662084579468,118.0,188.0,SF,1.0,1.0,0.0,ShAdDafrF,18.0,1062.0,17.0,1056.0,FTP
1720728064.383163,CIeRV73DbF5V7TmPSa,192.168.1.4,33806.0,192.168.1.1,53.0,udp,10.454662084579468,118.0,188.0,SF,1.0,1.0,0.0,ShAdDafrF,18.0,1062.0,17.0,1056.0,DNS
1720728064.231754,CRxUlc18W3yLCf0Vw,192.168.1.4,40522.0,192.168.1.1,53.0,udp,0.151124954223632,47.0,189.0,SF,1.0,1.0,0.0,Dd,1.0,75.0,1.0,217.0,DNS
1720731927.956758,CoOJDphyoReNbGOpc,192.168.1.6,37640.0,192.168.1.4,21.0,tcp,10.129208087921144,184.0,188.0,SF,1.0,1.0,0.0,ShAdDafrF,18.0,1128.0,17.0,1056.0,FTP
1720727794.49376,C1aegZ1TBeWu0cfTC4,192.168.1.4,50995.0,192.168.1.1,53.0,udp,10.129208087921144,184.0,188.0,SF,1.0,1.0,0.0,ShAdDafrF,18.0,1128.0,17.0,1056.0,DNS
1720728125.251708,C3wtCWNNPD4G91709,192.168.1.4,37254.0,31.13.71.36,443.0,udp,10.129208087921144,184.0,188.0,SF,1.0,1.0,0.0,ShAdDafrF,18.0,1128.0,17.0,1056.0,HTTPS
1720728771.518818,C1nq243mrMlFdb0Krc,192.168.1.6,33092.0,192.168.1.4,21.0,tcp,9.57957911491394,124.0,188.0,SF,1.0,1.0,0.0,ShAdDafFr,18.0,1068.0,17.0,1056.0,FTP
1720728943.234154,CLMAnt9wZpbseLfu1,192.168.1.4,36701.0,192.168.1.1,53.0,udp,9.57957911491394,124.0,188.0,SF,1.0,1.0,0.0,ShAdDafFr,18.0,1068.0,17.0,1056.0,DNS
1720730525.37567,Cdojzr2qUJhA9M2D4e,192.168.1.6,49564.0,192.168.1.4,21.0,tcp,9.346895933151243,121.0,188.0,SF,1.0,1.0,0.0,ShAdDafFr,18.0,1065.0,17.0,1056.0,FTP
1720729845.128116,CnPtIF24vHMhH8bO6f,192.168.1.6,41768.0,192.168.1.4,21.0,tcp,9.79097604751587,121.0,188.0,SF,1.0,1.0,0.0,ShAdDafrF,18.0,1065.0,17.0,1056.0,FTP
1720728695.181793,Co2qPJrKgkMw7HMo5,192.168.1.6,40092.0,192.168.1.4,21.0,tcp,10.483963966369627,142.0,188.0,SF,1.0,1.0,0.0,ShAdDafrF,18.0,1086.0,17.0,1056.0,FTP
1720728353.775692,CHb0Lf14VbxvpAuRl6,192.168.1.6,35988.0,192.168.1.4,21.0,tcp,10.245835065841677,118.0,188.0,SF,1.0,1.0,0.0,ShAdDafrF,18.0,1062.0,17.0,1056.0,FTP
1720728336.187878,Cs7lUR1Z51gn0qyGda,192.168.1.4,53339.0,192.168.1.1,53.0,udp,0.002032041549682,41.0,252.0,SF,1.0,1.0,0.0,Dd,1.0,69.0,1.0,280.0,DNS
1720729923.052727,CUfqp11sOXAPQbo6T5,192.168.1.6,52066.0,192.168.1.4,21.0,tcp,10.90487003326416,128.0,188.0,SF,1.0,1.0,0.0,ShAdDafrF,18.0,1072.0,17.0,1056.0,FTP
1720727915.198087,CLXZbE1vNSW2y9Naua,192.168.1.4,43958.0,13.224.214.56,443.0,tcp,241.3979160785675,4583.0,8880.0,SF,1.0,0.0,0.0,ShADadfF,24.0,5839.0,24.0,10136.0,HTTPS
1720728245.063086,CQ8dZJf0wJpLJ2Cm7,192.168.1.4,50388.0,192.168.1.1,53.0,udp,241.3979160785675,4583.0,8880.0,SF,1.0,0.0,0.0,ShADadfF,24.0,5839.0,24.0,10136.0,DNS
1720729845.172295,Cz3aHG2jEjgUGUbFNa,192.168.1.6,41782.0,192.168.1.4,21.0,tcp,9.79047989845276,123.0,188.0,SF,1.0,1.0,0.0,ShAdDafrF,18.0,1067.0,17.0,1056.0,FTP
1720727765.792265,COlTWc27uuNeqhLfsb,192.168.1.4,51839.0,192.168.1.1,53.0,udp,9.79047989845276,123.0,188.0,SF,1.0,1.0,0.0,ShAdDafrF,18.0,1067.0,17.0,1056.0,DNS
1720730709.903816,CimCPY2eMKgpQZyN43,192.168.1.6,57672.0,192.168.1.4,21.0,tcp,10.496376991271973,127.0,188.0,SF,1.0,1.0,0.0,ShAdDafrF,18.0,1071.0,17.0,1056.0,FTP
1720728245.212317,Czp4Zv4LLx3GYhQHN6,192.168.1.4,52906.0,192.168.1.1,53.0,udp,0.007476091384887,62.0,62.0,SF,1.0,1.0,0.0,Dd,1.0,90.0,1.0,90.0,DNS
1720731306.04974,C4w6ex3l7MllYBDaq1,192.168.1.6,55862.0,192.168.1.4,21.0,tcp,9.67936396598816,173.0,188.0,SF,1.0,1.0,0.0,ShAdDafrF,18.0,1117.0,17.0,1056.0,FTP
1720727765.808772,CHrhKf4Jeyf5gOku95,192.168.1.4,35023.0,192.168.1.1,53.0,udp,9.67936396598816,173.0,188.0,SF,1.0,1.0,0.0,ShAdDafrF,18.0,1117.0,17.0,1056.0,DNS
1720728308.489603,CrfBpBAxhZMHM1Pgc,192.168.1.6,45670.0,192.168.1.4,21.0,tcp,10.56755805015564,118.0,188.0,SF,1.0,1.0,0.0,ShAdDafrF,18.0,1062.0,17.0,1056.0,FTP
1720728305.183465,CMFTS21Wbkaivf6JCc,192.168.1.4,44222.0,192.168.1.1,53.0,udp,10.56755805015564,118.0,188.0,SF,1.0,1.0,0.0,ShAdDafrF,18.0,1062.0,17.0,1056.0,DNS
1720731798.529721,CzqP8rgAUipXL5bI2,192.168.1.6,60894.0,192.168.1.4,21.0,tcp,11.535712957382202,152.0,188.0,SF,1.0,1.0,0.0,ShAdDafrF,18.0,1096.0,17.0,1056.0,FTP
1720731158.99575,CflJ9d4CuYgLqkdgI9,192.168.1.6,59918.0,192.168.1.4,21.0,tcp,8.80848503112793,106.0,188.0,SF,1.0,1.0,0.0,ShAdDafFr,18.0,1050.0,17.0,1056.0,FTP
1720727915.52416,CERt2V1Z7eLUnqSll4,192.168.1.4,54455.0,192.168.1.1,53.0,udp,0.003858089447021,49.0,138.0,SF,1.0,1.0,0.0,Dd,1.0,77.0,1.0,166.0,DNS
1720731037.232455,CAPcLV39A62epdSr3h,192.168.1.6,56876.0,192.168.1.4,21.0,tcp,11.031065940856934,129.0,188.0,SF,1.0,1.0,0.0,ShAdDafrF,18.0,1073.0,17.0,1056.0,FTP
1720730761.816846,CNYX3x12I5w165Ujfa,192.168.1.6,50962.0,192.168.1.4,21.0,tcp,10.301748037338257,128.0,188.0,SF,1.0,1.0,0.0,ShAdDafrF,18.0,1072.0,17.0,1056.0,FTP
1720728216.086619,CWYhTt3iKW1xV8XHii,192.168.1.4,59236.0,192.168.1.1,53.0,udp,0.002711057662963,41.0,209.0,SF,1.0,1.0,0.0,Dd,1.0,69.0,1.0,237.0,DNS
1720728156.38244,CM6ft62CEn7eKE6vpk,192.168.1.4,48090.0,192.168.1.1,53.0,udp,0.002711057662963,41.0,209.0,SF,1.0,1.0,0.0,Dd,1.0,69.0,1.0,237.0,DNS
1720727793.454656,CMmq3a3b8zKUCX6m19,192.168.1.4,47787.0,192.168.1.1,53.0,udp,0.015923023223876,53.0,402.0,SF,1.0,1.0,0.0,Dd,1.0,81.0,1.0,430.0,DNS
1720728381.694865,CjAb0l4wKq0HGzVdIj,192.168.1.6,56960.0,192.168.1.4,21.0,tcp,10.900458097457886,117.0,188.0,SF,1.0,1.0,0.0,ShAdDafrF,18.0,1061.0,17.0,1056.0,FTP
1720728124.741899,CLMcWx29X6L0QCzZP4,192.168.1.4,55127.0,192.168.1.1,53.0,udp,0.030025005340576,52.0,445.0,SF,1.0,1.0,0.0,Dd,1.0,80.0,1.0,473.0,DNS
1720731718.489417,Cy7ARx1BOR7xm75wQ,192.168.1.6,38626.0,192.168.1.4,21.0,tcp,10.508600950241089,191.0,188.0,SF,1.0,1.0,0.0,ShAdDafrF,18.0,1135.0,17.0,1056.0,FTP
1720729198.767421,CwqfMm4xNcjGlW4Gcl,192.168.1.6,39124.0,192.168.1.4,21.0,tcp,10.240071058273315,117.0,188.0,SF,1.0,1.0,0.0,ShAdDafrF,18.0,1061.0,17.0,1056.0,FTP
1720730907.985405,CbSuYX1xuIFvvB8L86,192.168.1.6,40136.0,192.168.1.4,21.0,tcp,10.101473093032835,122.0,188.0,SF,1.0,1.0,0.0,ShAdDafrF,18.0,1066.0,17.0,1056.0,FTP
1720727884.442664,CvCW051KwatMG3Xtc6,192.168.1.4,54701.0,142.251.32.104,443.0,tcp,10.101473093032835,122.0,188.0,SF,1.0,1.0,0.0,ShAdDafrF,18.0,1066.0,17.0,1056.0,HTTPS
1720731732.49411,Comi4s2XOJ9SXU11H3,192.168.1.6,34668.0,192.168.1.4,21.0,tcp,10.050684928894045,171.0,188.0,SF,1.0,1.0,0.0,ShAdDafFr,18.0,1115.0,17.0,1056.0,FTP
1720729253.115508,CX7h3g3gU8Y2dDYEf8,192.168.1.6,54434.0,192.168.1.4,21.0,tcp,9.828297853469849,131.0,188.0,SF,1.0,1.0,0.0,ShAdDafrF,18.0,1075.0,17.0,1056.0,FTP
1720728095.278623,CXrsjS2Fa4wAen1CY,192.168.1.4,59624.0,192.168.1.1,53.0,udp,0.028612852096557,45.0,439.0,SF,1.0,1.0,0.0,Dd,1.0,73.0,1.0,467.0,DNS
1720731097.611321,CWJwMn1v0KShdYmqMi,192.168.1.6,43312.0,192.168.1.4,21.0,tcp,10.488434076309204,119.0,188.0,SF,1.0,1.0,0.0,ShAdDafrF,18.0,1063.0,17.0,1056.0,FTP
1720728064.612615,CdD2Bk2JIbZZePOdXb,192.168.1.4,50466.0,13.224.214.54,443.0,tcp,10.488434076309204,119.0,188.0,SF,1.0,1.0,0.0,ShAdDafrF,18.0,1063.0,17.0,1056.0,HTTPS
1720727915.595437,C8jwbz2n3Gi5NiP2qi,192.168.1.4,45042.0,192.168.1.1,53.0,udp,0.065415859222412,46.0,303.0,SF,1.0,1.0,0.0,Dd,1.0,74.0,1.0,331.0,DNS
1720731213.889566,CTfTNQuYz9aR2LIDh,192.168.1.6,51878.0,192.168.1.4,21.0,tcp,10.26103401184082,119.0,188.0,SF,1.0,1.0,0.0,ShAdDafrF,18.0,1063.0,17.0,1056.0,FTP
1720728673.864807,CQJSDC26lxL7YZtmQc,192.168.1.6,41440.0,192.168.1.4,21.0,tcp,10.4759361743927,134.0,188.0,SF,1.0,1.0,0.0,ShAdDafrF,18.0,1078.0,17.0,1056.0,FTP
1720727927.223467,CuCNTeIkBiyFy85gb,192.168.1.6,34118.0,192.168.1.4,21.0,tcp,10.045958995819092,118.0,188.0,SF,1.0,1.0,0.0,ShAdDafrF,18.0,1062.0,17.0,1056.0,FTP
1720729568.009359,Cny9VeEK95U0OIpW3,192.168.1.6,55732.0,192.168.1.4,21.0,tcp,9.557644128799438,112.0,188.0,SF,1.0,1.0,0.0,ShAdDafrF,18.0,1056.0,17.0,1056.0,FTP
1720729891.498597,CJu1LO2oaHGi6Cet3j,192.168.1.6,52214.0,192.168.1.4,21.0,tcp,10.99421501159668,126.0,188.0,SF,1.0,1.0,0.0,ShAdDafrF,18.0,1070.0,17.0,1056.0,FTP
1720730688.620363,C8SCAP1S6WyS56cYs6,192.168.1.6,33160.0,192.168.1.4,21.0,tcp,10.24671506881714,120.0,188.0,SF,1.0,1.0,0.0,ShAdDafFr,18.0,1064.0,17.0,1056.0,FTP
1720729462.868831,CdN6elrxrdJC09idj,192.168.1.6,56524.0,192.168.1.4,21.0,tcp,10.643731117248535,134.0,188.0,SF,1.0,1.0,0.0,ShAdDafrF,18.0,1078.0,17.0,1056.0,FTP
1720728305.961902,CqkSZ82R7kElkYSrQ,192.168.1.4,43487.0,192.168.1.1,53.0,udp,10.643731117248535,134.0,188.0,SF,1.0,1.0,0.0,ShAdDafrF,18.0,1078.0,17.0,1056.0,DNS
1720730504.840591,Clpp1c2UJYAdMW44Rj,192.168.1.6,60804.0,192.168.1.4,21.0,tcp,9.793911933898926,131.0,188.0,SF,1.0,1.0,0.0,ShAdDafrF,18.0,1075.0,17.0,1056.0,FTP
1720728155.623203,CfUsgj2ihqKV0oDGl,192.168.1.4,58740.0,192.168.1.1,53.0,udp,0.130245923995971,92.0,260.0,SF,1.0,1.0,0.0,Dd,1.0,120.0,1.0,288.0,DNS
1720728760.955614,CmXkiC39SLV66GwQe6,192.168.1.6,43630.0,192.168.1.4,21.0,tcp,9.512578010559082,122.0,188.0,SF,1.0,1.0,0.0,ShAdDafrF,18.0,1066.0,17.0,1056.0,FTP
1720728154.564449,CfhlHU8GzvTnElYq1,192.168.1.4,39315.0,192.168.1.1,53.0,udp,9.512578010559082,122.0,188.0,SF,1.0,1.0,0.0,ShAdDafrF,18.0,1066.0,17.0,1056.0,DNS
1720730307.680135,CeH7DL33AGYO6oB6d2,192.168.1.6,50278.0,192.168.1.4,21.0,tcp,10.182806968688965,149.0,188.0,SF,1.0,1.0,0.0,ShAdDafrF,18.0,1093.0,17.0,1056.0,FTP
1720728245.082448,C7dUt61AGTs5clSach,192.168.1.4,58052.0,104.104.72.162,443.0,tcp,0.057507038116455,1954.0,6170.0,SF,1.0,0.0,0.0,ShADadFRRf,13.0,2602.0,11.0,6750.0,HTTPS
1720729671.769113,CX6lwq2BEcbMKlmfa7,192.168.1.6,59914.0,192.168.1.4,21.0,tcp,9.386858940124512,169.0,188.0,SF,1.0,1.0,0.0,ShAdDafrF,18.0,1113.0,17.0,1056.0,FTP
1720729613.865062,CQ7U9h45sDOZpdt63,192.168.1.6,47534.0,192.168.1.4,21.0,tcp,9.838475942611694,108.0,188.0,SF,1.0,1.0,0.0,ShAdDafFr,18.0,1052.0,17.0,1056.0,FTP
1720727861.753066,Cf5J3D2D645ZXIJRs8,192.168.1.6,42284.0,192.168.1.4,21.0,tcp,11.095458030700684,117.0,188.0,SF,1.0,1.0,0.0,ShAdDafrF,18.0,1061.0,17.0,1056.0,FTP
1720728156.382583,C0QHGZ1KgwjXXoUV88,192.168.1.4,54508.0,192.168.1.1,53.0,udp,11.095458030700684,117.0,188.0,SF,1.0,1.0,0.0,ShAdDafrF,18.0,1061.0,17.0,1056.0,DNS
1720729464.963207,Cp8GVtnNALCIhjcUe,192.168.1.6,35274.0,192.168.1.4,21.0,tcp,10.271955013275146,128.0,188.0,SF,1.0,1.0,0.0,ShAdDafrF,18.0,1072.0,17.0,1056.0,FTP
1720727884.894802,CaZzzMmwWbj3WoHR9,192.168.1.4,40993.0,192.168.1.1,53.0,udp,0.012302875518798,65.0,126.0,SF,1.0,1.0,0.0,Dd,1.0,93.0,1.0,154.0,DNS
1720728221.329232,Cb9Kjj3Mygz58APxFc,192.168.1.4,55134.0,192.168.1.1,53.0,udp,0.012302875518798,65.0,126.0,SF,1.0,1.0,0.0,Dd,1.0,93.0,1.0,154.0,DNS
1720730789.642811,CiY8WF47q9ZzI46wrf,192.168.1.6,45470.0,192.168.1.4,21.0,tcp,9.505594968795776,126.0,188.0,SF,1.0,1.0,0.0,ShAdDafrF,18.0,1070.0,17.0,1056.0,FTP
1720728896.747413,CaF6ST2l9D5h44LGsd,192.168.1.6,35934.0,192.168.1.4,21.0,tcp,9.385364055633543,160.0,188.0,SF,1.0,1.0,0.0,ShAdDafrF,18.0,1104.0,17.0,1056.0,FTP
1720731767.189865,CSL9Y1XMArFw9zx1c,192.168.1.6,47992.0,192.168.1.4,21.0,tcp,10.165769815444946,173.0,188.0,SF,1.0,1.0,0.0,ShAdDafrF,18.0,1117.0,17.0,1056.0,FTP
1720731423.218368,CssDHlQzb9Qmy3271,192.168.1.6,35414.0,192.168.1.4,21.0,tcp,9.877363920211792,136.0,188.0,SF,1.0,1.0,0.0,ShAdDafrF,18.0,1080.0,17.0,1056.0,FTP
1720731633.756267,CVI1vt1MYRIE0qhEfi,192.168.1.6,42178.0,192.168.1.4,21.0,tcp,9.43966794013977,165.0,188.0,SF,1.0,1.0,0.0,ShAdDafrF,18.0,1109.0,17.0,1056.0,FTP
1720728130.146944,CfEMHl2pTF1Ei0V0v,192.168.1.6,46938.0,192.168.1.4,21.0,tcp,9.636711835861206,117.0,188.0,SF,1.0,1.0,0.0,ShAdDafrF,18.0,1061.0,17.0,1056.0,FTP
1720730169.655091,CpEXl44SBFdN8wiBJj,192.168.1.6,34526.0,192.168.1.4,21.0,tcp,10.82527494430542,148.0,188.0,SF,1.0,1.0,0.0,ShAdDafrF,18.0,1092.0,17.0,1056.0,FTP
1720728052.871617,CB0iMqZ3OADbtsNn6,192.168.1.6,51052.0,192.168.1.4,21.0,tcp,9.60298991203308,118.0,188.0,SF,1.0,1.0,0.0,ShAdDafrF,18.0,1062.0,17.0,1056.0,FTP
1720727763.371144,CxtHv12LvCJzyNBxKb,192.168.1.4,53568.0,192.168.1.1,53.0,udp,0.001610040664672,76.0,147.0,SF,1.0,1.0,0.0,Dd,1.0,104.0,1.0,175.0,DNS
1720730491.98442,CK9y4n3NCyr7oDIbXe,192.168.1.6,48740.0,192.168.1.4,21.0,tcp,9.773761987686155,143.0,188.0,SF,1.0,1.0,0.0,ShAdDafrF,18.0,1087.0,17.0,1056.0,FTP
1720728095.422153,Cj9kDo3M2l7VMnmoff,192.168.1.4,54638.0,192.168.1.1,53.0,udp,9.773761987686155,143.0,188.0,SF,1.0,1.0,0.0,ShAdDafrF,18.0,1087.0,17.0,1056.0,DNS
1720727914.483788,CUYqu84GJ74wTiqVMi,192.168.1.4,59995.0,192.168.1.1,53.0,udp,0.0432870388031,52.0,173.0,SF,1.0,1.0,0.0,Dd,1.0,80.0,1.0,201.0,DNS
1720728078.307453,C792mA3A2alNb2pyG4,192.168.1.4,43815.0,192.168.1.1,53.0,udp,0.0432870388031,52.0,173.0,SF,1.0,1.0,0.0,Dd,1.0,80.0,1.0,201.0,DNS
1720727915.063256,CDorvB2VW4U0H5Xet2,192.168.1.4,41317.0,192.168.1.1,53.0,udp,0.0432870388031,52.0,173.0,SF,1.0,1.0,0.0,Dd,1.0,80.0,1.0,201.0,DNS
1720728003.998025,CbiZdv4HhweJsJtoJb,192.168.1.4,45464.0,104.16.148.244,443.0,tcp,60.20355701446533,2116.0,1903.0,SF,1.0,0.0,0.0,ShADadFf,9.0,2592.0,7.0,2275.0,HTTPS
1720728021.224467,Cl2UIh11xuMw1Fg9fh,192.168.1.6,55392.0,192.168.1.4,21.0,tcp,9.90032696723938,118.0,188.0,SF,1.0,1.0,0.0,ShAdDafrF,18.0,1062.0,17.0,1056.0,FTP
1720727829.329951,CuJHD42Ps5W8dPxtYg,192.168.1.4,59442.0,192.168.1.1,53.0,udp,0.00149393081665,80.0,150.0,SF,1.0,1.0,0.0,Dd,1.0,108.0,1.0,178.0,DNS
1720730659.633368,Caq4DY2DbbSvAgH6n7,192.168.1.6,44712.0,192.168.1.4,21.0,tcp,10.419688940048218,129.0,188.0,SF,1.0,1.0,0.0,ShAdDafrF,18.0,1073.0,17.0,1056.0,FTP
1720728245.244309,CVprojSCjqQr2ZDlc,192.168.1.4,50506.0,192.168.1.1,53.0,udp,0.00767707824707,62.0,62.0,SF,1.0,1.0,0.0,Dd,1.0,90.0,1.0,90.0,DNS
1720731423.144968,CZuohqzAiKTPeKJ18,192.168.1.6,35384.0,192.168.1.4,21.0,tcp,9.888355016708374,152.0,188.0,SF,1.0,1.0,0.0,ShAdDafFr,18.0,1096.0,17.0,1056.0,FTP
1720731103.20922,CTmike4an2cJVu2ode,192.168.1.6,40326.0,192.168.1.4,21.0,tcp,10.073728084564207,120.0,188.0,SF,1.0,1.0,0.0,ShAdDafrF,18.0,1064.0,17.0,1056.0,FTP
1720727914.283271,CQjSVX1v8R6JGrdYgk,192.168.1.4,42978.0,192.168.1.1,53.0,udp,10.073728084564207,120.0,188.0,SF,1.0,1.0,0.0,ShAdDafrF,18.0,1064.0,17.0,1056.0,DNS
1720728305.992304,CghzbQJzY8SeiDJb2,192.168.1.4,34577.0,192.168.1.1,53.0,udp,0.00403881072998,53.0,113.0,SF,1.0,1.0,0.0,Dd,1.0,81.0,1.0,141.0,DNS
1720728207.578937,C9cHkc3oy8ASrl1u1k,192.168.1.6,43880.0,192.168.1.4,21.0,tcp,10.112025022506714,117.0,188.0,SF,1.0,1.0,0.0,ShAdDafFr,18.0,1061.0,17.0,1056.0,FTP
1720731317.028415,CGawxPuxw49ZD3gfj,192.168.1.6,34612.0,192.168.1.4,21.0,tcp,10.673825979232788,159.0,188.0,SF,1.0,1.0,0.0,ShAdDafFr,18.0,1103.0,17.0,1056.0,FTP
1720727764.009534,CpJwKz34JsVZccTP4b,192.168.1.4,36956.0,192.168.1.1,53.0,udp,0.017009019851684,45.0,104.0,SF,1.0,1.0,0.0,Dd,1.0,73.0,1.0,132.0,DNS
1720728094.406624,CQ5MJr2WR4Kmd7xPf7,192.168.1.4,52764.0,192.168.1.1,53.0,udp,0.017009019851684,45.0,104.0,SF,1.0,1.0,0.0,Dd,1.0,73.0,1.0,132.0,DNS
1720730478.918,CWUiY91PHvXjdUdKg9,192.168.1.6,50532.0,192.168.1.4,21.0,tcp,10.088881015777588,126.0,188.0,RSTR,1.0,1.0,0.0,ShAdDafr,17.0,1018.0,16.0,1016.0,FTP
1720728186.16531,C8fkDH3MScRQThgdF,192.168.1.4,44400.0,31.13.71.36,443.0,tcp,10.088881015777588,126.0,188.0,RSTR,1.0,1.0,0.0,ShAdDafr,17.0,1018.0,16.0,1016.0,HTTPS
1720729229.902357,Cbpna43lRQ3HWLsZtj,192.168.1.6,35058.0,192.168.1.4,21.0,tcp,10.171608924865724,129.0,188.0,SF,1.0,1.0,0.0,ShAdDafrF,18.0,1073.0,17.0,1056.0,FTP
1720728215.793037,CfjhlI2qleg4E1tSq1,192.168.1.4,47303.0,162.159.129.233,443.0,udp,0.065726041793823,4106.0,6271.0,SF,1.0,0.0,0.0,Dd,9.0,4358.0,10.0,6551.0,HTTPS
1720728859.230131,CkbuYA1PaOIUa7hGSf,192.168.1.6,50708.0,192.168.1.4,21.0,tcp,9.891637086868286,149.0,188.0,SF,1.0,1.0,0.0,ShAdDafrF,18.0,1093.0,17.0,1056.0,FTP
1720730053.460339,CY1UD93ZlPBirQjH69,192.168.1.6,54736.0,192.168.1.4,21.0,tcp,10.24533486366272,131.0,188.0,SF,1.0,1.0,0.0,ShAdDafrF,18.0,1075.0,17.0,1056.0,FTP
1720728167.115981,CfSAfy2fjRaHu7k1l5,192.168.1.6,46954.0,192.168.1.4,21.0,tcp,9.539867877960203,118.0,188.0,SF,1.0,1.0,0.0,ShAdDafFr,18.0,1062.0,17.0,1056.0,FTP
1720731444.149746,Ct7W2C3cYwBc4do2d7,192.168.1.6,58838.0,192.168.1.4,21.0,tcp,10.32243514060974,161.0,188.0,SF,1.0,1.0,0.0,ShAdDafrF,18.0,1105.0,17.0,1056.0,FTP
1720731859.029707,CeZKgw2sfbIzN81w48,192.168.1.6,40990.0,192.168.1.4,21.0,tcp,9.57731008529663,108.0,188.0,SF,1.0,1.0,0.0,ShAdDafFr,18.0,1052.0,17.0,1056.0,FTP
1720727915.229231,CaZ94d1RGjXNWA8OM8,192.168.1.4,56966.0,34.120.195.249,443.0,tcp,293.5223779678345,3571.0,4745.0,SF,1.0,0.0,0.0,ShADadFf,26.0,4931.0,27.0,6157.0,HTTPS
1720727764.02495,CmbsEp3mmOpylF9dNb,192.168.1.4,51722.0,104.26.2.70,443.0,tcp,293.5223779678345,3571.0,4745.0,SF,1.0,0.0,0.0,ShADadFf,26.0,4931.0,27.0,6157.0,HTTPS
1720728035.132541,CG0qjf3ySgnWwWf23j,192.168.1.4,37139.0,192.168.1.1,53.0,udp,293.5223779678345,3571.0,4745.0,SF,1.0,0.0,0.0,ShADadFf,26.0,4931.0,27.0,6157.0,DNS
1720730226.00849,CxNOrB2AYV4ROBFk22,192.168.1.6,47104.0,192.168.1.4,21.0,tcp,10.666018009185793,124.0,188.0,SF,1.0,1.0,0.0,ShAdDafrF,18.0,1068.0,17.0,1056.0,FTP
1720728094.339222,CTO22t4EvziIkm70we,192.168.1.4,57227.0,192.168.1.1,53.0,udp,10.666018009185793,124.0,188.0,SF,1.0,1.0,0.0,ShAdDafrF,18.0,1068.0,17.0,1056.0,DNS
1720728246.429683,Cstv7n31XrrrlVqlBa,192.168.1.4,50606.0,20.50.80.210,443.0,udp,10.666018009185793,124.0,188.0,SF,1.0,1.0,0.0,ShAdDafrF,18.0,1068.0,17.0,1056.0,HTTPS
1720731920.557353,CPTaiX2wN7lDS6wUd7,192.168.1.6,38604.0,192.168.1.4,21.0,tcp,9.968724966049194,165.0,188.0,SF,1.0,1.0,0.0,ShAdDafrF,18.0,1109.0,17.0,1056.0,FTP
1720727764.002993,CAW0bC25kPZnGgvC4h,192.168.1.4,54565.0,192.168.1.1,53.0,udp,0.001644849777221,58.0,124.0,SF,1.0,1.0,0.0,Dd,1.0,86.0,1.0,152.0,DNS
1720728485.51585,Crsxtb1hEzK9kfVnbg,192.168.1.6,36344.0,192.168.1.4,21.0,tcp,10.135792016983032,117.0,188.0,SF,1.0,1.0,0.0,ShAdDafrF,18.0,1061.0,17.0,1056.0,FTP
1720729439.420789,CPKSWt4NENYknlWlj1,192.168.1.6,51858.0,192.168.1.4,21.0,tcp,11.050759077072144,122.0,188.0,SF,1.0,1.0,0.0,ShAdDafrF,18.0,1066.0,17.0,1056.0,FTP
1720728275.025808,CVobva1y1HK5QZwJp1,192.168.1.4,51478.0,192.168.1.1,53.0,udp,0.001144886016845,39.0,97.0,SF,1.0,1.0,0.0,Dd,1.0,67.0,1.0,125.0,DNS
1720728154.533404,C3CVJR3oD1VXed65o,192.168.1.4,37203.0,192.168.1.1,53.0,udp,0.001144886016845,39.0,97.0,SF,1.0,1.0,0.0,Dd,1.0,67.0,1.0,125.0,DNS
1720728245.206807,Cks3gi1DsQpAIuPgxc,192.168.1.4,34657.0,192.168.1.1,53.0,udp,0.005458116531372,62.0,62.0,SF,1.0,1.0,0.0,Dd,1.0,90.0,1.0,90.0,DNS
1720728065.051001,CP4mrU2vhNcMN4gKZ6,192.168.1.4,45546.0,142.250.65.163,443.0,udp,0.070369005203247,3985.0,8568.0,SF,1.0,0.0,0.0,Dd,6.0,4153.0,9.0,8820.0,HTTPS
1720727825.272168,CPms7u31vh6dEj1jng,192.168.1.4,46610.0,192.168.1.1,53.0,udp,0.070369005203247,3985.0,8568.0,SF,1.0,0.0,0.0,Dd,6.0,4153.0,9.0,8820.0,DNS
1720729068.113584,CZVhyL5vcqKQjvpxj,192.168.1.6,37006.0,192.168.1.4,21.0,tcp,10.103946924209597,127.0,188.0,SF,1.0,1.0,0.0,ShAdDafFr,18.0,1071.0,17.0,1056.0,FTP
1720727916.028998,CDFniC38b5leUYKVP,192.168.1.6,39928.0,192.168.1.4,21.0,tcp,11.112548112869264,118.0,188.0,SF,1.0,1.0,0.0,ShAdDafrF,18.0,1062.0,17.0,1056.0,FTP
1720728155.263916,CFiT1S3yFy0yXvR3Me,192.168.1.4,50075.0,192.168.1.1,53.0,udp,11.112548112869264,118.0,188.0,SF,1.0,1.0,0.0,ShAdDafrF,18.0,1062.0,17.0,1056.0,DNS
1720728096.556937,C6Zbuf4KVl0GI6Lhwb,192.168.1.4,47390.0,192.168.1.1,53.0,udp,11.112548112869264,118.0,188.0,SF,1.0,1.0,0.0,ShAdDafrF,18.0,1062.0,17.0,1056.0,DNS
1720731197.889394,C2lGbJ2SPwk31WtQYk,192.168.1.6,35238.0,192.168.1.4,21.0,tcp,9.530772924423218,113.0,188.0,SF,1.0,1.0,0.0,ShAdDafFr,18.0,1057.0,17.0,1056.0,FTP
1720728185.126792,CV1yNIfzfNShbYxm6,192.168.1.4,59110.0,23.205.106.81,443.0,tcp,9.530772924423218,113.0,188.0,SF,1.0,1.0,0.0,ShAdDafFr,18.0,1057.0,17.0,1056.0,HTTPS
1720729064.651943,Cn7l4K3N1wj7zW7Rpg,192.168.1.6,36940.0,192.168.1.4,21.0,tcp,9.72514510154724,123.0,188.0,SF,1.0,1.0,0.0,ShAdDafrF,18.0,1067.0,17.0,1056.0,FTP
1720731938.121709,CQ34YX2iCpV1utQ7z8,192.168.1.6,33114.0,192.168.1.4,21.0,tcp,9.774749994277954,167.0,188.0,SF,1.0,1.0,0.0,ShAdDafFr,18.0,1111.0,17.0,1056.0,FTP
1720728125.155484,CllgsYPvLgDfLqE17,192.168.1.4,45542.0,23.212.249.68,443.0,tcp,9.774749994277954,167.0,188.0,SF,1.0,1.0,0.0,ShAdDafFr,18.0,1111.0,17.0,1056.0,HTTPS
1720729769.350975,CRQNCk4b3jJIko6G5h,192.168.1.6,59104.0,192.168.1.4,21.0,tcp,10.282149076461792,119.0,188.0,SF,1.0,1.0,0.0,ShAdDafFr,18.0,1063.0,17.0,1056.0,FTP
1720728245.137187,CMPARU2pxuFRMwV4db,192.168.1.4,57468.0,192.168.1.1,53.0,udp,0.019860029220581,43.0,251.0,SF,1.0,1.0,0.0,Dd,1.0,71.0,1.0,279.0,DNS
1720729501.88224,CdLKkq3pnWpMaYE0V,192.168.1.6,43292.0,192.168.1.4,21.0,tcp,10.054401874542236,115.0,188.0,SF,1.0,1.0,0.0,ShAdDafrF,18.0,1059.0,17.0,1056.0,FTP
1720731184.618506,CoOYdVMg4Uc2hyqXi,192.168.1.6,48912.0,192.168.1.4,21.0,tcp,9.70476508140564,130.0,188.0,SF,1.0,1.0,0.0,ShAdDafrF,18.0,1074.0,17.0,1056.0,FTP
1720730961.388423,CMJuu03QdzJrETKNDh,192.168.1.6,51550.0,192.168.1.4,21.0,tcp,10.06998610496521,125.0,188.0,SF,1.0,1.0,0.0,ShAdDafrF,18.0,1069.0,17.0,1056.0,FTP
1720731711.233677,CTstuL3oRIa4DA2xw4,192.168.1.6,52976.0,192.168.1.4,21.0,tcp,10.418806076049805,180.0,188.0,SF,1.0,1.0,0.0,ShAdDafrF,18.0,1124.0,17.0,1056.0,FTP
1720730257.45213,Csu6U24YYI1rwcNaE,192.168.1.6,40358.0,192.168.1.4,21.0,tcp,11.397292852401732,123.0,188.0,SF,1.0,1.0,0.0,ShAdDafrF,18.0,1067.0,17.0,1056.0,FTP
1720728155.195848,C7KkBD4xCDKaGy3MMb,192.168.1.4,45652.0,104.19.229.57,443.0,tcp,11.397292852401732,123.0,188.0,SF,1.0,1.0,0.0,ShAdDafrF,18.0,1067.0,17.0,1056.0,HTTPS
1720730426.941789,CmikDoXdxUiBJneL1,192.168.1.6,58862.0,192.168.1.4,21.0,tcp,9.34619116783142,136.0,188.0,SF,1.0,1.0,0.0,ShAdDafrF,18.0,1080.0,17.0,1056.0,FTP
1720731860.777638,CEh0Je38LQyty9FiP5,192.168.1.6,41038.0,192.168.1.4,21.0,tcp,10.2725830078125,112.0,188.0,SF,1.0,1.0,0.0,ShAdDafrF,18.0,1056.0,17.0,1056.0,FTP
1720727763.087038,Cf9IN12oRtSLJDuSwa,192.168.1.4,42822.0,192.168.1.1,53.0,udp,0.001523971557617,60.0,158.0,SF,1.0,1.0,0.0,Dd,1.0,88.0,1.0,186.0,DNS
1720728464.863358,CgjvE93t75uBN80tgg,192.168.1.6,40950.0,192.168.1.4,21.0,tcp,9.288951873779297,118.0,188.0,SF,1.0,1.0,0.0,ShAdDafrF,18.0,1062.0,17.0,1056.0,FTP
1720727923.23653,Cgb4L54Kn8dTZwkIs5,192.168.1.6,33972.0,192.168.1.4,21.0,tcp,10.331902980804443,118.0,188.0,SF,1.0,1.0,0.0,ShAdDafFr,18.0,1062.0,17.0,1056.0,FTP
1720728054.308356,CY855k1ofKG7G3Jhfj,192.168.1.4,60278.0,192.168.1.1,53.0,udp,0.019218921661376,46.0,111.0,SF,1.0,1.0,0.0,Dd,1.0,74.0,1.0,139.0,DNS
1720730112.236013,CziZQr4YRQZXxVWFs,192.168.1.6,50420.0,192.168.1.4,21.0,tcp,10.543565034866331,123.0,188.0,SF,1.0,1.0,0.0,ShAdDafrF,18.0,1067.0,17.0,1056.0,FTP
1720728871.967984,CEK7dTyxXSinHyjba,192.168.1.6,52448.0,192.168.1.4,21.0,tcp,9.583153009414673,151.0,188.0,SF,1.0,1.0,0.0,ShAdDafrF,18.0,1095.0,17.0,1056.0,FTP
1720729594.65738,CD53Gj2WbIKeIQuA52,192.168.1.6,51122.0,192.168.1.4,21.0,tcp,10.348948001861572,111.0,188.0,SF,1.0,1.0,0.0,ShAdDafrF,18.0,1055.0,17.0,1056.0,FTP
1720731287.180176,Cf63T8vCIbNLL9Iye,192.168.1.6,50146.0,192.168.1.4,21.0,tcp,10.97851586341858,180.0,188.0,SF,1.0,1.0,0.0,ShAdDafrF,18.0,1124.0,17.0,1056.0,FTP
1720727764.807707,CbqiHt45iv0H6yHyNf,192.168.1.4,37738.0,35.208.249.213,443.0,tcp,443.9678919315338,14935.0,5723.0,SF,1.0,0.0,0.0,ShADadFf,45.0,17283.0,48.0,8227.0,HTTPS
1720731157.737531,CVvrmm48JHVqQFqKhe,192.168.1.6,59914.0,192.168.1.4,21.0,tcp,9.72295594215393,113.0,188.0,SF,1.0,1.0,0.0,ShAdDafFr,18.0,1057.0,17.0,1056.0,FTP
1720730620.630288,C7B8Wu4MnGCkwByOo5,192.168.1.6,38964.0,192.168.1.4,21.0,tcp,10.231805086135864,131.0,188.0,SF,1.0,1.0,0.0,ShAdDafrF,18.0,1075.0,17.0,1056.0,FTP
1720731694.322352,C8dT3P3HbpnjnqeV7c,192.168.1.6,35538.0,192.168.1.4,21.0,tcp,10.281912088394163,182.0,188.0,SF,1.0,1.0,0.0,ShAdDafFr,18.0,1126.0,17.0,1056.0,FTP
1720728626.617672,CaaLT24o3j8xH7slU8,192.168.1.6,36742.0,192.168.1.4,21.0,tcp,9.67507004737854,121.0,188.0,SF,1.0,1.0,0.0,ShAdDafFr,18.0,1065.0,17.0,1056.0,FTP
1720728675.22482,Cmf7ul4fhXqNdEggK7,192.168.1.6,41454.0,192.168.1.4,21.0,tcp,9.444478034973145,137.0,188.0,SF,1.0,1.0,0.0,ShAdDafFr,18.0,1081.0,17.0,1056.0,FTP
1720731586.136582,CPeg2x1Q2qiGyWKthf,192.168.1.6,47676.0,192.168.1.4,21.0,tcp,9.007069110870361,184.0,188.0,SF,1.0,1.0,0.0,ShAdDafrF,18.0,1128.0,17.0,1056.0,FTP
1720730720.665462,C9rQcW1RI9mh4sAJti,192.168.1.6,44016.0,192.168.1.4,21.0,tcp,8.942513942718506,146.0,188.0,SF,1.0,1.0,0.0,ShAdDafrF,18.0,1090.0,17.0,1056.0,FTP
1720727855.607931,C4pBD42bbDmmkQJqKc,192.168.1.6,42236.0,192.168.1.4,21.0,tcp,10.151132106781006,118.0,188.0,SF,1.0,1.0,0.0,ShAdDafFr,18.0,1062.0,17.0,1056.0,FTP
1720730483.019099,CLI7uS1nqeCFFTstp6,192.168.1.6,48610.0,192.168.1.4,21.0,tcp,9.399051904678345,128.0,188.0,SF,1.0,1.0,0.0,ShAdDafFr,18.0,1072.0,17.0,1056.0,FTP
1720729246.487618,Cmrp1BKnvuWI0xIAg,192.168.1.6,43962.0,192.168.1.4,21.0,tcp,9.749928951263428,123.0,188.0,SF,1.0,1.0,0.0,ShAdDafFr,18.0,1067.0,17.0,1056.0,FTP
1720727927.169121,CwCWggcV3D6pbw92k,192.168.1.6,34098.0,192.168.1.4,21.0,tcp,10.04849886894226,118.0,188.0,SF,1.0,1.0,0.0,ShAdDafrF,18.0,1062.0,17.0,1056.0,FTP
1720728272.073748,C8mUpZ2oNN6Npod1C1,192.168.1.4,42400.0,104.96.220.105,80.0,tcp,10.04849886894226,118.0,188.0,SF,1.0,1.0,0.0,ShAdDafrF,18.0,1062.0,17.0,1056.0,HTTP
1720731308.152369,CrYk7Y3MpSGHjv4cXh,192.168.1.6,55906.0,192.168.1.4,21.0,tcp,10.126900911331177,168.0,188.0,SF,1.0,1.0,0.0,ShAdDafrF,18.0,1112.0,17.0,1056.0,FTP
1720727884.444869,ClgzTK27fFgWlPyy15,192.168.1.4,50440.0,104.18.32.90,443.0,tcp,10.126900911331177,168.0,188.0,SF,1.0,1.0,0.0,ShAdDafrF,18.0,1112.0,17.0,1056.0,HTTPS
1720728216.274737,CzLF1L1anOGzZ9ch7c,192.168.1.4,55224.0,162.159.133.233,443.0,tcp,10.126900911331177,168.0,188.0,SF,1.0,1.0,0.0,ShAdDafrF,18.0,1112.0,17.0,1056.0,HTTPS
1720728096.66928,C12uSN2DNNTygQNAtk,192.168.1.4,58082.0,192.168.1.1,53.0,udp,0.018067836761474,49.0,160.0,SF,1.0,1.0,0.0,Dd,1.0,77.0,1.0,188.0,DNS
1720729787.509088,C9gSu01mkcCmtEH6D,192.168.1.6,60766.0,192.168.1.4,21.0,tcp,10.166693925857544,116.0,188.0,SF,1.0,1.0,0.0,ShAdDafrF,18.0,1060.0,17.0,1056.0,FTP
1720728276.1421,Co0hrC1LOeM3noiKR1,192.168.1.4,53149.0,192.168.1.1,53.0,udp,10.166693925857544,116.0,188.0,SF,1.0,1.0,0.0,ShAdDafrF,18.0,1060.0,17.0,1056.0,DNS
1720727765.520201,Cn3Q1r42KEnvOQ2o54,192.168.1.4,33826.0,192.168.1.1,53.0,udp,0.001147031784057,39.0,120.0,SF,1.0,1.0,0.0,Dd,1.0,67.0,1.0,148.0,DNS
1720727815.774942,CzlACP2xK64BJsZD,192.168.1.6,44912.0,192.168.1.4,21.0,tcp,9.66243314743042,118.0,188.0,SF,1.0,1.0,0.0,ShAdDafFr,18.0,1062.0,17.0,1056.0,FTP
1720731652.686022,CduJMk2NhKoqyTW908,192.168.1.6,40764.0,192.168.1.4,21.0,tcp,10.274231910705566,153.0,188.0,SF,1.0,1.0,0.0,ShAdDafrF,18.0,1097.0,17.0,1056.0,FTP
1720731024.967882,CioP7Z2TOz3MsyxqG9,192.168.1.6,43452.0,192.168.1.4,21.0,tcp,10.758486032485962,128.0,188.0,SF,1.0,1.0,0.0,ShAdDafrF,18.0,1072.0,17.0,1056.0,FTP
1720727764.192494,COZOXv3Jp278BJeTN5,192.168.1.4,52706.0,192.168.1.1,53.0,udp,0.004171133041381,43.0,415.0,SF,1.0,1.0,0.0,Dd,1.0,71.0,1.0,443.0,DNS
1720728491.083743,CCaLylN6X8b8675U2,192.168.1.6,36414.0,192.168.1.4,21.0,tcp,9.658832788467407,118.0,188.0,SF,1.0,1.0,0.0,ShAdDafFr,18.0,1062.0,17.0,1056.0,FTP
1720729007.283793,Cu0mR73iYB4p78rXHa,192.168.1.6,33890.0,192.168.1.4,21.0,tcp,10.432955026626589,113.0,188.0,SF,1.0,1.0,0.0,ShAdDafFr,18.0,1057.0,17.0,1056.0,FTP
1720730202.599258,C6G5X9Z0K9EoM2aGl,192.168.1.6,45172.0,192.168.1.4,21.0,tcp,10.86926794052124,125.0,188.0,SF,1.0,1.0,0.0,ShAdDafrF,18.0,1069.0,17.0,1056.0,FTP
1720727853.861059,CaACdbr73l4lTtLMb,192.168.1.4,55236.0,142.251.32.104,443.0,tcp,10.86926794052124,125.0,188.0,SF,1.0,1.0,0.0,ShAdDafrF,18.0,1069.0,17.0,1056.0,HTTPS
1720730982.047452,CaJ7SW1JpDRJhyj2pj,192.168.1.6,36246.0,192.168.1.4,21.0,tcp,10.231256008148192,118.0,188.0,SF,1.0,1.0,0.0,ShAdDafrF,18.0,1062.0,17.0,1056.0,FTP
1720728158.41313,CRD5SB3s9Z0joJGY82,192.168.1.6,47790.0,192.168.1.4,21.0,tcp,9.33056092262268,118.0,188.0,SF,1.0,1.0,0.0,ShAdDafFr,18.0,1062.0,17.0,1056.0,FTP
1720727915.020592,C8n0Gu4as9YYXTXdi1,192.168.1.4,47300.0,13.224.214.12,443.0,tcp,240.1600499153137,2632.0,6435.0,RSTO,1.0,0.0,0.0,ShADadfR,17.0,3524.0,16.0,7275.0,HTTPS
1720728096.972336,CvR87024aJ4ZZcY5nc,192.168.1.4,59570.0,192.168.1.1,53.0,udp,240.1600499153137,2632.0,6435.0,RSTO,1.0,0.0,0.0,ShADadfR,17.0,3524.0,16.0,7275.0,DNS
1720727824.609973,C26k1q4Dll76YUVn1f,192.168.1.4,47463.0,192.168.1.1,53.0,udp,240.1600499153137,2632.0,6435.0,RSTO,1.0,0.0,0.0,ShADadfR,17.0,3524.0,16.0,7275.0,DNS
1720727676.401848,CE8C7e2e7cnYzCeNUj,192.168.1.4,48048.0,185.167.164.52,443.0,tcp,120.09302282333374,2642.0,6422.0,SF,1.0,0.0,0.0,ShADadFfRR,20.0,3666.0,21.0,7522.0,HTTPS
1720728155.15287,CO0kay3eIh7epQQ6rd,192.168.1.4,33077.0,192.168.1.1,53.0,udp,120.09302282333374,2642.0,6422.0,SF,1.0,0.0,0.0,ShADadFfRR,20.0,3666.0,21.0,7522.0,DNS
1720728095.55927,Clfstg4LqSeYFWgVu2,192.168.1.4,33774.0,192.168.1.1,53.0,udp,0.000558137893676,49.0,151.0,SF,1.0,1.0,0.0,Dd,1.0,77.0,1.0,179.0,DNS
1720727915.60874,CE1QpI3rXhkJswJEU6,192.168.1.4,33510.0,142.251.40.226,443.0,udp,0.000558137893676,49.0,151.0,SF,1.0,1.0,0.0,Dd,1.0,77.0,1.0,179.0,HTTPS
1720727885.422171,CqojXi3VB8yWX9RsDc,192.168.1.4,48502.0,45.60.109.20,443.0,tcp,70.90527892112732,1878.0,5697.0,RSTO,1.0,0.0,0.0,ShADadfR,13.0,2574.0,15.0,6485.0,HTTPS
1720728100.839338,CukcD41nviOzhkOjK9,192.168.1.6,39960.0,192.168.1.4,21.0,tcp,10.048357009887695,118.0,188.0,SF,1.0,1.0,0.0,ShAdDafrF,18.0,1062.0,17.0,1056.0,FTP
1720730498.715224,C6UxHyYUl0C7FRMgg,192.168.1.6,58752.0,192.168.1.4,21.0,tcp,10.319634914398192,126.0,188.0,SF,1.0,1.0,0.0,ShAdDafrF,18.0,1070.0,17.0,1056.0,FTP
1720730898.321695,Ce9m3azVQbov80s8e,192.168.1.6,46446.0,192.168.1.4,21.0,tcp,9.783509016036987,129.0,188.0,SF,1.0,1.0,0.0,ShAdDafFr,18.0,1073.0,17.0,1056.0,FTP
1720728215.669404,CiSotQ2FKTd6XFjzY2,192.168.1.4,34831.0,192.168.1.1,53.0,udp,9.783509016036987,129.0,188.0,SF,1.0,1.0,0.0,ShAdDafFr,18.0,1073.0,17.0,1056.0,DNS
1720728125.229733,C57qyg4aZY8OCZief8,192.168.1.4,52241.0,192.168.1.1,53.0,udp,0.002897024154663,56.0,315.0,SF,1.0,1.0,0.0,Dd,1.0,84.0,1.0,343.0,DNS
1720728096.394153,CzcYRc3XaxMamGPD0b,192.168.1.4,37371.0,192.168.1.1,53.0,udp,0.002897024154663,56.0,315.0,SF,1.0,1.0,0.0,Dd,1.0,84.0,1.0,343.0,DNS
1720728514.390002,CBBgLF4AK3WrVU1wBl,192.168.1.6,48276.0,192.168.1.4,21.0,tcp,9.465488910675049,117.0,188.0,SF,1.0,1.0,0.0,ShAdDafrF,18.0,1061.0,17.0,1056.0,FTP
1720729687.444209,CRXe5B1yWksL0KDZ27,192.168.1.6,55996.0,192.168.1.4,21.0,tcp,8.900820970535278,144.0,188.0,SF,1.0,1.0,0.0,ShAdDafFr,18.0,1088.0,17.0,1056.0,FTP
1720730811.529812,CbKyVj4ZOqhPpOkGwh,192.168.1.6,53422.0,192.168.1.4,21.0,tcp,9.611732959747314,125.0,188.0,SF,1.0,1.0,0.0,ShAdDafrF,18.0,1069.0,17.0,1056.0,FTP
1720728031.067203,CrFaNA4KNpqyuVf6ib,192.168.1.4,37796.0,192.168.1.1,53.0,udp,9.611732959747314,125.0,188.0,SF,1.0,1.0,0.0,ShAdDafrF,18.0,1069.0,17.0,1056.0,DNS
1720729152.944167,CWi0HN1NXEFm140Hwh,192.168.1.6,39014.0,192.168.1.4,21.0,tcp,9.974079132080078,118.0,188.0,SF,1.0,1.0,0.0,ShAdDafrF,18.0,1062.0,17.0,1056.0,FTP
1720727642.625558,CnAqG22qHtn2jLOpFg,192.168.1.4,48530.0,104.108.99.20,443.0,tcp,301.1280801296234,3495.0,26374.0,SF,1.0,0.0,0.0,ShADadFfR,26.0,4831.0,31.0,27994.0,HTTPS
1720728056.889061,CtqMHs3L5gihoS3sGi,192.168.1.6,46050.0,192.168.1.4,21.0,tcp,9.256859064102173,118.0,188.0,SF,1.0,1.0,0.0,ShAdDafrF,18.0,1062.0,17.0,1056.0,FTP
1720729010.502265,CWi09c1VxlPxygfGs5,192.168.1.6,33934.0,192.168.1.4,21.0,tcp,9.707140922546388,116.0,188.0,SF,1.0,1.0,0.0,ShAdDafFr,18.0,1060.0,17.0,1056.0,FTP
1720728472.118331,CrKGQJ2b4X409WAGCl,192.168.1.6,41064.0,192.168.1.4,21.0,tcp,9.956095933914185,118.0,188.0,SF,1.0,1.0,0.0,ShAdDafrF,18.0,1062.0,17.0,1056.0,FTP
1720728924.485567,CGwH6o1vxF9gVdnwaa,192.168.1.6,56342.0,192.168.1.4,21.0,tcp,9.794806957244871,167.0,188.0,SF,1.0,1.0,0.0,ShAdDafrF,18.0,1111.0,17.0,1056.0,FTP
1720727786.626087,C0bMaf2fFsHMaoLtUb,192.168.1.4,37261.0,35.190.80.1,443.0,tcp,9.794806957244871,167.0,188.0,SF,1.0,1.0,0.0,ShAdDafrF,18.0,1111.0,17.0,1056.0,HTTPS
1720728128.310661,Cewi3TOxpV2Tw6pX3,192.168.1.4,46692.0,20.114.189.135,443.0,tcp,7.996981859207153,2891.0,5889.0,RSTO,1.0,0.0,0.0,ShADadfR,12.0,3535.0,12.0,6521.0,HTTPS
1720728543.644012,CUXeG34fjzPfdvkEl3,192.168.1.6,32994.0,192.168.1.4,21.0,tcp,9.834584951400757,117.0,188.0,SF,1.0,1.0,0.0,ShAdDafFr,18.0,1061.0,17.0,1056.0,FTP
1720728275.053598,CLNxy23dfBWF92JVSc,192.168.1.4,37176.0,144.80.128.33,443.0,tcp,30.07138609886169,2312.0,6781.0,SF,1.0,0.0,0.0,ShADadfF,11.0,2892.0,15.0,7569.0,HTTPS
1720727944.119801,CbNmWf2BqycXx32W4k,192.168.1.4,39126.0,192.168.1.1,53.0,udp,0.001471042633056,53.0,103.0,SF,1.0,1.0,0.0,Dd,1.0,81.0,1.0,131.0,DNS
1720728035.024774,CyJb6WilrBnDpRTe8,192.168.1.4,50312.0,31.13.71.7,443.0,udp,0.197523832321167,3990.0,10219.0,SF,1.0,0.0,0.0,Dd,11.0,4298.0,15.0,10639.0,HTTPS
1720729871.385483,CXfF4UVf7pSNLUB97,192.168.1.6,51974.0,192.168.1.4,21.0,tcp,9.954030990600586,129.0,188.0,SF,1.0,1.0,0.0,ShAdDafrF,18.0,1073.0,17.0,1056.0,FTP
1720730617.404797,C9P5we3nGKxcSPx10i,192.168.1.6,38940.0,192.168.1.4,21.0,tcp,11.006215810775757,131.0,188.0,SF,1.0,1.0,0.0,ShAdDafrF,18.0,1075.0,17.0,1056.0,FTP
1720727915.861896,CzE5mJ1YzJ7GwoyIW5,192.168.1.4,35632.0,216.34.207.169,443.0,tcp,75.1232738494873,2636.0,4137.0,SF,1.0,0.0,0.0,ShADadfF,15.0,3424.0,15.0,4925.0,HTTPS
1720729485.766854,CP3IUp3odEyhKsvMJ2,192.168.1.6,55882.0,192.168.1.4,21.0,tcp,9.79148292541504,126.0,188.0,SF,1.0,1.0,0.0,ShAdDafrF,18.0,1070.0,17.0,1056.0,FTP
1720728154.578867,CJmgs442jSplM9f2j4,192.168.1.4,57483.0,192.168.1.1,53.0,udp,9.79148292541504,126.0,188.0,SF,1.0,1.0,0.0,ShAdDafrF,18.0,1070.0,17.0,1056.0,DNS
1720728697.768704,CTpcxVvnZJpwG5g03,192.168.1.6,40168.0,192.168.1.4,21.0,tcp,10.723397016525269,138.0,188.0,SF,1.0,1.0,0.0,ShAdDafFr,18.0,1082.0,17.0,1056.0,FTP
1720727885.268844,CAZ1Os3ptoE9NJsUG8,192.168.1.6,53518.0,192.168.1.4,21.0,tcp,10.333975076675417,118.0,188.0,SF,1.0,1.0,0.0,ShAdDafrF,18.0,1062.0,17.0,1056.0,FTP
1720730982.104893,CeSJCf15n054z2YfJa,192.168.1.6,36332.0,192.168.1.4,21.0,tcp,10.249755144119264,140.0,188.0,SF,1.0,1.0,0.0,ShAdDafrF,18.0,1084.0,17.0,1056.0,FTP
1720729890.853753,CMhebw2Nw1bqc9rc,192.168.1.6,52168.0,192.168.1.4,21.0,tcp,10.034061908721924,134.0,188.0,SF,1.0,1.0,0.0,ShAdDafFr,18.0,1078.0,17.0,1056.0,FTP
1720728154.589461,C6e8oZ390No7R9tDa4,192.168.1.4,33594.0,104.16.40.28,443.0,tcp,10.034061908721924,134.0,188.0,SF,1.0,1.0,0.0,ShAdDafFr,18.0,1078.0,17.0,1056.0,HTTPS
1720730179.98941,C1yMyP3GVU4EJga3Vd,192.168.1.6,44996.0,192.168.1.4,21.0,tcp,10.750355005264282,128.0,188.0,SF,1.0,1.0,0.0,ShAdDafrF,18.0,1072.0,17.0,1056.0,FTP
1720729037.816495,C9nBfD1JwQr3gnlKIb,192.168.1.6,57800.0,192.168.1.4,21.0,tcp,9.934985160827637,127.0,188.0,SF,1.0,1.0,0.0,ShAdDafrF,18.0,1071.0,17.0,1056.0,FTP
1720729113.375908,C0Aewx4u2cgPmcLOz7,192.168.1.6,41692.0,192.168.1.4,21.0,tcp,9.96430802345276,116.0,188.0,SF,1.0,1.0,0.0,ShAdDafFr,18.0,1060.0,17.0,1056.0,FTP
1720728306.007208,CJZqiX1ETcFC8Z54m7,192.168.1.4,56392.0,192.168.1.1,53.0,udp,9.96430802345276,116.0,188.0,SF,1.0,1.0,0.0,ShAdDafFr,18.0,1060.0,17.0,1056.0,DNS
1720731679.955221,CubJj336HUu8dVTLdb,192.168.1.6,44884.0,192.168.1.4,21.0,tcp,10.835339069366457,169.0,188.0,SF,1.0,1.0,0.0,ShAdDafrF,18.0,1113.0,17.0,1056.0,FTP
1720729935.162306,Cr1FhJz1DKMdmnjI6,192.168.1.6,47708.0,192.168.1.4,21.0,tcp,10.853726863861084,141.0,188.0,SF,1.0,1.0,0.0,ShAdDafrF,18.0,1085.0,17.0,1056.0,FTP
1720728953.528738,CDBfvB1bLQGJ70MJT1,192.168.1.6,60878.0,192.168.1.4,21.0,tcp,10.220907926559448,124.0,188.0,SF,1.0,1.0,0.0,ShAdDafrF,18.0,1068.0,17.0,1056.0,FTP
1720731640.455088,CLuUkg1CSWGgl5k5M1,192.168.1.6,42262.0,192.168.1.4,21.0,tcp,9.234632015228271,165.0,188.0,SF,1.0,1.0,0.0,ShAdDafFr,18.0,1109.0,17.0,1056.0,FTP
1720730792.471698,CWb6Cj11Be4mfsuU43,192.168.1.6,45526.0,192.168.1.4,21.0,tcp,10.26811695098877,127.0,188.0,SF,1.0,1.0,0.0,ShAdDafrF,18.0,1071.0,17.0,1056.0,FTP
1720729504.305643,Cum20K3zv7ToaFRlVf,192.168.1.6,39520.0,192.168.1.4,21.0,tcp,10.673823833465576,119.0,188.0,SF,1.0,1.0,0.0,ShAdDafrF,18.0,1063.0,17.0,1056.0,FTP
1720727884.433659,C9uWPq3UbrvTsMKbOa,192.168.1.4,50424.0,104.18.32.90,443.0,tcp,324.31353092193604,6187.0,212094.0,SF,1.0,0.0,0.0,ShADadtFf,108.0,11847.0,132.0,221862.0,HTTPS
1720730641.016036,CF7UHg4OfL31n0ac2,192.168.1.6,48684.0,192.168.1.4,21.0,tcp,11.221426010131836,127.0,188.0,SF,1.0,1.0,0.0,ShAdDafFr,18.0,1071.0,17.0,1056.0,FTP
1720729727.584167,CUazuU1PS5NfT9B0gg,192.168.1.6,37946.0,192.168.1.4,21.0,tcp,9.7898530960083,112.0,188.0,SF,1.0,1.0,0.0,ShAdDafrF,18.0,1056.0,17.0,1056.0,FTP
1720727914.20563,CKVHAT3xGYqRXjSyW4,192.168.1.4,50431.0,192.168.1.1,53.0,udp,0.05039095878601,42.0,299.0,SF,1.0,1.0,0.0,Dd,1.0,70.0,1.0,327.0,DNS
1720727914.804259,ClPx8S3BJoi1ql8F8b,192.168.1.4,38894.0,192.168.1.1,53.0,udp,0.05039095878601,42.0,299.0,SF,1.0,1.0,0.0,Dd,1.0,70.0,1.0,327.0,DNS
1720730495.608357,CteTZz2tIHKvoNfFB6,192.168.1.6,58724.0,192.168.1.4,21.0,tcp,10.900964975357056,129.0,188.0,SF,1.0,1.0,0.0,ShAdDafrF,18.0,1073.0,17.0,1056.0,FTP
1720727764.854178,CnQr141QuIsI2G7aZb,192.168.1.4,46587.0,192.168.1.1,53.0,udp,0.002614974975585,45.0,213.0,SF,1.0,1.0,0.0,Dd,1.0,73.0,1.0,241.0,DNS
1720729419.27148,CJJDgJqbBeFsQ3x21,192.168.1.6,36240.0,192.168.1.4,21.0,tcp,10.46900200843811,122.0,188.0,SF,1.0,1.0,0.0,ShAdDafrF,18.0,1066.0,17.0,1056.0,FTP
1720731191.892094,CdujUf3zyy4OtCKzUg,192.168.1.6,49056.0,192.168.1.4,21.0,tcp,9.728199005126951,113.0,188.0,SF,1.0,1.0,0.0,ShAdDafrF,18.0,1057.0,17.0,1056.0,FTP
1720728034.832249,Cmg0ox3hNwwHAI2Ce,192.168.1.4,53502.0,192.168.1.1,53.0,udp,0.049267053604125,42.0,186.0,SF,1.0,1.0,0.0,Dd,1.0,70.0,1.0,214.0,DNS
1720730288.550863,CNBslmODu3JC4MoY3,192.168.1.6,51052.0,192.168.1.4,21.0,tcp,10.506175994873049,138.0,188.0,SF,1.0,1.0,0.0,ShAdDafFr,18.0,1082.0,17.0,1056.0,FTP
1720728582.964968,C1siQn4H0b5blTAPwa,192.168.1.6,45206.0,192.168.1.4,21.0,tcp,10.336904048919678,113.0,188.0,SF,1.0,1.0,0.0,ShAdDafrF,18.0,1057.0,17.0,1056.0,FTP
1720731939.798154,CegSLS18dE5Yh4wuj7,192.168.1.6,33118.0,192.168.1.4,21.0,tcp,9.463899850845335,157.0,188.0,SF,1.0,1.0,0.0,ShAdDafrF,18.0,1101.0,17.0,1056.0,FTP
1720731623.998762,C0jEWn3MJevkAPAQV2,192.168.1.6,35046.0,192.168.1.4,21.0,tcp,10.105427026748655,152.0,188.0,SF,1.0,1.0,0.0,ShAdDafrF,18.0,1096.0,17.0,1056.0,FTP
1720730683.274527,CwI6fBsC5DQECjdI4,192.168.1.6,33086.0,192.168.1.4,21.0,tcp,9.42524790763855,130.0,188.0,SF,1.0,1.0,0.0,ShAdDafrF,18.0,1074.0,17.0,1056.0,FTP
1720727969.310324,CNy6hjuneLTipju5,192.168.1.6,41762.0,192.168.1.4,21.0,tcp,11.418581008911133,118.0,188.0,SF,1.0,1.0,0.0,ShAdDafrF,18.0,1062.0,17.0,1056.0,FTP
1720731752.136195,CcnL7o4acLr1jTwBI5,192.168.1.6,40490.0,192.168.1.4,21.0,tcp,11.453933954238892,163.0,188.0,SF,1.0,1.0,0.0,ShAdDafrF,18.0,1107.0,17.0,1056.0,FTP
1720727794.099444,CApYDz3OgCMxNWnlia,192.168.1.4,48020.0,142.251.179.84,443.0,tcp,11.453933954238892,163.0,188.0,SF,1.0,1.0,0.0,ShAdDafrF,18.0,1107.0,17.0,1056.0,HTTPS
1720729979.258413,CO88TMCAQ0aVQ36Al,192.168.1.6,38316.0,192.168.1.4,21.0,tcp,9.494411945343018,121.0,188.0,SF,1.0,1.0,0.0,ShAdDafFr,18.0,1065.0,17.0,1056.0,FTP
1720730173.123937,CkFjq84nIA8KCumAQ7,192.168.1.6,44924.0,192.168.1.4,21.0,tcp,10.670453071594238,120.0,188.0,SF,1.0,1.0,0.0,ShAdDafrF,18.0,1064.0,17.0,1056.0,FTP
1720730630.862258,CREbO3116FftdaARNl,192.168.1.6,45138.0,192.168.1.4,21.0,tcp,10.15362310409546,122.0,188.0,SF,1.0,1.0,0.0,ShAdDafrF,18.0,1066.0,17.0,1056.0,FTP
1720727915.188288,CUCl3g3A2L49zYNsO3,192.168.1.4,45643.0,192.168.1.1,53.0,udp,0.004046916961669,58.0,139.0,SF,1.0,1.0,0.0,Dd,1.0,86.0,1.0,167.0,DNS
1720727765.408086,CPI5T12IvvPRDZiqob,192.168.1.6,53332.0,192.168.1.4,21.0,tcp,9.330134868621826,118.0,188.0,SF,1.0,1.0,0.0,ShAdDafFr,18.0,1062.0,17.0,1056.0,FTP
1720727944.1224,C72nBZ2Pwbriuvi8nl,192.168.1.4,35879.0,216.239.36.181,443.0,tcp,9.330134868621826,118.0,188.0,SF,1.0,1.0,0.0,ShAdDafFr,18.0,1062.0,17.0,1056.0,HTTPS
1720731408.362223,CW2Exf3Oscov7tcS3i,192.168.1.6,47702.0,192.168.1.4,21.0,tcp,9.700116157531738,158.0,188.0,SF,1.0,1.0,0.0,ShAdDafrF,18.0,1102.0,17.0,1056.0,FTP
1720728219.965037,CjU5eRDfN36niW7dl,192.168.1.4,34254.0,204.79.197.203,443.0,tcp,85.1731948852539,2362.0,6602.0,RSTR,1.0,0.0,0.0,ShADadFr,10.0,2782.0,14.0,7174.0,HTTPS
1720728989.756942,CW6OxKRLmHTWDsth2,192.168.1.6,34084.0,192.168.1.4,21.0,tcp,10.163671016693115,123.0,188.0,SF,1.0,1.0,0.0,ShAdDafrF,18.0,1067.0,17.0,1056.0,FTP
1720728246.199087,CUEwXD2YLBNdOilw31,192.168.1.6,50840.0,192.168.1.4,21.0,tcp,11.03842806816101,117.0,188.0,SF,1.0,1.0,0.0,ShAdDafrF,18.0,1061.0,17.0,1056.0,FTP
1720730128.900716,CiqKOF3YijclKjZnMa,192.168.1.6,52744.0,192.168.1.4,21.0,tcp,9.614707946777344,119.0,188.0,SF,1.0,1.0,0.0,ShAdDafrF,18.0,1063.0,17.0,1056.0,FTP
1720729423.204837,CdaWpJ2DWg8LxCVKd2,192.168.1.6,47204.0,192.168.1.4,21.0,tcp,9.956044912338257,134.0,188.0,SF,1.0,1.0,0.0,ShAdDafrF,18.0,1078.0,17.0,1056.0,FTP
1720727915.693939,CXjGSZ1bNUwpQLZt6f,192.168.1.4,40678.0,18.238.4.5,443.0,tcp,240.41309309005737,3181.0,191469.0,SF,1.0,0.0,0.0,ShADadfF,77.0,7193.0,106.0,196989.0,HTTPS
1720728275.03799,CrdlFD3ZXneXH0iHA3,192.168.1.4,32872.0,192.168.1.1,53.0,udp,240.41309309005737,3181.0,191469.0,SF,1.0,0.0,0.0,ShADadfF,77.0,7193.0,106.0,196989.0,DNS
1720729895.338652,CrLMo61Q7IShTRDHa,192.168.1.6,59654.0,192.168.1.4,21.0,tcp,10.816140174865724,127.0,188.0,SF,1.0,1.0,0.0,ShAdDafrF,18.0,1071.0,17.0,1056.0,FTP
1720727786.819519,CwKhVz19RTT5epyyrb,192.168.1.6,45772.0,192.168.1.4,21.0,tcp,9.253296852111816,118.0,188.0,SF,1.0,1.0,0.0,ShAdDafFr,18.0,1062.0,17.0,1056.0,FTP
1720731442.293827,CXJdbN33LAyRq31lu5,192.168.1.6,53030.0,192.168.1.4,21.0,tcp,10.159381866455078,151.0,188.0,SF,1.0,1.0,0.0,ShAdDafFr,18.0,1095.0,17.0,1056.0,FTP
1720729054.252175,ChgjWb1emOIp9gJue,192.168.1.6,59878.0,192.168.1.4,21.0,tcp,10.480126857757568,118.0,188.0,SF,1.0,1.0,0.0,ShAdDafFr,18.0,1062.0,17.0,1056.0,FTP
1720728148.545699,CwpwkY2Mml8cJWnKLk,192.168.1.6,42142.0,192.168.1.4,21.0,tcp,9.867358207702637,116.0,188.0,SF,1.0,1.0,0.0,ShAdDafFr,18.0,1060.0,17.0,1056.0,FTP
1720730169.022309,CmynB04nLhxCSp990e,192.168.1.6,34512.0,192.168.1.4,21.0,tcp,10.888211965560911,137.0,188.0,SF,1.0,1.0,0.0,ShAdDafrF,18.0,1081.0,17.0,1056.0,FTP
1720728366.666491,CIL6fg10SfBDm5tNl8,192.168.1.6,46732.0,192.168.1.4,21.0,tcp,10.91719102859497,118.0,188.0,SF,1.0,1.0,0.0,ShAdDafFr,18.0,1062.0,17.0,1056.0,FTP
1720728924.356841,CtGYvZ2zFbXiUxIKqf,192.168.1.6,56326.0,192.168.1.4,21.0,tcp,9.986960887908936,150.0,188.0,SF,1.0,1.0,0.0,ShAdDafrF,18.0,1094.0,17.0,1056.0,FTP
1720728186.512452,CWvC5j3WZ8OBeCVyf9,192.168.1.4,44196.0,192.168.1.1,53.0,udp,0.001145124435424,51.0,111.0,SF,1.0,1.0,0.0,Dd,1.0,79.0,1.0,139.0,DNS
1720728757.251577,Cu55ot1rqI6Ledq9pc,192.168.1.6,43604.0,192.168.1.4,21.0,tcp,10.819109201431274,129.0,188.0,SF,1.0,1.0,0.0,ShAdDafFr,18.0,1073.0,17.0,1056.0,FTP
1720729807.886916,C40Pmb2gl2qgCVAH0k,192.168.1.6,40444.0,192.168.1.4,21.0,tcp,10.538608074188232,120.0,188.0,SF,1.0,1.0,0.0,ShAdDafrF,18.0,1064.0,17.0,1056.0,FTP
1720728999.726743,Ct5SAzzUobp6hst19,192.168.1.6,51456.0,192.168.1.4,21.0,tcp,10.765244960784912,135.0,188.0,SF,1.0,1.0,0.0,ShAdDafFr,18.0,1079.0,17.0,1056.0,FTP
1720727937.116141,CIHiLqAUfA38LfRK9,192.168.1.6,41502.0,192.168.1.4,21.0,tcp,10.283936977386476,118.0,188.0,SF,1.0,1.0,0.0,ShAdDafrF,18.0,1062.0,17.0,1056.0,FTP
1720730051.723237,Cq4xPz32cSwK8VSlG4,192.168.1.6,42446.0,192.168.1.4,21.0,tcp,9.889380931854248,115.0,188.0,SF,1.0,1.0,0.0,ShAdDafFr,18.0,1059.0,17.0,1056.0,FTP
1720728279.223531,CoGtvk3p1HMYsSwLp1,192.168.1.6,57580.0,192.168.1.4,21.0,tcp,10.479737997055054,118.0,188.0,SF,1.0,1.0,0.0,ShAdDafrF,18.0,1062.0,17.0,1056.0,FTP
1720728245.213042,CLW7oa3UXQC9Bu5mNd,192.168.1.4,33376.0,192.168.1.1,53.0,udp,10.479737997055054,118.0,188.0,SF,1.0,1.0,0.0,ShAdDafrF,18.0,1062.0,17.0,1056.0,DNS
1720728278.561227,Cftd8f4ht2RahOzItc,192.168.1.4,33996.0,20.50.80.210,443.0,udp,10.479737997055054,118.0,188.0,SF,1.0,1.0,0.0,ShAdDafrF,18.0,1062.0,17.0,1056.0,HTTPS
1720727915.138264,Cwd7CP3e6zoqFzrFxj,192.168.1.4,55756.0,192.168.1.1,53.0,udp,0.049904108047485,50.0,171.0,SF,1.0,1.0,0.0,Dd,1.0,78.0,1.0,199.0,DNS
1720730596.858951,C4A2F64Jaz9YCUk9r,192.168.1.6,41912.0,192.168.1.4,21.0,tcp,9.6850688457489,117.0,188.0,SF,1.0,1.0,0.0,ShAdDafFr,18.0,1061.0,17.0,1056.0,FTP
1720727854.273738,COOTxR1Q5i1MvomMuh,192.168.1.4,60810.0,108.139.29.86,443.0,tcp,60.16706800460816,1831.0,6268.0,SF,1.0,0.0,0.0,ShADadFf,12.0,2463.0,12.0,6900.0,HTTPS
1720727767.309308,CP5fIH2PhOa5J91D3i,192.168.1.4,44209.0,192.168.1.1,53.0,udp,60.16706800460816,1831.0,6268.0,SF,1.0,0.0,0.0,ShADadFf,12.0,2463.0,12.0,6900.0,DNS
1720731349.860902,CwN5li4HNF4YflInQg,192.168.1.6,55342.0,192.168.1.4,21.0,tcp,10.268759965896606,172.0,188.0,SF,1.0,1.0,0.0,ShAdDafrF,18.0,1116.0,17.0,1056.0,FTP
1720728276.137553,CyJ53e3ZJL0q3jiZZe,192.168.1.4,35129.0,192.168.1.1,53.0,udp,10.268759965896606,172.0,188.0,SF,1.0,1.0,0.0,ShAdDafrF,18.0,1116.0,17.0,1056.0,DNS
1720731686.939011,COYnk81ayaJ6Wj1dKh,192.168.1.6,52630.0,192.168.1.4,21.0,tcp,10.537388801574709,153.0,188.0,SF,1.0,1.0,0.0,ShAdDafrF,18.0,1097.0,17.0,1056.0,FTP
1720727885.069569,C4giu22QkFgyGxs9zi,192.168.1.4,52953.0,192.168.1.1,53.0,udp,10.537388801574709,153.0,188.0,SF,1.0,1.0,0.0,ShAdDafrF,18.0,1097.0,17.0,1056.0,DNS
1720728034.673895,CxoCtN9CsPmdoJLXd,192.168.1.4,46359.0,192.168.1.1,53.0,udp,0.001992225646972,54.0,110.0,SF,1.0,1.0,0.0,Dd,1.0,82.0,1.0,138.0,DNS
1720729387.743203,CLP5wy3Eei4uJp0Jr3,192.168.1.6,36168.0,192.168.1.4,21.0,tcp,10.068071126937866,119.0,188.0,SF,1.0,1.0,0.0,ShAdDafrF,18.0,1063.0,17.0,1056.0,FTP
1720728095.467837,Ce93JP2bicMt6U6f0i,192.168.1.4,56964.0,104.17.245.203,443.0,tcp,113.28065180778503,2455.0,6683.0,SF,1.0,0.0,0.0,ShADadFf,20.0,3503.0,19.0,7679.0,HTTPS
1720728071.675933,C60RlF47VozPN0IIe8,192.168.1.6,56256.0,192.168.1.4,21.0,tcp,10.08782720565796,118.0,188.0,SF,1.0,1.0,0.0,ShAdDafrF,18.0,1062.0,17.0,1056.0,FTP
1720727793.450083,CymsvB4zfg6hgwVSm4,192.168.1.4,40518.0,192.168.1.1,53.0,udp,0.034873008728027,58.0,143.0,SF,1.0,1.0,0.0,Dd,1.0,86.0,1.0,171.0,DNS
1720727884.996745,CRXHAcOPmCOkQu7ki,192.168.1.4,48610.0,192.168.1.1,53.0,udp,0.00744080543518,43.0,279.0,SF,1.0,1.0,0.0,Dd,1.0,71.0,1.0,307.0,DNS
1720728167.095509,C1fFIr2p2KJCyN6jIg,192.168.1.6,46926.0,192.168.1.4,21.0,tcp,9.570523977279665,118.0,188.0,SF,1.0,1.0,0.0,ShAdDafFr,18.0,1062.0,17.0,1056.0,FTP
1720729749.876491,CxZ48E2zUvZQ4j7aN1,192.168.1.6,60794.0,192.168.1.4,21.0,tcp,9.8508780002594,115.0,188.0,SF,1.0,1.0,0.0,ShAdDafrF,18.0,1059.0,17.0,1056.0,FTP
1720727765.74667,CoAbVl4vNLiWiNbnJ2,192.168.1.4,58363.0,192.168.1.1,53.0,udp,0.01918601989746,75.0,445.0,SF,1.0,1.0,0.0,Dd,1.0,103.0,1.0,473.0,DNS
1720729868.881219,CNApTg46zx9D8LDM7h,192.168.1.6,51910.0,192.168.1.4,21.0,tcp,11.328956127166748,122.0,188.0,SF,1.0,1.0,0.0,ShAdDafFr,18.0,1066.0,17.0,1056.0,FTP
1720729138.36225,CKHvEm1gJxYilgxKA9,192.168.1.6,47396.0,192.168.1.4,21.0,tcp,9.925453901290894,124.0,188.0,SF,1.0,1.0,0.0,ShAdDafrF,18.0,1068.0,17.0,1056.0,FTP
1720729233.643638,CoK6Un22jANb3cXSUc,192.168.1.6,38284.0,192.168.1.4,21.0,tcp,9.989346027374268,117.0,188.0,SF,1.0,1.0,0.0,ShAdDafFr,18.0,1061.0,17.0,1056.0,FTP
1720728275.155173,CbaRJ73fARla6i9pw9,192.168.1.4,56952.0,18.238.4.97,443.0,tcp,9.989346027374268,117.0,188.0,SF,1.0,1.0,0.0,ShAdDafFr,18.0,1061.0,17.0,1056.0,HTTPS
1720728125.145086,C1YEaa3JGJJHBwcwEb,192.168.1.4,43276.0,13.107.253.40,443.0,tcp,83.60390400886536,2981.0,33008.0,SF,1.0,0.0,0.0,ShADadFf,26.0,4341.0,33.0,34732.0,HTTPS
1720730178.742368,Cc9YNg2VcBrjiT5227,192.168.1.6,44956.0,192.168.1.4,21.0,tcp,10.526904106140137,120.0,188.0,SF,1.0,1.0,0.0,ShAdDafrF,18.0,1064.0,17.0,1056.0,FTP
1720729288.803921,CxmiDV1CR5Iji0ZTml,192.168.1.6,38176.0,192.168.1.4,21.0,tcp,10.32807207107544,125.0,188.0,SF,1.0,1.0,0.0,ShAdDafFr,18.0,1069.0,17.0,1056.0,FTP
1720727894.855614,CZIOuq1kap0YIyHTOh,192.168.1.6,46016.0,192.168.1.4,21.0,tcp,9.858034133911133,118.0,188.0,SF,1.0,1.0,0.0,ShAdDafFr,18.0,1062.0,17.0,1056.0,FTP
1720731846.666437,CeoyXF2KhR2EbjKr5c,192.168.1.6,35340.0,192.168.1.4,21.0,tcp,9.505176067352297,141.0,188.0,SF,1.0,1.0,0.0,ShAdDafrF,18.0,1085.0,17.0,1056.0,FTP
1720728125.357063,CiBry52tjC7nWCWdRf,192.168.1.4,43334.0,104.18.10.207,443.0,udp,0.070356845855712,4108.0,8353.0,SF,1.0,0.0,0.0,Dd,8.0,4332.0,12.0,8689.0,HTTPS
1720730628.411183,ClglBh4vTu4lwaZZn6,192.168.1.6,45120.0,192.168.1.4,21.0,tcp,10.732970952987673,129.0,188.0,SF,1.0,1.0,0.0,ShAdDafrF,18.0,1073.0,17.0,1056.0,FTP
1720727937.227984,CqUUZi6tBdZ78GYtf,192.168.1.6,41570.0,192.168.1.4,21.0,tcp,10.279113054275513,117.0,188.0,SF,1.0,1.0,0.0,ShAdDafFr,18.0,1061.0,17.0,1056.0,FTP
1720727915.925085,CvAbm211FrIsQu8JE2,192.168.1.6,39876.0,192.168.1.4,21.0,tcp,11.120513916015623,118.0,188.0,SF,1.0,1.0,0.0,ShAdDafrF,18.0,1062.0,17.0,1056.0,FTP
1720728186.708994,CqczFxDffKRQZ5oX7,192.168.1.4,49222.0,23.205.106.91,443.0,tcp,22.04781603813172,2521.0,45963.0,SF,1.0,0.0,0.0,ShADadFRf,28.0,3961.0,38.0,47947.0,HTTPS
1720728305.209532,Cl2PPb2kKJOY1ZGBMh,192.168.1.4,43241.0,192.168.1.1,53.0,udp,0.001450061798095,61.0,123.0,SF,1.0,1.0,0.0,Dd,1.0,89.0,1.0,151.0,DNS
1720728245.157302,CsUlF12cS7q0Elko6,192.168.1.4,44011.0,192.168.1.1,53.0,udp,0.002573013305664,68.0,129.0,SF,1.0,1.0,0.0,Dd,1.0,96.0,1.0,157.0,DNS
1720731690.790697,C1b2lh2PfGBPisxea3,192.168.1.6,52674.0,192.168.1.4,21.0,tcp,10.54548192024231,179.0,188.0,SF,1.0,1.0,0.0,ShAdDafFr,18.0,1123.0,17.0,1056.0,FTP
1720728865.588336,CfLyub4OhmxescjBJl,192.168.1.6,52344.0,192.168.1.4,21.0,tcp,10.10487699508667,166.0,188.0,SF,1.0,1.0,0.0,ShAdDafrF,18.0,1110.0,17.0,1056.0,FTP
1720728009.556124,CAbtzPUecEjXv5Zl6,192.168.1.6,38308.0,192.168.1.4,21.0,tcp,10.356472969055176,117.0,188.0,RSTR,1.0,1.0,0.0,ShAdDafr,17.0,1009.0,16.0,1016.0,FTP
1720728186.430428,CcQUM92Nw2o89VLMTi,192.168.1.4,38133.0,192.168.1.1,53.0,udp,0.015791893005371,49.0,127.0,SF,1.0,1.0,0.0,Dd,1.0,77.0,1.0,155.0,DNS
1720730369.484786,CwJk5VlbDukc2rgEk,192.168.1.6,44858.0,192.168.1.4,21.0,tcp,10.386148929595947,128.0,188.0,SF,1.0,1.0,0.0,ShAdDafFr,18.0,1072.0,17.0,1056.0,FTP
1720727853.861902,CWvP264FCDHc184yq2,192.168.1.4,60788.0,192.168.1.1,53.0,udp,0.003721952438354,63.0,124.0,SF,1.0,1.0,0.0,Dd,1.0,91.0,1.0,152.0,DNS
1720728677.433504,C9qh2A1u27OeotqShj,192.168.1.6,41518.0,192.168.1.4,21.0,tcp,10.550432920455933,141.0,188.0,SF,1.0,1.0,0.0,ShAdDafFr,18.0,1085.0,17.0,1056.0,FTP
1720728875.424689,CvQwzVQLUQ7FSgcDl,192.168.1.6,38036.0,192.168.1.4,21.0,tcp,9.618288040161133,166.0,188.0,SF,1.0,1.0,0.0,ShAdDafrF,18.0,1110.0,17.0,1056.0,FTP
1720731878.852636,Cr895c4VHTsoXb0px3,192.168.1.6,46370.0,192.168.1.4,21.0,tcp,10.51938796043396,153.0,188.0,SF,1.0,1.0,0.0,ShAdDafrF,18.0,1097.0,17.0,1056.0,FTP
1720728244.908235,CfVAjq3AQEDsEM0uEk,192.168.1.4,44830.0,192.168.1.1,53.0,udp,10.51938796043396,153.0,188.0,SF,1.0,1.0,0.0,ShAdDafrF,18.0,1097.0,17.0,1056.0,DNS
1720730982.094645,CXHA5F2vBmX36ojr83,192.168.1.6,36304.0,192.168.1.4,21.0,tcp,10.23709201812744,143.0,188.0,SF,1.0,1.0,0.0,ShAdDafrF,18.0,1087.0,17.0,1056.0,FTP
1720730319.178894,CSstHyVjjcpa39Be2,192.168.1.6,39180.0,192.168.1.4,21.0,tcp,9.852409839630129,132.0,188.0,SF,1.0,1.0,0.0,ShAdDafrF,18.0,1076.0,17.0,1056.0,FTP
1720731618.688216,CKE2K83ZKbicpeTIke,192.168.1.6,45158.0,192.168.1.4,21.0,tcp,9.584150075912476,173.0,188.0,SF,1.0,1.0,0.0,ShAdDafrF,18.0,1117.0,17.0,1056.0,FTP
1720730558.677307,CJbD7c1y0svXnK2mx3,192.168.1.6,59506.0,192.168.1.4,21.0,tcp,10.031716108322144,130.0,188.0,SF,1.0,1.0,0.0,ShAdDafFr,18.0,1074.0,17.0,1056.0,FTP
1720729152.954945,CHjeC23NGjfO28KBS7,192.168.1.6,45772.0,192.168.1.4,21.0,tcp,9.974714994430542,117.0,188.0,SF,1.0,1.0,0.0,ShAdDafrF,18.0,1061.0,17.0,1056.0,FTP
1720731643.23315,CIZ9ee46KTMFU3WLd5,192.168.1.4,59112.0,192.168.1.1,53.0,udp,9.974714994430542,117.0,188.0,SF,1.0,1.0,0.0,ShAdDafrF,18.0,1061.0,17.0,1056.0,DNS
1720729199.788122,CoyZ0hq6AM7WFnd54,192.168.1.6,39160.0,192.168.1.4,21.0,tcp,10.471987962722778,119.0,188.0,SF,1.0,1.0,0.0,ShAdDafrF,18.0,1063.0,17.0,1056.0,FTP
1720727824.976237,COanm534j0TZAq9hWc,192.168.1.4,58147.0,192.168.1.1,53.0,udp,0.002672910690307,45.0,95.0,SF,1.0,1.0,0.0,Dd,1.0,73.0,1.0,123.0,DNS
1720728078.307631,CSj0p03uhzlWAb1Ji2,192.168.1.4,43858.0,192.168.1.1,53.0,udp,0.001834869384765,48.0,130.0,SF,1.0,1.0,0.0,Dd,1.0,76.0,1.0,158.0,DNS
1720730648.673009,CFwmUN1FuuDiC5PPD8,192.168.1.6,32966.0,192.168.1.4,21.0,tcp,10.096979141235352,124.0,188.0,SF,1.0,1.0,0.0,ShAdDafrF,18.0,1068.0,17.0,1056.0,FTP
1720730142.4856,CmNA3s3GEyBxrvp8b,192.168.1.6,57568.0,192.168.1.4,21.0,tcp,10.564520120620728,119.0,188.0,SF,1.0,1.0,0.0,ShAdDafrF,18.0,1063.0,17.0,1056.0,FTP
1720727764.266484,CP6emh1hm8aJ5ZkyP3,192.168.1.4,50570.0,192.168.1.1,53.0,udp,0.029582977294921,39.0,295.0,SF,1.0,1.0,0.0,Dd,1.0,67.0,1.0,323.0,DNS
1720728306.17911,CwbJBb6722R5f5YGc,192.168.1.4,59490.0,142.251.41.2,443.0,udp,0.029582977294921,39.0,295.0,SF,1.0,1.0,0.0,Dd,1.0,67.0,1.0,323.0,HTTPS
1720730546.963127,CrgOIB2akLPCXbRc0g,192.168.1.6,58664.0,192.168.1.4,21.0,udp,0.029582977294921,39.0,295.0,SF,1.0,1.0,0.0,Dd,1.0,67.0,1.0,323.0,FTP
1720731494.124025,Cfz1A02MHtfqXTQIBc,192.168.1.6,37944.0,192.168.1.4,21.0,tcp,10.37371277809143,167.0,188.0,SF,1.0,1.0,0.0,ShAdDafrF,18.0,1111.0,17.0,1056.0,FTP
1720728096.07693,CPwSlpEWlIxbRlW34,192.168.1.4,57232.0,204.141.89.122,443.0,tcp,112.67661094665527,8204.0,3863.0,SF,1.0,0.0,0.0,ShADadFf,20.0,9252.0,16.0,4703.0,HTTPS
1720731297.948462,CnHF2L1AsvvE7wMq6b,192.168.1.6,44890.0,192.168.1.4,21.0,tcp,10.19351887702942,177.0,188.0,SF,1.0,1.0,0.0,ShAdDafrF,18.0,1121.0,17.0,1056.0,FTP
1720730929.269579,Co2Lo6lhGqnDUwVx2,192.168.1.6,43438.0,192.168.1.4,21.0,tcp,11.372652053833008,144.0,188.0,SF,1.0,1.0,0.0,ShAdDafrF,18.0,1088.0,17.0,1056.0,FTP
1720727915.389081,Cxsa8La22x6Hj35Z6,192.168.1.4,34391.0,192.168.1.1,53.0,udp,11.372652053833008,144.0,188.0,SF,1.0,1.0,0.0,ShAdDafrF,18.0,1088.0,17.0,1056.0,DNS
1720727914.205837,CHu1zLi51YdyDjqi4,192.168.1.4,51718.0,13.224.214.32,443.0,tcp,0.058445930480957,1821.0,4798.0,SF,1.0,0.0,0.0,ShADaFdRf,8.0,2197.0,7.0,5170.0,HTTPS
1720728125.358395,Cby4Oy1SLIG6p0vpue,192.168.1.4,38442.0,192.168.1.1,53.0,udp,0.013049840927124,49.0,106.0,SF,1.0,1.0,0.0,Dd,1.0,77.0,1.0,134.0,DNS
1720730826.02272,CNZ9hC1Ceus0dGAc8h,192.168.1.6,34248.0,192.168.1.4,21.0,tcp,10.604387998580933,119.0,188.0,SF,1.0,1.0,0.0,ShAdDafrF,18.0,1063.0,17.0,1056.0,FTP
1720728542.003082,CujFvU2ddcYV5Oz1kg,192.168.1.6,36634.0,192.168.1.4,21.0,tcp,9.996654033660889,118.0,188.0,SF,1.0,1.0,0.0,ShAdDafrF,18.0,1062.0,17.0,1056.0,FTP
1720728423.801624,CpX759eWPgFr5QgUc,192.168.1.6,50434.0,192.168.1.4,21.0,tcp,10.071390867233276,118.0,188.0,SF,1.0,1.0,0.0,ShAdDafrF,18.0,1062.0,17.0,1056.0,FTP
1720730732.856069,CsActF3k9gVZctRL7,192.168.1.6,50954.0,192.168.1.4,21.0,tcp,10.494264841079712,126.0,188.0,SF,1.0,1.0,0.0,ShAdDafrF,18.0,1070.0,17.0,1056.0,FTP
1720730940.642401,CE7R7p2fTpKYH0ykzb,192.168.1.6,40704.0,192.168.1.4,21.0,tcp,10.333611965179443,140.0,188.0,SF,1.0,1.0,0.0,ShAdDafrF,18.0,1084.0,17.0,1056.0,FTP
1720728306.352407,CwLVJs2OtgrPFECiX2,192.168.1.4,50695.0,192.168.1.1,53.0,udp,0.001395940780639,47.0,112.0,SF,1.0,1.0,0.0,Dd,1.0,75.0,1.0,140.0,DNS
1720731853.654488,CCPjyc1W4Xc5g2IK2,192.168.1.6,40934.0,192.168.1.4,21.0,tcp,9.450549840927124,110.0,188.0,SF,1.0,1.0,0.0,ShAdDafrF,18.0,1054.0,17.0,1056.0,FTP
1720728245.203574,CPFEs34saxVFELfI1a,192.168.1.4,44900.0,192.168.1.1,53.0,udp,0.002899169921875,58.0,58.0,SF,1.0,1.0,0.0,Dd,1.0,86.0,1.0,86.0,DNS
1720731777.869194,Cldm7v3sCs9vv24PId,192.168.1.6,50236.0,192.168.1.4,21.0,tcp,10.080642938613892,151.0,188.0,SF,1.0,1.0,0.0,ShAdDafrF,18.0,1095.0,17.0,1056.0,FTP
1720729933.625278,CYarrp36MnI0cYGP8j,192.168.1.6,47642.0,192.168.1.4,21.0,tcp,8.99561095237732,136.0,188.0,SF,1.0,1.0,0.0,ShAdDafrF,18.0,1080.0,17.0,1056.0,FTP
1720727765.845337,CiQOFp4SxuIxUQIO11,192.168.1.4,46372.0,192.168.1.1,53.0,udp,8.99561095237732,136.0,188.0,SF,1.0,1.0,0.0,ShAdDafrF,18.0,1080.0,17.0,1056.0,DNS
1720731177.738164,CO71RE2Yz57J9QQiv4,192.168.1.6,44622.0,192.168.1.4,21.0,tcp,9.96111297607422,111.0,188.0,SF,1.0,1.0,0.0,ShAdDafrF,18.0,1055.0,17.0,1056.0,FTP
1720727733.960717,CTHa2A1yG8fH8alYc6,192.168.1.4,51945.0,142.250.80.34,443.0,tcp,9.96111297607422,111.0,188.0,SF,1.0,1.0,0.0,IIiiiIhhHhHhH,18.0,1055.0,17.0,1056.0,HTTPS
1720727864.922902,CsQsp42I3K7PlAVqHk,192.168.1.6,47756.0,192.168.1.4,21.0,tcp,9.843692779541016,118.0,188.0,SF,1.0,1.0,0.0,ShAdDafrF,18.0,1062.0,17.0,1056.0,FTP
1720728336.188014,CoKHD17k31VnwI2F,192.168.1.4,44134.0,192.168.1.1,53.0,udp,0.003159999847412,41.0,209.0,SF,1.0,1.0,0.0,Dd,1.0,69.0,1.0,237.0,DNS
1720728849.559816,C7XHF54zzdt51IG1xc,192.168.1.6,39780.0,192.168.1.4,21.0,tcp,9.853095054626465,119.0,188.0,SF,1.0,1.0,0.0,ShAdDafrF,18.0,1063.0,17.0,1056.0,FTP
1720728600.121482,CRuJ4C2hb7Xsj9i0ue,192.168.1.6,35572.0,192.168.1.4,21.0,tcp,10.816400051116943,113.0,188.0,SF,1.0,1.0,0.0,ShAdDafrF,18.0,1057.0,17.0,1056.0,FTP
1720728705.270114,CKBOBxYxql5os9sn,192.168.1.6,37342.0,192.168.1.4,21.0,tcp,10.269809007644652,136.0,188.0,SF,1.0,1.0,0.0,ShAdDafrF,18.0,1080.0,17.0,1056.0,FTP
1720728585.025367,CTIgQb45LeJSfmMQm8,192.168.1.6,45246.0,192.168.1.4,21.0,tcp,10.182482957839966,114.0,188.0,SF,1.0,1.0,0.0,ShAdDafFr,18.0,1058.0,17.0,1056.0,FTP
1720727853.428378,CvCT144cDMEdwqB2V6,192.168.1.4,56008.0,192.168.1.1,53.0,udp,10.182482957839966,114.0,188.0,SF,1.0,1.0,0.0,ShAdDafFr,18.0,1058.0,17.0,1056.0,DNS
1720728096.527216,Ckcnsp22MBHshugrt4,192.168.1.4,40827.0,64.233.180.156,443.0,udp,0.096909046173095,4747.0,9089.0,SF,1.0,0.0,0.0,Dd,10.0,5027.0,13.0,9453.0,HTTPS
1720728305.222227,CNYG2P4yhma0i1In,192.168.1.4,49652.0,172.64.155.166,443.0,udp,0.096909046173095,4747.0,9089.0,SF,1.0,0.0,0.0,IIiiiIhhhHH,10.0,5027.0,13.0,9453.0,HTTPS
1720728675.332718,CEiQmP1GCD1zWm6pmd,192.168.1.6,41460.0,192.168.1.4,21.0,tcp,9.431098222732544,132.0,188.0,SF,1.0,1.0,0.0,ShAdDafrF,18.0,1076.0,17.0,1056.0,FTP
1720731791.297942,CFWBHRKDJMgJRyGc6,192.168.1.6,55112.0,192.168.1.4,21.0,tcp,11.377053022384644,163.0,188.0,SF,1.0,1.0,0.0,ShAdDafrF,18.0,1107.0,17.0,1056.0,FTP
1720731866.034456,C2NQ5B40iSYgyZet1i,192.168.1.6,58022.0,192.168.1.4,21.0,tcp,9.66173505783081,113.0,188.0,SF,1.0,1.0,0.0,ShAdDafFr,18.0,1057.0,17.0,1056.0,FTP
1720730142.112794,CbMAlQ3UqSdz1U6dUj,192.168.1.6,57550.0,192.168.1.4,21.0,tcp,10.762423992156982,130.0,188.0,SF,1.0,1.0,0.0,ShAdDafFr,18.0,1074.0,17.0,1056.0,FTP
1720730961.368078,CjxsC44F26eJKMfh86,192.168.1.6,51532.0,192.168.1.4,21.0,tcp,10.069863080978394,145.0,188.0,SF,1.0,1.0,0.0,ShAdDafrF,18.0,1089.0,17.0,1056.0,FTP
1720728064.739321,CnkePv3TORTmn4qmra,192.168.1.4,59334.0,13.224.208.140,443.0,tcp,10.069863080978394,145.0,188.0,SF,1.0,1.0,0.0,ShAdDafrF,18.0,1089.0,17.0,1056.0,HTTPS
1720729269.57421,C2ye224Ayb8mooAhfb,192.168.1.6,34430.0,192.168.1.4,21.0,tcp,10.033372163772585,114.0,188.0,SF,1.0,1.0,0.0,ShAdDafrF,18.0,1058.0,17.0,1056.0,FTP
1720728275.038203,CK0XtR1wsfthcykQR9,192.168.1.4,33422.0,40.126.24.149,443.0,tcp,76.41081309318542,8579.0,26269.0,SF,1.0,0.0,0.0,ShADadFf,24.0,9559.0,20.0,27081.0,HTTPS
1720727793.924686,CQzAiXn5JRbsU4ofi,192.168.1.4,55132.0,13.224.214.83,443.0,tcp,76.41081309318542,8579.0,26269.0,SF,1.0,0.0,0.0,ShADadFf,24.0,9559.0,20.0,27081.0,HTTPS
1720728335.295632,C9gKjD2aQxyEl9aDYj,192.168.1.4,58373.0,104.18.32.115,443.0,tcp,76.41081309318542,8579.0,26269.0,SF,1.0,0.0,0.0,IIiiiIhhhHHHHh,24.0,9559.0,20.0,27081.0,HTTPS
1720729735.38627,CimkU43W0aMl6C2by9,192.168.1.6,42504.0,192.168.1.4,21.0,tcp,10.139845848083496,120.0,188.0,SF,1.0,1.0,0.0,ShAdDafFr,18.0,1064.0,17.0,1056.0,FTP
1720730319.479821,CRPtrC3y5YV7vpJCTd,192.168.1.6,39194.0,192.168.1.4,21.0,tcp,10.320778131484984,126.0,188.0,SF,1.0,1.0,0.0,ShAdDafFr,18.0,1070.0,17.0,1056.0,FTP
1720728802.248894,CD7rEVaPTRqJbW4Si,192.168.1.6,45168.0,192.168.1.4,21.0,tcp,9.883836030960085,118.0,188.0,SF,1.0,1.0,0.0,ShAdDafrF,18.0,1062.0,17.0,1056.0,FTP
1720728484.305961,CSuUPO1ghVN51XF4Ve,192.168.1.6,36332.0,192.168.1.4,21.0,tcp,10.246556043624878,116.0,188.0,SF,1.0,1.0,0.0,ShAdDafrF,18.0,1060.0,17.0,1056.0,FTP
1720728708.480432,C44X1C1xagyATRjFn9,192.168.1.6,37438.0,192.168.1.4,21.0,tcp,10.97309398651123,144.0,188.0,SF,1.0,1.0,0.0,ShAdDafrF,18.0,1088.0,17.0,1056.0,FTP
1720728197.298393,CzDIDbTbKoZ9qY833,192.168.1.6,53872.0,192.168.1.4,21.0,tcp,9.715167045593262,118.0,188.0,SF,1.0,1.0,0.0,ShAdDafrF,18.0,1062.0,17.0,1056.0,FTP
1720730992.289095,Czm1a93v6XApAK9w6i,192.168.1.6,55742.0,192.168.1.4,21.0,tcp,10.630975008010864,127.0,188.0,SF,1.0,1.0,0.0,ShAdDafrF,18.0,1071.0,17.0,1056.0,FTP
1720727765.746775,CdVP4r1T1DmI3ndaZc,192.168.1.4,37890.0,192.168.1.1,53.0,udp,0.019366979598999,75.0,167.0,SF,1.0,1.0,0.0,Dd,1.0,103.0,1.0,195.0,DNS
1720730344.747142,CV7e2J1KB95LYAmclg,192.168.1.6,48930.0,192.168.1.4,21.0,tcp,9.885478973388672,117.0,188.0,SF,1.0,1.0,0.0,ShAdDafFr,18.0,1061.0,17.0,1056.0,FTP
1720728035.173095,CcabD53Zjcq5H6Uy2a,192.168.1.4,46762.0,64.233.180.157,443.0,tcp,9.885478973388672,117.0,188.0,SF,1.0,1.0,0.0,ShAdDafFr,18.0,1061.0,17.0,1056.0,HTTPS
1720728335.500881,CJ7e222U8WjoXaczx7,192.168.1.4,59259.0,104.18.32.115,443.0,udp,15.929571151733398,4166.0,7837.0,SF,1.0,0.0,0.0,Dd,9.0,4418.0,11.0,8145.0,HTTPS
1720730748.411656,CjKMkb3rs0OR5Za5xf,192.168.1.6,60482.0,192.168.1.4,21.0,tcp,10.126593112945557,126.0,188.0,SF,1.0,1.0,0.0,ShAdDafFr,18.0,1070.0,17.0,1056.0,FTP
1720731137.993579,C5BpPo1LEXsvOLWzP1,192.168.1.6,35542.0,192.168.1.4,21.0,tcp,10.14967918395996,111.0,188.0,SF,1.0,1.0,0.0,ShAdDafFr,18.0,1055.0,17.0,1056.0,FTP
1720730394.383606,CF4Kf94apnCl25Ft69,192.168.1.6,33960.0,192.168.1.4,21.0,tcp,10.353233098983765,124.0,188.0,SF,1.0,1.0,0.0,ShAdDafrF,18.0,1068.0,17.0,1056.0,FTP
1720727734.281795,CRovf84M7naD6DHa7h,192.168.1.4,47488.0,142.251.35.170,443.0,tcp,240.0901200771332,2421.0,42026.0,SF,1.0,0.0,0.0,ShADadFf,32.0,4093.0,43.0,44270.0,HTTPS
1720729618.535763,CR4FkY3CLyFXqFH7b,192.168.1.6,47610.0,192.168.1.4,21.0,tcp,8.794645071029663,113.0,188.0,SF,1.0,1.0,0.0,ShAdDafrF,18.0,1057.0,17.0,1056.0,FTP
1720729864.530095,CalVxt3xyhTGHf6wDf,192.168.1.6,51878.0,192.168.1.4,21.0,tcp,10.401898860931396,132.0,188.0,SF,1.0,1.0,0.0,ShAdDafrF,18.0,1076.0,17.0,1056.0,FTP
1720727915.264532,CVp70c2aKrMPuXcCY5,192.168.1.4,40628.0,146.75.37.229,443.0,tcp,10.401898860931396,132.0,188.0,SF,1.0,1.0,0.0,ShAdDafrF,18.0,1076.0,17.0,1056.0,HTTPS
1720728456.385567,CXeVVC1yePMGHY3x76,192.168.1.6,55982.0,192.168.1.4,21.0,tcp,8.91657304763794,118.0,188.0,SF,1.0,1.0,0.0,ShAdDafrF,18.0,1062.0,17.0,1056.0,FTP
1720727854.232385,Cflkka2CGDp0ZOSH37,192.168.1.4,45793.0,104.18.11.207,443.0,tcp,8.91657304763794,118.0,188.0,SF,1.0,1.0,0.0,IIiiiiIhhhhHH,18.0,1062.0,17.0,1056.0,HTTPS
1720728306.213827,CUjlrm4OMLaBT2ssQ5,192.168.1.4,47066.0,142.251.41.2,443.0,tcp,45.23471117019653,1836.0,8772.0,SF,1.0,0.0,0.0,ShADadFf,11.0,2416.0,9.0,9248.0,HTTPS
1720730802.673965,CQxm5i2svjggifBzd2,192.168.1.6,47928.0,192.168.1.4,21.0,tcp,10.323101997375488,122.0,188.0,SF,1.0,1.0,0.0,ShAdDafrF,18.0,1066.0,17.0,1056.0,FTP
1720727885.045556,Cu02zT3jF9UoqmJPp5,192.168.1.4,56440.0,192.168.1.1,53.0,udp,10.323101997375488,122.0,188.0,SF,1.0,1.0,0.0,ShAdDafrF,18.0,1066.0,17.0,1056.0,DNS
1720728000.745908,CElStNw4U45xyRVXc,192.168.1.6,51346.0,192.168.1.4,21.0,tcp,10.663016080856323,118.0,188.0,SF,1.0,1.0,0.0,ShAdDafrF,18.0,1062.0,17.0,1056.0,FTP
1720731513.390672,CUVad04LwAkxI3Yach,192.168.1.6,47082.0,192.168.1.4,21.0,tcp,10.857022047042848,163.0,188.0,SF,1.0,1.0,0.0,ShAdDafFr,18.0,1107.0,17.0,1056.0,FTP
1720731818.828294,CRvGer10BciN3yTVG3,192.168.1.6,42358.0,192.168.1.4,21.0,tcp,10.7673659324646,174.0,188.0,SF,1.0,1.0,0.0,ShAdDafrF,18.0,1118.0,17.0,1056.0,FTP
1720727855.619728,CCZXzU2cspiOTnLFMd,192.168.1.6,42238.0,192.168.1.4,21.0,tcp,10.115121841430664,118.0,188.0,SF,1.0,1.0,0.0,ShAdDafrF,18.0,1062.0,17.0,1056.0,FTP
1720729895.219675,C5HK374banbkZNARFa,192.168.1.6,59634.0,192.168.1.4,21.0,tcp,10.826308012008669,126.0,188.0,SF,1.0,1.0,0.0,ShAdDafFr,18.0,1070.0,17.0,1056.0,FTP
1720727642.913647,C8koYV2xQASewk0zL4,192.168.1.4,37118.0,23.205.106.154,443.0,tcp,300.84155917167664,3178.0,54977.0,SF,1.0,0.0,0.0,ShADadFRf,32.0,4826.0,37.0,56909.0,HTTPS
1720727733.078061,CPWS9J3EmS30SSMFp3,192.168.1.4,48740.0,172.64.146.72,443.0,udp,1.93067193031311,157514.0,2852948.0,SF,1.0,0.0,0.0,Dd,493.0,171318.0,2476.0,2922276.0,HTTPS
1720730159.416859,Cakdta1EoeBg8R6DA9,192.168.1.6,40608.0,192.168.1.4,21.0,tcp,9.605369091033936,123.0,188.0,SF,1.0,1.0,0.0,ShAdDafFr,18.0,1067.0,17.0,1056.0,FTP
1720731653.782226,CPavV2c59nyFkwEB6,192.168.1.6,44042.0,192.168.1.4,21.0,tcp,10.474121809005736,162.0,188.0,SF,1.0,1.0,0.0,ShAdDafrF,18.0,1106.0,17.0,1056.0,FTP
1720727786.558708,CeTBOj0MNdYQrbSp9,192.168.1.4,43162.0,35.190.80.1,443.0,tcp,10.474121809005736,162.0,188.0,SF,1.0,1.0,0.0,ShAdDafrF,18.0,1106.0,17.0,1056.0,HTTPS
1720731672.80149,CAfRHJ1Hm0DZ8LlFde,192.168.1.6,43488.0,192.168.1.4,21.0,tcp,10.486248970031738,150.0,188.0,SF,1.0,1.0,0.0,ShAdDafrF,18.0,1094.0,17.0,1056.0,FTP
1720728003.998133,CJbswJ38asIcJzwo42,192.168.1.4,45478.0,104.16.148.244,443.0,tcp,60.20233416557312,2084.0,5050.0,SF,1.0,0.0,0.0,ShADadFf,11.0,2664.0,9.0,5526.0,HTTPS
1720727824.411817,CWXKbgxd7GsFguVa,192.168.1.4,43462.0,142.251.40.238,443.0,tcp,0.071636915206909,1864.0,8759.0,SF,1.0,0.0,0.0,ShADadFRf,11.0,2420.0,10.0,9287.0,HTTPS
1720729371.03548,CeFxiqgtuLHv8jy9k,192.168.1.6,44556.0,192.168.1.4,21.0,tcp,10.229964017868042,133.0,188.0,SF,1.0,1.0,0.0,ShAdDafrF,18.0,1077.0,17.0,1056.0,FTP
1720728186.357195,ClHVf13Ft23CnpiAy6,192.168.1.6,42676.0,192.168.1.4,21.0,tcp,10.054161071777344,117.0,188.0,SF,1.0,1.0,0.0,ShAdDafFr,18.0,1061.0,17.0,1056.0,FTP
1720728198.307464,Cvab5r4cqGAcK5n8U8,192.168.1.4,52155.0,192.168.1.1,53.0,udp,10.054161071777344,117.0,188.0,SF,1.0,1.0,0.0,ShAdDafFr,18.0,1061.0,17.0,1056.0,DNS
1720730123.203618,CQWmjq4QG8GvAy8SLg,192.168.1.6,52700.0,192.168.1.4,21.0,tcp,10.058905839920044,134.0,188.0,SF,1.0,1.0,0.0,ShAdDafrF,18.0,1078.0,17.0,1056.0,FTP
1720727910.977001,CDLDgjF4PQaelCOrg,192.168.1.4,36905.0,192.168.1.1,53.0,udp,10.058905839920044,134.0,188.0,SF,1.0,1.0,0.0,ShAdDafrF,18.0,1078.0,17.0,1056.0,DNS
1720727885.073971,CLyMs11dRCjxiA1HX7,192.168.1.4,42177.0,142.251.40.226,443.0,udp,10.058905839920044,134.0,188.0,SF,1.0,1.0,0.0,IIiiiIhhhHHhH,18.0,1078.0,17.0,1056.0,HTTPS
1720731634.549572,CGWhUD2adVnsZL9wJk,192.168.1.6,42226.0,192.168.1.4,21.0,tcp,9.690573930740356,165.0,188.0,SF,1.0,1.0,0.0,ShAdDafFr,18.0,1109.0,17.0,1056.0,FTP
1720728124.613756,CPfOnJ3rVKfr5VrFYb,192.168.1.4,58838.0,192.168.1.1,53.0,udp,9.690573930740356,165.0,188.0,SF,1.0,1.0,0.0,ShAdDafFr,18.0,1109.0,17.0,1056.0,DNS
1720731398.652042,CUx6sG4N8jisdhAjah,192.168.1.6,48472.0,192.168.1.4,21.0,tcp,9.710013151168823,187.0,188.0,SF,1.0,1.0,0.0,ShAdDafFr,18.0,1131.0,17.0,1056.0,FTP
1720727924.311505,CIkokq3RulfhOfxmb1,192.168.1.4,39180.0,31.13.71.36,443.0,tcp,9.710013151168823,187.0,188.0,SF,1.0,1.0,0.0,ShAdDafFr,18.0,1131.0,17.0,1056.0,HTTPS
1720729095.805589,CeU5xq1ewieekF7fA4,192.168.1.6,41560.0,192.168.1.4,21.0,tcp,10.97287106513977,120.0,188.0,SF,1.0,1.0,0.0,ShAdDafFr,18.0,1064.0,17.0,1056.0,FTP
1720727915.184636,CKcJcBgWAVgb8SPXd,192.168.1.4,48350.0,192.168.1.1,53.0,udp,0.043211936950683,63.0,156.0,SF,1.0,1.0,0.0,Dd,1.0,91.0,1.0,184.0,DNS
1720729292.351704,CNqm0d2f6V47j8Risd,192.168.1.6,38224.0,192.168.1.4,21.0,tcp,10.372093200683594,136.0,188.0,SF,1.0,1.0,0.0,ShAdDafFr,18.0,1080.0,17.0,1056.0,FTP
1720728177.351714,C66D3q3nVENrSr8GGk,192.168.1.6,37100.0,192.168.1.4,21.0,tcp,9.806843042373655,116.0,188.0,SF,1.0,1.0,0.0,ShAdDafrF,18.0,1060.0,17.0,1056.0,FTP
1720730929.334596,CNh1w4LuC5ggQAbnb,192.168.1.6,43480.0,192.168.1.4,21.0,tcp,11.345539093017578,167.0,188.0,SF,1.0,1.0,0.0,ShAdDafrF,18.0,1111.0,17.0,1056.0,FTP
1720728184.645974,CN6tlm22dxzn9b4Z43,192.168.1.4,51131.0,192.168.1.1,53.0,udp,0.029752016067504,43.0,411.0,SF,1.0,1.0,0.0,Dd,1.0,71.0,1.0,439.0,DNS
1720731177.672596,CleccNy7j7zcTko4l,192.168.1.6,44594.0,192.168.1.4,21.0,tcp,9.953073978424072,114.0,188.0,SF,1.0,1.0,0.0,ShAdDafrF,18.0,1058.0,17.0,1056.0,FTP
1720730015.828415,CWzW9y2h8PnDPBZ1S1,192.168.1.6,51524.0,192.168.1.4,21.0,tcp,9.75197410583496,127.0,188.0,SF,1.0,1.0,0.0,ShAdDafrF,18.0,1071.0,17.0,1056.0,FTP
1720727884.4741,CEWBHK1nyeT6C0Xze4,192.168.1.4,50476.0,104.18.32.90,443.0,tcp,9.75197410583496,127.0,188.0,SF,1.0,1.0,0.0,ShAdDafrF,18.0,1071.0,17.0,1056.0,HTTPS
1720728009.441376,CDVBWB1A6RRlchLjEd,192.168.1.4,42152.0,192.168.1.1,53.0,udp,0.001496076583862,53.0,324.0,SF,1.0,1.0,0.0,Dd,1.0,81.0,1.0,352.0,DNS
1720727854.024127,Cw1Rcn3p5iwNSBgLI2,192.168.1.4,48202.0,52.26.2.180,443.0,tcp,354.7856769561768,4159.0,7207.0,SF,1.0,0.0,0.0,ShADadFf,25.0,5467.0,26.0,8567.0,HTTPS
1720727937.151252,CMNtVH1jIC28PS8HU3,192.168.1.6,41528.0,192.168.1.4,21.0,tcp,10.2930109500885,118.0,188.0,SF,1.0,1.0,0.0,ShAdDafrF,18.0,1062.0,17.0,1056.0,FTP
1720731589.486073,CiVCSy3A8dtQhN3Sle,192.168.1.6,47710.0,192.168.1.4,21.0,tcp,9.230998039245604,154.0,188.0,SF,1.0,1.0,0.0,ShAdDafrF,18.0,1098.0,17.0,1056.0,FTP
1720730597.197273,CbbVwn2U08FL4JRC3j,192.168.1.6,41936.0,192.168.1.4,21.0,tcp,9.66977310180664,121.0,188.0,SF,1.0,1.0,0.0,ShAdDafrF,18.0,1065.0,17.0,1056.0,FTP
1720730606.486612,CxX2ku17rbxLMqsruh,192.168.1.6,41782.0,192.168.1.4,21.0,tcp,10.326931953430176,118.0,188.0,SF,1.0,1.0,0.0,ShAdDafrF,18.0,1062.0,17.0,1056.0,FTP
1720730004.756487,CoQNYz2INNHLI5OQN,192.168.1.6,41188.0,192.168.1.4,21.0,tcp,9.989789009094238,133.0,188.0,SF,1.0,1.0,0.0,ShAdDafrF,18.0,1077.0,17.0,1056.0,FTP
1720731534.18707,Cf2Pih4PTSpC86mWD6,192.168.1.6,44868.0,192.168.1.4,21.0,tcp,10.712196111679075,142.0,188.0,SF,1.0,1.0,0.0,ShAdDafrF,18.0,1086.0,17.0,1056.0,FTP
1720728276.13767,CJ7zaK1zqUGInDWfO1,192.168.1.4,34838.0,192.168.1.1,53.0,udp,10.712196111679075,142.0,188.0,SF,1.0,1.0,0.0,ShAdDafrF,18.0,1086.0,17.0,1056.0,DNS
1720731087.713739,CcxQv41soAdqaIpP1i,192.168.1.6,51556.0,192.168.1.4,21.0,tcp,9.897404193878174,118.0,188.0,SF,1.0,1.0,0.0,ShAdDafrF,18.0,1062.0,17.0,1056.0,FTP
1720727825.468886,Cz2tlm423aT02FZd2c,192.168.1.6,52194.0,192.168.1.4,21.0,tcp,9.710263013839722,118.0,188.0,SF,1.0,1.0,0.0,ShAdDafrF,18.0,1062.0,17.0,1056.0,FTP
1720730108.628683,CclaXB1sf4Uo2mmWGc,192.168.1.6,50322.0,192.168.1.4,21.0,tcp,9.563468933105469,139.0,188.0,SF,1.0,1.0,0.0,ShAdDafrF,18.0,1083.0,17.0,1056.0,FTP
1720728096.335027,CQ6thr1nttYX6blLqh,192.168.1.4,43265.0,192.168.1.1,53.0,udp,0.057059049606323,48.0,460.0,SF,1.0,1.0,0.0,Dd,1.0,76.0,1.0,488.0,DNS
1720730222.343001,C1zYit4eRYzk0xiBC3,192.168.1.6,38184.0,192.168.1.4,21.0,tcp,10.505548000335692,134.0,188.0,SF,1.0,1.0,0.0,ShAdDafrF,18.0,1078.0,17.0,1056.0,FTP
1720729724.757387,COa9sw3L2s0uFjz3G,192.168.1.6,37908.0,192.168.1.4,21.0,tcp,9.55236315727234,122.0,188.0,SF,1.0,1.0,0.0,ShAdDafrF,18.0,1066.0,17.0,1056.0,FTP
1720727781.868842,CvTePYfhRL5AyEp1e,192.168.1.6,35314.0,192.168.1.4,21.0,tcp,10.460367202758787,118.0,188.0,SF,1.0,1.0,0.0,ShAdDafrF,18.0,1062.0,17.0,1056.0,FTP
1720728541.534446,CvWv6j4y6DcaJ2brqi,192.168.1.6,36616.0,192.168.1.4,21.0,tcp,9.572643995285034,118.0,188.0,SF,1.0,1.0,0.0,ShAdDafrF,18.0,1062.0,17.0,1056.0,FTP
1720728094.527968,CJ5oNL2tqN8S8znS2d,192.168.1.4,51508.0,192.168.1.1,53.0,udp,0.037301063537597,46.0,177.0,SF,1.0,1.0,0.0,Dd,1.0,74.0,1.0,205.0,DNS
1720727980.099097,CsdErE2ztIFPbph7P,192.168.1.6,55100.0,192.168.1.4,21.0,tcp,10.48611307144165,117.0,188.0,SF,1.0,1.0,0.0,ShAdDafrF,18.0,1061.0,17.0,1056.0,FTP
1720728305.678697,CptbYtAEUs408ULRg,192.168.1.4,48840.0,192.168.1.1,53.0,udp,10.48611307144165,117.0,188.0,SF,1.0,1.0,0.0,ShAdDafrF,18.0,1061.0,17.0,1056.0,DNS
1720728350.523299,CgLZWMVDhPhicFgU6,192.168.1.6,46272.0,192.168.1.4,21.0,tcp,10.203099012374878,118.0,188.0,SF,1.0,1.0,0.0,ShAdDafrF,18.0,1062.0,17.0,1056.0,FTP
1720728245.691123,CS4dna1LK7XG3FOQ71,192.168.1.4,50600.0,20.50.80.210,443.0,tcp,105.82572388648988,5164.0,7358.0,SF,1.0,0.0,0.0,ShADadFf,23.0,6368.0,23.0,8586.0,HTTPS
1720729003.464163,CYXo8w2D0y8FJgnzsh,192.168.1.6,33860.0,192.168.1.4,21.0,tcp,10.61199688911438,118.0,188.0,SF,1.0,1.0,0.0,ShAdDafrF,18.0,1062.0,17.0,1056.0,FTP
1720728047.073465,CIUh1A4dGpFT11B4Pe,192.168.1.6,51000.0,192.168.1.4,21.0,tcp,9.803454875946043,118.0,188.0,SF,1.0,1.0,0.0,ShAdDafFr,18.0,1062.0,17.0,1056.0,FTP
1720728128.308844,CzRBhE1QaF1ZZpeJY6,192.168.1.4,43353.0,192.168.1.1,53.0,udp,9.803454875946043,118.0,188.0,SF,1.0,1.0,0.0,ShAdDafFr,18.0,1062.0,17.0,1056.0,DNS
1720727915.27018,CnFm2613vuRUb7uFE2,192.168.1.4,54903.0,192.168.1.1,53.0,udp,9.803454875946043,118.0,188.0,SF,1.0,1.0,0.0,ShAdDafFr,18.0,1062.0,17.0,1056.0,DNS
1720727793.937223,CcuO9g2YeNYFAJJSAl,192.168.1.4,57864.0,44.207.14.248,443.0,tcp,0.045339107513427,1825.0,5584.0,SF,1.0,0.0,0.0,ShADadFRfR,8.0,2225.0,6.0,5904.0,HTTPS
1720729376.234704,ChNRJt2sETl7DnRSCk,192.168.1.6,47786.0,192.168.1.4,21.0,tcp,10.291589975357056,134.0,188.0,SF,1.0,1.0,0.0,ShAdDafrF,18.0,1078.0,17.0,1056.0,FTP
1720727914.30325,CV3DdmssmgtvYbwAd,192.168.1.4,53774.0,192.168.1.1,53.0,udp,10.291589975357056,134.0,188.0,SF,1.0,1.0,0.0,ShAdDafrF,18.0,1078.0,17.0,1056.0,DNS
1720728094.422902,CxDoJV2S20CiDYkKIb,192.168.1.4,55273.0,192.168.1.1,53.0,udp,0.001244783401489,60.0,120.0,SF,1.0,1.0,0.0,Dd,1.0,88.0,1.0,148.0,DNS
1720729765.805698,CwlI4Y3gW5EAI6xYJ,192.168.1.6,59060.0,192.168.1.4,21.0,tcp,9.965049028396606,116.0,188.0,SF,1.0,1.0,0.0,ShAdDafrF,18.0,1060.0,17.0,1056.0,FTP
1720729308.648711,ChTcye1s6UKz1kY6a4,192.168.1.6,43824.0,192.168.1.4,21.0,tcp,9.083940029144289,131.0,188.0,SF,1.0,1.0,0.0,ShAdDafrF,18.0,1075.0,17.0,1056.0,FTP
1720731445.467929,Cckx0P2YOY7C2V4mfg,192.168.1.6,58876.0,192.168.1.4,21.0,tcp,10.873507022857666,154.0,188.0,SF,1.0,1.0,0.0,ShAdDafrF,18.0,1098.0,17.0,1056.0,FTP
1720730007.837896,CTeQDc1QJE7GPrwP4k,192.168.1.6,41224.0,192.168.1.4,21.0,tcp,10.91103482246399,149.0,188.0,SF,1.0,1.0,0.0,ShAdDafrF,18.0,1093.0,17.0,1056.0,FTP
1720730683.4512,CNfGdC24a7Oeut6YJe,192.168.1.6,33096.0,192.168.1.4,21.0,tcp,9.434688091278076,127.0,188.0,SF,1.0,1.0,0.0,ShAdDafrF,18.0,1071.0,17.0,1056.0,FTP
1720731431.980611,C8Vwtc4Wp1CzLyilo6,192.168.1.6,35468.0,192.168.1.4,21.0,tcp,10.219475030899048,134.0,188.0,SF,1.0,1.0,0.0,ShAdDafFr,18.0,1078.0,17.0,1056.0,FTP
1720729971.783598,C4kIdq3GAMURuS8906,192.168.1.6,36240.0,192.168.1.4,21.0,tcp,10.416553020477297,139.0,188.0,SF,1.0,1.0,0.0,ShAdDafFr,18.0,1083.0,17.0,1056.0,FTP
1720728807.867896,CNJFWA3lAdhVUq22M4,192.168.1.6,37408.0,192.168.1.4,21.0,tcp,10.540060997009276,138.0,188.0,SF,1.0,1.0,0.0,ShAdDafrF,18.0,1082.0,17.0,1056.0,FTP
1720728095.261032,CjsrM51MAaOzhHNsbh,192.168.1.4,37297.0,192.168.1.1,53.0,udp,0.015038013458251,54.0,485.0,SF,1.0,1.0,0.0,Dd,1.0,82.0,1.0,513.0,DNS
1720728211.827047,C2d47SU7G1YrWHo1i,192.168.1.4,54826.0,13.107.6.158,443.0,tcp,6.038559913635254,3029.0,9187.0,SF,1.0,0.0,0.0,ShADadFf,15.0,3649.0,21.0,10039.0,HTTPS
1720729432.491433,CRC1qKo6Uf0JL4mmh,192.168.1.4,36292.0,91.189.91.83,80.0,tcp,6.038559913635254,3029.0,9187.0,SF,1.0,0.0,0.0,ShADadFf,15.0,3649.0,21.0,10039.0,HTTP
1720731693.723099,CYcTPy1Ic0zMNzlAKd,192.168.1.6,35516.0,192.168.1.4,21.0,tcp,10.284519910812378,181.0,188.0,SF,1.0,1.0,0.0,ShAdDafrF,18.0,1125.0,17.0,1056.0,FTP
1720727915.213653,CfAuXumgQQTX00BQ,192.168.1.4,58114.0,34.241.248.46,443.0,tcp,10.284519910812378,181.0,188.0,SF,1.0,1.0,0.0,ShAdDafrF,18.0,1125.0,17.0,1056.0,HTTPS
1720730074.262845,CTENOfR3emenA4uWi,192.168.1.6,40140.0,192.168.1.4,21.0,tcp,10.074667930603027,129.0,188.0,SF,1.0,1.0,0.0,ShAdDafrF,18.0,1073.0,17.0,1056.0,FTP
1720730168.998589,Cc3EWx4nkUti1lOACf,192.168.1.6,34492.0,192.168.1.4,21.0,tcp,10.888932943344116,119.0,188.0,SF,1.0,1.0,0.0,ShAdDafrF,18.0,1063.0,17.0,1056.0,FTP
1720730626.881086,CVyB201e3uQICEaEne,192.168.1.6,45092.0,192.168.1.4,21.0,tcp,10.70359182357788,130.0,188.0,SF,1.0,1.0,0.0,ShAdDafrF,18.0,1074.0,17.0,1056.0,FTP
1720727765.871313,CgH3NF1rLXbEpm0LHe,192.168.1.4,58009.0,192.168.1.1,53.0,udp,10.70359182357788,130.0,188.0,SF,1.0,1.0,0.0,ShAdDafrF,18.0,1074.0,17.0,1056.0,DNS
1720730486.312529,CLumWQ3HsAfGZKiW39,192.168.1.6,48680.0,192.168.1.4,21.0,tcp,9.295681953430176,129.0,188.0,SF,1.0,1.0,0.0,ShAdDafrF,18.0,1073.0,17.0,1056.0,FTP
1720727884.49812,CF3xAR2ZSWpRj7tA03,192.168.1.4,41671.0,192.168.1.1,53.0,udp,9.295681953430176,129.0,188.0,SF,1.0,1.0,0.0,ShAdDafrF,18.0,1073.0,17.0,1056.0,DNS
1720729278.173716,CuyXo8uV5ojms0my2,192.168.1.6,60056.0,192.168.1.4,21.0,tcp,10.395159006118774,122.0,188.0,SF,1.0,1.0,0.0,ShAdDafrF,18.0,1066.0,17.0,1056.0,FTP
1720731287.197372,CGVVSm3I8w4L0pQMk1,192.168.1.6,50148.0,192.168.1.4,21.0,tcp,10.996426105499268,190.0,188.0,SF,1.0,1.0,0.0,ShAdDafrF,18.0,1134.0,17.0,1056.0,FTP
1720728190.308553,CnVTqr2uo79uiKYXN,192.168.1.4,37125.0,192.168.1.1,53.0,udp,10.996426105499268,190.0,188.0,SF,1.0,1.0,0.0,ShAdDafrF,18.0,1134.0,17.0,1056.0,DNS
1720729253.147937,CdFwyt3wpP7SnRxGW1,192.168.1.6,54440.0,192.168.1.4,21.0,tcp,9.821760892868042,122.0,188.0,SF,1.0,1.0,0.0,ShAdDafrF,18.0,1066.0,17.0,1056.0,FTP
1720730266.806692,CcFZcW14VRGztfbeF2,192.168.1.6,45348.0,192.168.1.4,21.0,tcp,10.71444606781006,120.0,188.0,SF,1.0,1.0,0.0,ShAdDafrF,18.0,1064.0,17.0,1056.0,FTP
1720728094.420578,CFXYZH37EIK4xsRk49,192.168.1.4,54671.0,192.168.1.1,53.0,udp,10.71444606781006,120.0,188.0,SF,1.0,1.0,0.0,ShAdDafrF,18.0,1064.0,17.0,1056.0,DNS
1720728289.604939,CR0Rh01qPn2M1Vvff8,192.168.1.6,43548.0,192.168.1.4,21.0,tcp,10.216424942016602,118.0,188.0,SF,1.0,1.0,0.0,ShAdDafrF,18.0,1062.0,17.0,1056.0,FTP
1720729447.20731,CrBOyS2120L5MdiGK1,192.168.1.6,55584.0,192.168.1.4,21.0,tcp,10.181929111480711,131.0,188.0,SF,1.0,1.0,0.0,ShAdDafFr,18.0,1075.0,17.0,1056.0,FTP
1720729746.656667,CuMGZshge8fXpEKR8,192.168.1.6,60716.0,192.168.1.4,21.0,tcp,9.486162900924684,114.0,188.0,SF,1.0,1.0,0.0,ShAdDafrF,18.0,1058.0,17.0,1056.0,FTP
1720728275.020071,CHa3Vh4tBkgAp4grb3,192.168.1.4,33508.0,192.168.1.1,53.0,udp,0.016397953033447,54.0,227.0,SF,1.0,1.0,0.0,Dd,1.0,82.0,1.0,255.0,DNS
1720728464.853249,Cksrly3dBQV5KZZWp1,192.168.1.6,40938.0,192.168.1.4,21.0,tcp,9.309238910675049,118.0,188.0,SF,1.0,1.0,0.0,ShAdDafrF,18.0,1062.0,17.0,1056.0,FTP
1720731381.808851,CSQsOT1480jAZv5KYk,192.168.1.6,46296.0,192.168.1.4,21.0,tcp,9.312685012817385,159.0,188.0,SF,1.0,1.0,0.0,ShAdDafFr,18.0,1103.0,17.0,1056.0,FTP
1720729523.778805,CeXvnr4mADGDHfQGV3,192.168.1.6,56862.0,192.168.1.4,21.0,tcp,10.759294033050535,123.0,188.0,SF,1.0,1.0,0.0,ShAdDafFr,18.0,1067.0,17.0,1056.0,FTP
1720728186.512452,CWvC5j3WZ8OBeCVyf9,192.168.1.4,44196.0,192.168.1.1,53.0,udp,10.759294033050535,123.0,188.0,SF,1.0,1.0,0.0,ShAdDafFr,18.0,1067.0,17.0,1056.0,DNS
1720728433.236071,CWSnx910aqN2cWozef,192.168.1.4,51840.0,91.189.91.97,80.0,tcp,0.041323900222778,88.0,185.0,SF,1.0,0.0,0.0,ShADdfFa,5.0,356.0,4.0,401.0,HTTP
1720728576.121105,CvmzOlRzsUMgzsLfb,192.168.1.6,47582.0,192.168.1.4,21.0,tcp,9.645087957382202,116.0,188.0,SF,1.0,1.0,0.0,ShAdDafrF,18.0,1060.0,17.0,1056.0,FTP
1720731484.524143,C0mhi23i5x43ccacP7,192.168.1.6,60704.0,192.168.1.4,21.0,tcp,9.612077951431274,168.0,188.0,SF,1.0,1.0,0.0,ShAdDafrF,18.0,1112.0,17.0,1056.0,FTP
1720728665.289399,CCY55J3Ox0W00b15ug,192.168.1.6,34238.0,192.168.1.4,21.0,tcp,9.935290098190308,130.0,188.0,SF,1.0,1.0,0.0,ShAdDafrF,18.0,1074.0,17.0,1056.0,FTP
1720731247.120794,Cmmd2F2fDZYCWjYIgj,192.168.1.6,36352.0,192.168.1.4,21.0,tcp,10.32148003578186,154.0,188.0,SF,1.0,1.0,0.0,ShAdDafFr,18.0,1098.0,17.0,1056.0,FTP
1720727854.232063,CB0Q9R1wbIGkSPv9kd,192.168.1.4,46884.0,13.225.63.31,443.0,tcp,60.20750784873962,1791.0,6206.0,SF,1.0,0.0,0.0,ShADadFf,11.0,2371.0,11.0,6786.0,HTTPS
1720727792.329359,CgmSxD3plzTsel3hL,192.168.1.6,45802.0,192.168.1.4,21.0,tcp,9.449722051620483,118.0,188.0,SF,1.0,1.0,0.0,ShAdDafFr,18.0,1062.0,17.0,1056.0,FTP
1720728096.385585,CJhy2z1aOYKtxIEGJf,192.168.1.4,53770.0,142.250.81.238,443.0,tcp,60.9400839805603,1831.0,8756.0,SF,1.0,0.0,0.0,ShADadFf,13.0,2515.0,11.0,9336.0,HTTPS
1720730992.306292,C8S7Mk2pEsutXPBKxl,192.168.1.6,55760.0,192.168.1.4,21.0,tcp,10.63774299621582,135.0,188.0,SF,1.0,1.0,0.0,ShAdDafrF,18.0,1079.0,17.0,1056.0,FTP
1720727765.783357,CNSJAJ26kMbnHgutPd,192.168.1.4,42061.0,192.168.1.1,53.0,udp,0.02602219581604,49.0,109.0,SF,1.0,1.0,0.0,Dd,1.0,77.0,1.0,137.0,DNS
1720727833.23367,CIPA6r3pUZeEKQD6j3,192.168.1.4,57987.0,192.168.1.1,53.0,udp,0.000675916671752,58.0,250.0,SF,1.0,1.0,0.0,Dd,1.0,86.0,1.0,278.0,DNS
1720730319.167143,C15w682IIbuOvIweO9,192.168.1.6,39170.0,192.168.1.4,21.0,tcp,9.854031801223757,128.0,188.0,SF,1.0,1.0,0.0,ShAdDafrF,18.0,1072.0,17.0,1056.0,FTP
1720728245.082349,Coox3C3M1eODBo3Hd1,192.168.1.4,58048.0,104.104.72.162,443.0,tcp,106.36516284942628,3497.0,6233675.0,SF,1.0,0.0,2353275.0,ShADadtggtTtgFRf,507.0,34639.0,1226.0,6297579.0,HTTPS
1720728096.083581,Cm5cCu1Fk1WF8QL1m5,192.168.1.4,36235.0,192.168.1.1,53.0,udp,106.36516284942628,3497.0,6233675.0,SF,1.0,0.0,2353275.0,ShADadtggtTtgFRf,507.0,34639.0,1226.0,6297579.0,DNS
1720728155.371775,CsP3U13OjR2igHJbc6,192.168.1.4,36008.0,68.232.33.14,443.0,udp,106.36516284942628,3497.0,6233675.0,SF,1.0,0.0,2353275.0,ShADadtggtTtgFRf,507.0,34639.0,1226.0,6297579.0,HTTPS
1720727915.696638,CQ0M6kZ7k6urBYODg,192.168.1.4,40728.0,18.238.4.5,443.0,tcp,0.049952983856201,1819.0,4944.0,SF,1.0,0.0,0.0,ShADadFRfR,10.0,2323.0,9.0,5420.0,HTTPS
1720729386.609046,C82LOn1tAhJn7KDcF,192.168.1.6,36158.0,192.168.1.4,21.0,tcp,9.546133041381836,115.0,188.0,SF,1.0,1.0,0.0,ShAdDafrF,18.0,1059.0,17.0,1056.0,FTP
1720729436.1166,CR93bX3LScrRnCrv0c,192.168.1.4,44074.0,192.168.1.1,53.0,udp,9.546133041381836,115.0,188.0,SF,1.0,1.0,0.0,ShAdDafrF,18.0,1059.0,17.0,1056.0,DNS
1720727915.231163,CQ1RuhaP7MzMpUiAl,192.168.1.4,53130.0,192.168.1.1,53.0,udp,9.546133041381836,115.0,188.0,SF,1.0,1.0,0.0,ShAdDafrF,18.0,1059.0,17.0,1056.0,DNS
1720728872.235025,CuGRFxlC39m5aRr69,192.168.1.6,52452.0,192.168.1.4,21.0,tcp,9.572880029678345,149.0,188.0,SF,1.0,1.0,0.0,ShAdDafrF,18.0,1093.0,17.0,1056.0,FTP
1720731355.816667,CN1om01ebzhV6Thcf9,192.168.1.6,35704.0,192.168.1.4,21.0,tcp,11.20494794845581,166.0,188.0,SF,1.0,1.0,0.0,ShAdDafFr,18.0,1110.0,17.0,1056.0,FTP
1720727763.987279,CkI5hQ2FO6IalmNAl1,192.168.1.4,34193.0,192.168.1.1,53.0,udp,0.003545999526977,41.0,375.0,SF,1.0,1.0,0.0,Dd,1.0,69.0,1.0,403.0,DNS
1720731871.593229,CaxIKH3HHBEK4F63s9,192.168.1.6,58134.0,192.168.1.4,21.0,tcp,9.793792963027954,126.0,188.0,SF,1.0,1.0,0.0,ShAdDafrF,18.0,1070.0,17.0,1056.0,FTP
1720728190.344878,CyRswM13t6L1r9V2wd,192.168.1.4,43430.0,20.114.189.135,443.0,tcp,9.793792963027954,126.0,188.0,SF,1.0,1.0,0.0,ShAdDafrF,18.0,1070.0,17.0,1056.0,HTTPS
1720729769.33864,CQnHExxpy6726DV9f,192.168.1.6,59098.0,192.168.1.4,21.0,tcp,10.283500909805298,126.0,188.0,SF,1.0,1.0,0.0,ShAdDafFr,18.0,1070.0,17.0,1056.0,FTP
1720729959.912932,CM8dv51qJWgC7T5gui,192.168.1.6,48520.0,192.168.1.4,21.0,tcp,9.665069103240969,121.0,188.0,SF,1.0,1.0,0.0,ShAdDafrF,18.0,1065.0,17.0,1056.0,FTP
1720731593.502803,CcxVZt44zylGJ3KfQc,192.168.1.6,60848.0,192.168.1.4,21.0,tcp,9.81225085258484,144.0,188.0,SF,1.0,1.0,0.0,ShAdDafrF,18.0,1088.0,17.0,1056.0,FTP
1720728094.422902,CxDoJV2S20CiDYkKIb,192.168.1.4,55273.0,192.168.1.1,53.0,udp,9.81225085258484,144.0,188.0,SF,1.0,1.0,0.0,ShAdDafrF,18.0,1088.0,17.0,1056.0,DNS
1720729586.236724,CihQjTKBjWlZUENbg,192.168.1.6,52476.0,192.168.1.4,21.0,tcp,9.76400113105774,112.0,188.0,SF,1.0,1.0,0.0,ShAdDafFr,18.0,1056.0,17.0,1056.0,FTP
1720729681.197346,CYg0cv3TjlwzuKKiB9,192.168.1.6,54738.0,192.168.1.4,21.0,tcp,9.90169596672058,143.0,188.0,SF,1.0,1.0,0.0,ShAdDafrF,18.0,1087.0,17.0,1056.0,FTP
1720729400.16872,C4HMfk2jzGATjQBOs3,192.168.1.6,49178.0,192.168.1.4,21.0,tcp,10.508048057556152,126.0,188.0,SF,1.0,1.0,0.0,ShAdDafrF,18.0,1070.0,17.0,1056.0,FTP
1720727763.907643,CRiDhHZA0s3p1493g,192.168.1.4,53396.0,13.107.21.237,443.0,tcp,123.60179591178894,6874.0,11195.0,RSTR,1.0,0.0,0.0,ShADadr,17.0,7574.0,24.0,12167.0,HTTPS
1720728031.872245,CxmTHO180lPutmf3A4,192.168.1.6,43236.0,192.168.1.4,21.0,tcp,10.425631999969482,118.0,188.0,SF,1.0,1.0,0.0,ShAdDafFr,18.0,1062.0,17.0,1056.0,FTP
1720729213.198135,CFjVKNm8P0cZZ5hPl,192.168.1.6,40148.0,192.168.1.4,21.0,tcp,9.82268500328064,121.0,188.0,SF,1.0,1.0,0.0,ShAdDafrF,18.0,1065.0,17.0,1056.0,FTP
1720728034.87831,CKFOpK3zA4AYy6VOSj,192.168.1.4,51559.0,192.168.1.1,53.0,udp,9.82268500328064,121.0,188.0,SF,1.0,1.0,0.0,ShAdDafrF,18.0,1065.0,17.0,1056.0,DNS
1720727914.003744,CToBWH2wY29cWFSl6f,192.168.1.4,37489.0,192.168.1.1,53.0,udp,0.189764022827148,45.0,318.0,SF,1.0,1.0,0.0,Dd,1.0,73.0,1.0,346.0,DNS
1720730720.40032,CADeE348R6E8TsBj27,192.168.1.6,43964.0,192.168.1.4,21.0,tcp,9.340478897094728,119.0,188.0,SF,1.0,1.0,0.0,ShAdDafrF,18.0,1063.0,17.0,1056.0,FTP
1720729243.633144,CeEz6Z2L5hqQv9t0G3,192.168.1.6,43910.0,192.168.1.4,21.0,tcp,9.514684200286863,120.0,188.0,SF,1.0,1.0,0.0,ShAdDafrF,18.0,1064.0,17.0,1056.0,FTP
1720728034.669578,CjoZCx1mNmasCA4Vj2,192.168.1.4,42976.0,104.96.220.114,443.0,tcp,0.060568809509277,1837.0,5586.0,SF,1.0,0.0,0.0,ShADadFRf,12.0,2421.0,10.0,6114.0,HTTPS
1720728066.308257,CIjiLA30rE1ylA6x31,192.168.1.4,40206.0,20.114.189.135,443.0,tcp,18.9990668296814,2859.0,5889.0,RSTO,1.0,0.0,0.0,ShADadfR,12.0,3503.0,11.0,6469.0,HTTPS
1720728533.911661,CVkqPp2Hbr2OcUf3eg,192.168.1.6,36530.0,192.168.1.4,21.0,tcp,9.694173097610474,118.0,188.0,SF,1.0,1.0,0.0,ShAdDafrF,18.0,1062.0,17.0,1056.0,FTP
1720728646.140271,CzPDBM1O88KXfMAzvb,192.168.1.6,35478.0,192.168.1.4,21.0,tcp,10.309648990631104,130.0,188.0,SF,1.0,1.0,0.0,ShAdDafrF,18.0,1074.0,17.0,1056.0,FTP
1720730337.629614,C43Wgq4ucLeJWtlxw2,192.168.1.6,35430.0,192.168.1.4,21.0,tcp,10.83189582824707,124.0,188.0,SF,1.0,1.0,0.0,ShAdDafrF,18.0,1068.0,17.0,1056.0,FTP
1720727915.392321,CYhkaDp7pQFEU3vF5,192.168.1.4,33950.0,192.168.1.1,53.0,udp,0.001230955123901,57.0,119.0,SF,1.0,1.0,0.0,Dd,1.0,85.0,1.0,147.0,DNS
1720729020.945421,CQljly4aHx1v1xwcFd,192.168.1.6,55764.0,192.168.1.4,21.0,tcp,9.925995111465454,111.0,188.0,SF,1.0,1.0,0.0,ShAdDafrF,18.0,1055.0,17.0,1056.0,FTP
1720729302.703721,CLwLuU1Ntn1m3VdRT9,192.168.1.6,45776.0,192.168.1.4,21.0,tcp,8.958632946014404,144.0,188.0,SF,1.0,1.0,0.0,ShAdDafrF,18.0,1088.0,17.0,1056.0,FTP
1720728666.619322,C5yHZp3FkCBKmQW1Ya,192.168.1.6,34290.0,192.168.1.4,21.0,tcp,10.824251890182495,139.0,188.0,SF,1.0,1.0,0.0,ShAdDafFr,18.0,1083.0,17.0,1056.0,FTP
1720728120.230825,CbUBu336kJUucfNBZ,192.168.1.6,53758.0,192.168.1.4,21.0,tcp,9.869807958602903,118.0,188.0,SF,1.0,1.0,0.0,ShAdDafrF,18.0,1062.0,17.0,1056.0,FTP
1720729357.713339,C0Fgtu1kdRvszF5Rt6,192.168.1.6,48540.0,192.168.1.4,21.0,tcp,10.543087005615234,141.0,188.0,SF,1.0,1.0,0.0,ShAdDafFr,18.0,1085.0,17.0,1056.0,FTP
1720731359.098561,C43L471m3Qostqarq6,192.168.1.6,35712.0,192.168.1.4,21.0,tcp,10.311961889266968,164.0,188.0,SF,1.0,1.0,0.0,ShAdDafrF,18.0,1108.0,17.0,1056.0,FTP
1720729975.751223,CjjAJM2ZxNzlxFwPh,192.168.1.6,38288.0,192.168.1.4,21.0,tcp,9.57532787322998,121.0,188.0,SF,1.0,1.0,0.0,ShAdDafrF,18.0,1065.0,17.0,1056.0,FTP
1720731025.033725,CtUxSp3v0GP1UxARt6,192.168.1.6,43500.0,192.168.1.4,21.0,tcp,10.766455888748167,127.0,188.0,SF,1.0,1.0,0.0,ShAdDafrF,18.0,1071.0,17.0,1056.0,FTP
1720727764.203199,Cwgdt82nmtwdsny2w3,192.168.1.4,53974.0,20.190.152.22,443.0,tcp,60.22571301460266,1914.0,4009.0,RSTR,1.0,0.0,0.0,ShADadFr,10.0,2334.0,8.0,4341.0,HTTPS
1720728155.171969,CcCiIN3jBNAQ2aRNCi,192.168.1.4,50059.0,192.168.1.1,53.0,udp,60.22571301460266,1914.0,4009.0,RSTR,1.0,0.0,0.0,ShADadFr,10.0,2334.0,8.0,4341.0,DNS
1720729305.805648,C3fXhD35JUujGOEOZc,192.168.1.6,43808.0,192.168.1.4,21.0,tcp,9.658231973648071,138.0,188.0,SF,1.0,1.0,0.0,ShAdDafrF,18.0,1082.0,17.0,1056.0,FTP
1720730437.17259,Ctsl1sPto3wekAzW2,192.168.1.6,42696.0,192.168.1.4,21.0,tcp,10.393752098083496,137.0,188.0,SF,1.0,1.0,0.0,ShAdDafFr,18.0,1081.0,17.0,1056.0,FTP
1720728124.813263,CMuDi333yzNA6pVWj,192.168.1.4,45664.0,192.168.1.1,53.0,udp,10.393752098083496,137.0,188.0,SF,1.0,1.0,0.0,ShAdDafFr,18.0,1081.0,17.0,1056.0,DNS
1720730544.84687,CS8uWo4RPkoAVtSMma,192.168.1.6,58588.0,192.168.1.4,21.0,tcp,10.733294010162354,122.0,188.0,SF,1.0,1.0,0.0,ShAdDafrF,18.0,1066.0,17.0,1056.0,FTP
1720728615.010987,CfDrASmu1mXIeSOCh,192.168.1.6,37302.0,192.168.1.4,21.0,tcp,9.409297943115234,123.0,188.0,SF,1.0,1.0,0.0,ShAdDafFr,18.0,1067.0,17.0,1056.0,FTP
1720730576.866116,CjO2d03P61wjOIagB5,192.168.1.6,39520.0,192.168.1.4,21.0,tcp,10.091783046722412,126.0,188.0,SF,1.0,1.0,0.0,ShAdDafrF,18.0,1070.0,17.0,1056.0,FTP
1720730265.255893,CGSlZ49SuiTlZZ7X7,192.168.1.6,45312.0,192.168.1.4,21.0,tcp,11.017247915267944,122.0,188.0,SF,1.0,1.0,0.0,ShAdDafFr,18.0,1066.0,17.0,1056.0,FTP
1720728125.056999,CTuxSGxel8hIIiVjb,192.168.1.4,46786.0,192.168.1.1,53.0,udp,0.0330810546875,49.0,229.0,SF,1.0,1.0,0.0,Dd,1.0,77.0,1.0,257.0,DNS
1720729714.855223,CYWuhT1FvTYJZrnZv9,192.168.1.6,56504.0,192.168.1.4,21.0,tcp,9.776823043823242,117.0,188.0,SF,1.0,1.0,0.0,ShAdDafrF,18.0,1061.0,17.0,1056.0,FTP
1720731902.17726,CRz7zT3CrdMTF22bRa,192.168.1.6,37106.0,192.168.1.4,21.0,tcp,9.478026151657104,150.0,188.0,SF,1.0,1.0,0.0,ShAdDafrF,18.0,1094.0,17.0,1056.0,FTP
1720727915.74464,CsFou92yA9kYsoA5L4,192.168.1.4,33527.0,192.168.1.1,53.0,udp,0.022995948791503,63.0,325.0,SF,1.0,1.0,0.0,Dd,1.0,91.0,1.0,353.0,DNS
1720728100.883395,CksMds3gmNPj0kK5p,192.168.1.6,39988.0,192.168.1.4,21.0,tcp,10.049813032150269,118.0,188.0,SF,1.0,1.0,0.0,ShAdDafrF,18.0,1062.0,17.0,1056.0,FTP
1720728792.243377,C5c9Fg2swdpTxldLgd,192.168.1.6,34024.0,192.168.1.4,21.0,tcp,10.568197965621948,121.0,188.0,SF,1.0,1.0,0.0,ShAdDafrF,18.0,1065.0,17.0,1056.0,FTP
1720731329.364471,CpVJSw4WGmNLNbsG5h,192.168.1.6,35318.0,192.168.1.4,21.0,tcp,9.635792970657349,148.0,188.0,SF,1.0,1.0,0.0,ShAdDafrF,18.0,1092.0,17.0,1056.0,FTP
1720728245.070558,Cmoa5D1QI5MDVEQ2Ha,192.168.1.4,44177.0,192.168.1.1,53.0,udp,0.053449869155883,59.0,361.0,SF,1.0,1.0,0.0,Dd,1.0,87.0,1.0,389.0,DNS
1720730446.006382,C6wpzO1qETbql53vsf,192.168.1.6,44142.0,192.168.1.4,21.0,tcp,10.295094013214111,125.0,188.0,SF,1.0,1.0,0.0,ShAdDafFr,18.0,1069.0,17.0,1056.0,FTP
1720729435.129425,CiUwUu3lErU33PZyrg,192.168.1.6,51810.0,192.168.1.4,21.0,tcp,10.228020906448364,122.0,188.0,SF,1.0,1.0,0.0,ShAdDafFr,18.0,1066.0,17.0,1056.0,FTP
1720729410.70175,COGLs63Tv8l6ZEAGbd,192.168.1.6,36868.0,192.168.1.4,21.0,tcp,9.6074378490448,119.0,188.0,SF,1.0,1.0,0.0,ShAdDafrF,18.0,1063.0,17.0,1056.0,FTP
1720731076.879067,CcdfWMug4tD7zheI1,192.168.1.6,56930.0,192.168.1.4,21.0,tcp,10.83451008796692,121.0,188.0,SF,1.0,1.0,0.0,ShAdDafFr,18.0,1065.0,17.0,1056.0,FTP
1720728064.597109,CLKwXC4j1GfdXumgFl,192.168.1.4,57532.0,142.250.65.163,443.0,tcp,10.83451008796692,121.0,188.0,SF,1.0,1.0,0.0,ShAdDafFr,18.0,1065.0,17.0,1056.0,HTTPS
1720730329.71659,CoJ7T03JDumD3e2pLl,192.168.1.6,57496.0,192.168.1.4,21.0,tcp,9.790768146514893,126.0,188.0,SF,1.0,1.0,0.0,ShAdDafrF,18.0,1070.0,17.0,1056.0,FTP
1720730922.068803,CPljpnAt00hxgoC5e,192.168.1.6,34730.0,192.168.1.4,21.0,tcp,11.01784896850586,156.0,188.0,SF,1.0,1.0,0.0,ShAdDafrF,18.0,1100.0,17.0,1056.0,FTP
1720727914.010173,CxgNi03dT3nEeqcRQd,192.168.1.4,56180.0,192.168.1.1,53.0,udp,11.01784896850586,156.0,188.0,SF,1.0,1.0,0.0,ShAdDafrF,18.0,1100.0,17.0,1056.0,DNS
1720728096.289653,CJUgK2dKCOY1mwYuj,192.168.1.4,43436.0,192.168.1.1,53.0,udp,11.01784896850586,156.0,188.0,SF,1.0,1.0,0.0,ShAdDafrF,18.0,1100.0,17.0,1056.0,DNS
1720728125.250969,Cxrh3w11Gu7BiFGPv1,192.168.1.4,47446.0,192.168.1.1,53.0,udp,0.00332498550415,53.0,103.0,SF,1.0,1.0,0.0,Dd,1.0,81.0,1.0,131.0,DNS
1720731787.843532,CtOasjxjO4W6eEVR,192.168.1.6,55064.0,192.168.1.4,21.0,tcp,10.68598484992981,159.0,188.0,SF,1.0,1.0,0.0,ShAdDafrF,18.0,1103.0,17.0,1056.0,FTP
1720730566.158972,CCROyT12aom7BEvxu7,192.168.1.6,33650.0,192.168.1.4,21.0,tcp,10.70698094367981,131.0,188.0,SF,1.0,1.0,0.0,ShAdDafrF,18.0,1075.0,17.0,1056.0,FTP
1720727906.051632,CZWZUwisKbW4ZD0Hb,192.168.1.6,47664.0,192.168.1.4,21.0,tcp,9.873300075531006,117.0,188.0,SF,1.0,1.0,0.0,ShAdDafFr,18.0,1061.0,17.0,1056.0,FTP
1720730951.070242,CPFUEW1ZJWHhIF506c,192.168.1.6,56882.0,192.168.1.4,21.0,tcp,10.267537117004396,144.0,188.0,SF,1.0,1.0,0.0,ShAdDafFr,18.0,1088.0,17.0,1056.0,FTP
1720727915.559303,Ca2i1V3imbgdq7IgOl,192.168.1.4,51022.0,13.224.214.76,443.0,tcp,10.267537117004396,144.0,188.0,SF,1.0,1.0,0.0,ShAdDafFr,18.0,1088.0,17.0,1056.0,HTTPS
1720730139.117385,C348q91tPDelOblc35,192.168.1.6,57518.0,192.168.1.4,21.0,tcp,10.05011820793152,126.0,188.0,SF,1.0,1.0,0.0,ShAdDafrF,18.0,1070.0,17.0,1056.0,FTP
1720731360.119584,C1oPVr3HrpiKFSwkO5,192.168.1.6,35810.0,192.168.1.4,21.0,tcp,10.86084794998169,165.0,188.0,SF,1.0,1.0,0.0,ShAdDafFr,18.0,1109.0,17.0,1056.0,FTP
1720731484.466598,CJr3jY1uaxG3wnZvNe,192.168.1.6,60690.0,192.168.1.4,21.0,tcp,9.583611011505129,173.0,188.0,SF,1.0,1.0,0.0,ShAdDafrF,18.0,1117.0,17.0,1056.0,FTP
1720728219.960652,CvoOtO3hBHCPdK0lOb,192.168.1.4,46115.0,192.168.1.1,53.0,udp,9.583611011505129,173.0,188.0,SF,1.0,1.0,0.0,ShAdDafrF,18.0,1117.0,17.0,1056.0,DNS
1720729684.147449,CnuNi2gfmdMrAPyld,192.168.1.6,55990.0,192.168.1.4,21.0,tcp,9.937136888504028,118.0,188.0,SF,1.0,1.0,0.0,ShAdDafrF,18.0,1062.0,17.0,1056.0,FTP
1720727914.994204,CWjS7J1lxfpZeCNEN1,192.168.1.4,47296.0,13.224.214.12,443.0,tcp,240.18640995025635,2541.0,6042.0,RSTO,1.0,0.0,0.0,ShADadfR,18.0,3485.0,17.0,6934.0,HTTPS
1720727815.762801,CjTOhsIpGhlI5I49i,192.168.1.6,44900.0,192.168.1.4,21.0,tcp,9.66308617591858,118.0,188.0,SF,1.0,1.0,0.0,ShAdDafFr,18.0,1062.0,17.0,1056.0,FTP
1720728306.208627,CLCOC63EyEDA46ECW5,192.168.1.4,39791.0,192.168.1.1,53.0,udp,9.66308617591858,118.0,188.0,SF,1.0,1.0,0.0,ShAdDafFr,18.0,1062.0,17.0,1056.0,DNS
1720727865.859444,C8PTMpm4KGX6uK9vc,192.168.1.6,47830.0,192.168.1.4,21.0,tcp,10.38158106803894,117.0,188.0,SF,1.0,1.0,0.0,ShAdDafrF,18.0,1061.0,17.0,1056.0,FTP
1720727825.172788,Cm07dE3Ay7nsYAF3Z,192.168.1.4,59776.0,192.168.1.1,53.0,udp,10.38158106803894,117.0,188.0,SF,1.0,1.0,0.0,ShAdDafrF,18.0,1061.0,17.0,1056.0,DNS
1720729868.849736,CL8syF4CRvnA9KyCQa,192.168.1.6,51898.0,192.168.1.4,21.0,tcp,11.338663101196287,128.0,188.0,SF,1.0,1.0,0.0,ShAdDafrF,18.0,1072.0,17.0,1056.0,FTP
1720729699.730661,C0unfU37vDIre3B6Cb,192.168.1.6,36698.0,192.168.1.4,21.0,tcp,9.2397141456604,136.0,188.0,SF,1.0,1.0,0.0,ShAdDafFr,18.0,1080.0,17.0,1056.0,FTP
1720729652.231949,CDEUfl1DeJnPB6hjf5,192.168.1.6,46168.0,192.168.1.4,21.0,tcp,9.15329885482788,135.0,188.0,SF,1.0,1.0,0.0,ShAdDafFr,18.0,1079.0,17.0,1056.0,FTP
1720728907.820737,CGHeJd2X116aGOILu,192.168.1.6,43498.0,192.168.1.4,21.0,tcp,10.203936100006104,178.0,188.0,SF,1.0,1.0,0.0,ShAdDafrF,18.0,1122.0,17.0,1056.0,FTP
1720731412.903625,CFIKX9uVB0CdhksGh,192.168.1.6,47760.0,192.168.1.4,21.0,tcp,10.23084807395935,136.0,188.0,SF,1.0,1.0,0.0,ShAdDafrF,18.0,1080.0,17.0,1056.0,FTP
1720731172.964165,ChLELu3gK7cA1olUK7,192.168.1.6,44562.0,192.168.1.4,21.0,tcp,9.905587911605837,120.0,188.0,SF,1.0,1.0,0.0,ShAdDafrF,18.0,1064.0,17.0,1056.0,FTP
1720730787.926636,C4Fcvg2dcDMZWDQ7L8,192.168.1.6,45412.0,192.168.1.4,21.0,tcp,9.677223920822144,127.0,188.0,SF,1.0,1.0,0.0,ShAdDafrF,18.0,1071.0,17.0,1056.0,FTP
1720729050.666528,CozC2e4oN7OTHBUKPl,192.168.1.6,56028.0,192.168.1.4,21.0,tcp,10.775017023086548,129.0,188.0,SF,1.0,1.0,0.0,ShAdDafrF,18.0,1073.0,17.0,1056.0,FTP
1720729014.108719,CgPHAMS1HmIpNT4n1,192.168.1.6,55670.0,192.168.1.4,21.0,tcp,10.331726789474487,109.0,188.0,SF,1.0,1.0,0.0,ShAdDafrF,18.0,1053.0,17.0,1056.0,FTP
1720728411.047681,CCh1Dg4K7LVLUXIwP,192.168.1.4,33604.0,192.168.1.1,53.0,udp,0.000499963760375,47.0,47.0,SF,1.0,1.0,0.0,Dd,1.0,75.0,1.0,75.0,DNS
1720731087.789634,CKsnYa2TZ0RYP6tIHe,192.168.1.6,51604.0,192.168.1.4,21.0,tcp,9.912929058074951,122.0,188.0,SF,1.0,1.0,0.0,ShAdDafrF,18.0,1066.0,17.0,1056.0,FTP
1720731177.7483,CrJoXk4gFptkfgDQG2,192.168.1.6,44628.0,192.168.1.4,21.0,tcp,9.969734907150269,112.0,188.0,SF,1.0,1.0,0.0,ShAdDafrF,18.0,1056.0,17.0,1056.0,FTP
1720731504.408282,CijBs44T1w4Xav9iF9,192.168.1.6,39498.0,192.168.1.4,21.0,tcp,9.22928500175476,145.0,188.0,SF,1.0,1.0,0.0,ShAdDafrF,18.0,1089.0,17.0,1056.0,FTP
1720728533.791065,CpxiZ01m87CzmWO1i6,192.168.1.6,36520.0,192.168.1.4,21.0,tcp,9.70491099357605,117.0,188.0,SF,1.0,1.0,0.0,ShAdDafrF,18.0,1061.0,17.0,1056.0,FTP
1720728095.565562,CruC1f1TVS6VPlyiZ,192.168.1.4,35457.0,192.168.1.1,53.0,udp,9.70491099357605,117.0,188.0,SF,1.0,1.0,0.0,ShAdDafrF,18.0,1061.0,17.0,1056.0,DNS
1720730668.856575,CrWOLDfpndXoKxde2,192.168.1.6,45618.0,192.168.1.4,21.0,tcp,10.33478593826294,123.0,188.0,SF,1.0,1.0,0.0,ShAdDafrF,18.0,1067.0,17.0,1056.0,FTP
1720727884.874103,CCmEhG4pg3brvbHZq7,192.168.1.4,33384.0,104.244.42.131,443.0,tcp,300.4262809753418,2811.0,4385.0,SF,1.0,0.0,0.0,ShADadFRf,21.0,3887.0,18.0,5329.0,HTTPS
1720731242.703329,CAV5Ef1C7EWAk6hQWk,192.168.1.6,35134.0,192.168.1.4,21.0,tcp,9.24780797958374,159.0,188.0,SF,1.0,1.0,0.0,ShAdDafrF,18.0,1103.0,17.0,1056.0,FTP
1720728003.992288,C60ZMc4tZsfDeB8Gk6,192.168.1.4,46330.0,192.168.1.1,53.0,udp,0.068987846374511,40.0,426.0,SF,1.0,1.0,0.0,Dd,1.0,68.0,1.0,454.0,DNS
1720728034.854608,CnaDLy3M6d1hdlEiol,192.168.1.4,44799.0,142.251.32.104,443.0,udp,0.325602054595947,5730.0,108329.0,SF,1.0,0.0,0.0,Dd,49.0,7102.0,93.0,110933.0,HTTPS
1720727765.432158,CaerX81Ybo3xeTswQd,192.168.1.6,53338.0,192.168.1.4,21.0,tcp,9.800079107284546,118.0,188.0,SF,1.0,1.0,0.0,ShAdDafrF,18.0,1062.0,17.0,1056.0,FTP
1720728966.949795,CRrTIO3Nrjni0QXHpj,192.168.1.6,43124.0,192.168.1.4,21.0,tcp,9.708025932312012,149.0,188.0,SF,1.0,1.0,0.0,ShAdDafFr,18.0,1093.0,17.0,1056.0,FTP
1720728406.625691,Cpa1Fj4aJ1y7ycpEyf,192.168.1.6,38508.0,192.168.1.4,21.0,tcp,10.529054164886476,118.0,188.0,SF,1.0,1.0,0.0,ShAdDafFr,18.0,1062.0,17.0,1056.0,FTP
1720728186.199975,CjF94SXlo1vbsA31b,192.168.1.4,38553.0,192.168.1.1,53.0,udp,10.529054164886476,118.0,188.0,SF,1.0,1.0,0.0,ShAdDafFr,18.0,1062.0,17.0,1056.0,DNS
1720727854.28242,CRJtJscBhNc2gvbBj,192.168.1.4,47750.0,18.173.132.75,443.0,udp,10.529054164886476,118.0,188.0,SF,1.0,1.0,0.0,ShAdDafFr,18.0,1062.0,17.0,1056.0,HTTPS
1720727883.620815,Co5xJz2uKltX0Bwzyl,192.168.1.4,53102.0,45.60.73.20,443.0,udp,10.529054164886476,118.0,188.0,SF,1.0,1.0,0.0,ShAdDafFr,18.0,1062.0,17.0,1056.0,HTTPS
1720729472.187156,C1xYS13fZkCCw0eYJg,192.168.1.6,35360.0,192.168.1.4,21.0,tcp,9.823023080825806,118.0,188.0,SF,1.0,1.0,0.0,ShAdDafFr,18.0,1062.0,17.0,1056.0,FTP
1720729527.330649,CtfCUf3ZCjNImKz2y,192.168.1.6,56918.0,192.168.1.4,21.0,tcp,10.803290128707886,114.0,188.0,SF,1.0,1.0,0.0,ShAdDafrF,18.0,1058.0,17.0,1056.0,FTP
1720727916.6386,C7F2uW1fZIjLubEvRb,192.168.1.4,49184.0,13.224.214.45,443.0,tcp,10.803290128707886,114.0,188.0,SF,1.0,1.0,0.0,ShAdDafrF,18.0,1058.0,17.0,1056.0,HTTPS
1720728257.652088,C5J0Mi3VPei1lp0Jbh,192.168.1.6,46740.0,192.168.1.4,21.0,tcp,11.176831007003784,118.0,188.0,SF,1.0,1.0,0.0,ShAdDafFr,18.0,1062.0,17.0,1056.0,FTP
1720727914.060646,CQHOB81rASPWfGFh12,192.168.1.4,59408.0,192.168.1.1,53.0,udp,11.176831007003784,118.0,188.0,SF,1.0,1.0,0.0,ShAdDafFr,18.0,1062.0,17.0,1056.0,DNS
1720729096.19846,Cvi8GB2IhCjlxqSPFl,192.168.1.6,41576.0,192.168.1.4,21.0,tcp,10.779457807540894,118.0,188.0,SF,1.0,1.0,0.0,ShAdDafrF,18.0,1062.0,17.0,1056.0,FTP
1720728062.552747,CTFQ1L2Sf0kzLZ7ad,192.168.1.6,46134.0,192.168.1.4,21.0,tcp,9.11274790763855,118.0,188.0,SF,1.0,1.0,0.0,ShAdDafrF,18.0,1062.0,17.0,1056.0,FTP
1720727974.093621,CVshol2n8WGZLYiqsf,192.168.1.4,38152.0,204.235.147.206,443.0,tcp,9.11274790763855,118.0,188.0,SF,1.0,1.0,0.0,ShAdDafrF,18.0,1062.0,17.0,1056.0,HTTPS
1720727943.859047,CNgsSsn9WkOYaoXEb,192.168.1.6,60158.0,192.168.1.4,21.0,tcp,10.839919090270996,117.0,188.0,SF,1.0,1.0,0.0,ShAdDafFr,18.0,1061.0,17.0,1056.0,FTP
1720728186.232327,C2Oy6u4ytOkHihrtCc,192.168.1.4,38318.0,34.107.165.188,443.0,tcp,10.839919090270996,117.0,188.0,SF,1.0,1.0,0.0,ShAdDafFr,18.0,1061.0,17.0,1056.0,HTTPS
1720729535.530331,ClnFLc286TJ9LnCAAe,192.168.1.6,37676.0,192.168.1.4,21.0,tcp,10.911320209503174,123.0,188.0,SF,1.0,1.0,0.0,ShAdDafFr,18.0,1067.0,17.0,1056.0,FTP
1720728096.467568,CVX4Z32zyPAL2FAiK2,192.168.1.4,59410.0,192.168.1.1,53.0,udp,0.01981496810913,56.0,351.0,SF,1.0,1.0,0.0,Dd,1.0,84.0,1.0,379.0,DNS
1720731402.504195,CSnnPX2LPTTGScOBX6,192.168.1.6,48534.0,192.168.1.4,21.0,tcp,10.480626106262209,173.0,188.0,SF,1.0,1.0,0.0,ShAdDafFr,18.0,1117.0,17.0,1056.0,FTP
1720730749.781397,CUh1M63vUVtCvJ5W79,192.168.1.6,60526.0,192.168.1.4,21.0,tcp,10.017839908599854,138.0,188.0,SF,1.0,1.0,0.0,ShAdDafFr,18.0,1082.0,17.0,1056.0,FTP
1720727884.49812,CF3xAR2ZSWpRj7tA03,192.168.1.4,41671.0,192.168.1.1,53.0,udp,0.00278902053833,42.0,300.0,SF,1.0,1.0,0.0,Dd,1.0,70.0,1.0,328.0,DNS
1720728186.721095,CXm2Hi40bGqfFAWfx4,192.168.1.4,37875.0,192.168.1.1,53.0,udp,0.00278902053833,42.0,300.0,SF,1.0,1.0,0.0,Dd,1.0,70.0,1.0,328.0,DNS
1720727853.387576,C7xAtnWZNXufGCHQ1,192.168.1.4,45024.0,192.168.1.1,53.0,udp,0.114126920700073,46.0,136.0,SF,1.0,1.0,0.0,Dd,1.0,74.0,1.0,164.0,DNS
1720730327.539564,CoAqo746RokjkxPIic,192.168.1.6,57434.0,192.168.1.4,21.0,tcp,10.08987307548523,123.0,188.0,SF,1.0,1.0,0.0,ShAdDafrF,18.0,1067.0,17.0,1056.0,FTP
1720730992.068437,CVUMer376lmQ6AOjyf,192.168.1.6,55700.0,192.168.1.4,21.0,tcp,10.830581903457642,142.0,188.0,SF,1.0,1.0,0.0,ShAdDafrF,18.0,1086.0,17.0,1056.0,FTP
1720731227.408976,COwEGn4CTGPnx85tue,192.168.1.6,48710.0,192.168.1.4,21.0,tcp,9.95363187789917,126.0,188.0,SF,1.0,1.0,0.0,ShAdDafrF,18.0,1070.0,17.0,1056.0,FTP
1720728096.49761,Cm7iFv3odeMFsqiQw3,192.168.1.4,47275.0,142.251.41.10,443.0,udp,0.12502098083496,4546.0,9149.0,SF,1.0,0.0,0.0,Dd,11.0,4854.0,13.0,9513.0,HTTPS
1720730918.164381,CnnLlb1cM7pCOlHTg5,192.168.1.6,34658.0,192.168.1.4,21.0,tcp,11.180301904678345,139.0,188.0,SF,1.0,1.0,0.0,ShAdDafrF,18.0,1083.0,17.0,1056.0,FTP
1720728094.304152,CbWWrG2qJk7YEszmr3,192.168.1.4,57785.0,192.168.1.1,53.0,udp,0.001708030700683,41.0,119.0,SF,1.0,1.0,0.0,Dd,1.0,69.0,1.0,147.0,DNS
1720728086.22919,CoIBH15YcrOxwyDw9,192.168.1.6,35046.0,192.168.1.4,21.0,tcp,10.024637937545776,117.0,188.0,SF,1.0,1.0,0.0,ShAdDafrF,18.0,1061.0,17.0,1056.0,FTP
1720727733.402435,CSzHwW1bI2INhv9zle,192.168.1.4,40432.0,142.251.32.104,443.0,tcp,240.12727999687195,2640.0,7574.0,SF,1.0,0.0,0.0,ShADadFf,22.0,3792.0,24.0,8830.0,HTTPS
1720728096.635349,CXgRiB1KRs2XbyeCL1,192.168.1.4,50480.0,162.247.243.29,443.0,tcp,240.12727999687195,2640.0,7574.0,SF,1.0,0.0,0.0,ShADadFf,22.0,3792.0,24.0,8830.0,HTTPS
1720729642.352208,C4nmxj2zdVMArI47S5,192.168.1.6,47602.0,192.168.1.4,21.0,tcp,9.84893798828125,113.0,188.0,SF,1.0,1.0,0.0,ShAdDafFr,18.0,1057.0,17.0,1056.0,FTP
1720728186.549504,CcqJTg2N5AL2VaGj6l,192.168.1.4,49511.0,142.251.41.6,443.0,udp,22.188654899597168,5120.0,10976.0,SF,1.0,0.0,0.0,Dd,11.0,5428.0,14.0,11368.0,HTTPS
1720731484.476698,CK0TxY3iscyhKbZAFj,192.168.1.6,60700.0,192.168.1.4,21.0,tcp,9.613609075546265,169.0,188.0,SF,1.0,1.0,0.0,ShAdDafrF,18.0,1113.0,17.0,1056.0,FTP
1720728993.251739,CE8hsF1WxoKAi4XTcb,192.168.1.6,51392.0,192.168.1.4,21.0,tcp,10.212347030639648,139.0,188.0,SF,1.0,1.0,0.0,ShAdDafFr,18.0,1083.0,17.0,1056.0,FTP
1720727766.717941,C2Q5X9KlzNkYjwvt8,192.168.1.4,33197.0,192.168.1.1,53.0,udp,10.212347030639648,139.0,188.0,SF,1.0,1.0,0.0,ShAdDafFr,18.0,1083.0,17.0,1056.0,DNS
1720728157.974769,CaNHI44QBz5Z8aqlJ4,192.168.1.6,47738.0,192.168.1.4,21.0,tcp,9.163925886154177,118.0,188.0,SF,1.0,1.0,0.0,ShAdDafrF,18.0,1062.0,17.0,1056.0,FTP
1720731809.905894,Ct8KbZ11PxNvRjtgSj,192.168.1.6,35002.0,192.168.1.4,21.0,tcp,11.215944051742554,168.0,188.0,SF,1.0,1.0,0.0,ShAdDafrF,18.0,1112.0,17.0,1056.0,FTP
1720731276.367584,CdVOfn3lyxNYjIR7tj,192.168.1.6,39894.0,192.168.1.4,21.0,tcp,10.598541021347046,179.0,188.0,SF,1.0,1.0,0.0,ShAdDafrF,18.0,1123.0,17.0,1056.0,FTP
1720730662.965201,CDsLYA1vEbFFc9Qgu6,192.168.1.6,45574.0,192.168.1.4,21.0,tcp,10.443020105361938,128.0,188.0,SF,1.0,1.0,0.0,ShAdDafrF,18.0,1072.0,17.0,1056.0,FTP
1720730081.284068,CSnjiy4rOGuOuJqD2j,192.168.1.6,40224.0,192.168.1.4,21.0,tcp,9.287738800048828,138.0,188.0,SF,1.0,1.0,0.0,ShAdDafrF,18.0,1082.0,17.0,1056.0,FTP
1720728035.305985,C9aMCk1Ch5dF3Dld17,192.168.1.4,40913.0,192.168.1.1,53.0,udp,9.287738800048828,138.0,188.0,SF,1.0,1.0,0.0,ShAdDafrF,18.0,1082.0,17.0,1056.0,DNS
1720728308.757772,CV6K2H24V9f0oDKCXl,192.168.1.6,45684.0,192.168.1.4,21.0,tcp,10.356933116912842,118.0,188.0,SF,1.0,1.0,0.0,ShAdDafrF,18.0,1062.0,17.0,1056.0,FTP
1720728245.064007,CvtEcF31iIBhmT9wig,192.168.1.4,53923.0,192.168.1.1,53.0,udp,0.015905857086181,51.0,190.0,SF,1.0,1.0,0.0,Dd,1.0,79.0,1.0,218.0,DNS
1720728155.084559,CxwIol2GQ1KuKNg2K,192.168.1.4,50364.0,152.199.0.214,443.0,udp,0.015905857086181,51.0,190.0,SF,1.0,1.0,0.0,Dd,1.0,79.0,1.0,218.0,HTTPS
1720727914.328781,CJpbVa4fAB8hWRU0yh,192.168.1.4,55291.0,192.168.1.1,53.0,udp,0.015242099761962,58.0,139.0,SF,1.0,1.0,0.0,Dd,1.0,86.0,1.0,167.0,DNS
1720731860.704672,CmyUfR3XVaQdVAAH84,192.168.1.6,41028.0,192.168.1.4,21.0,tcp,10.259296894073486,110.0,188.0,SF,1.0,1.0,0.0,ShAdDafrF,18.0,1054.0,17.0,1056.0,FTP
1720728884.434321,CHQwFUgrdGjhFWwS6,192.168.1.6,55438.0,192.168.1.4,21.0,tcp,9.126166105270386,133.0,188.0,SF,1.0,1.0,0.0,ShAdDafrF,18.0,1077.0,17.0,1056.0,FTP
1720729708.970521,CiKblk2qrMLGQECsp2,192.168.1.6,47966.0,192.168.1.4,21.0,tcp,9.489980936050417,140.0,188.0,SF,1.0,1.0,0.0,ShAdDafrF,18.0,1084.0,17.0,1056.0,FTP
1720728125.231731,C7UqW33S0wJraI7413,192.168.1.4,43772.0,192.168.1.1,53.0,udp,9.489980936050417,140.0,188.0,SF,1.0,1.0,0.0,ShAdDafrF,18.0,1084.0,17.0,1056.0,DNS
1720728236.820131,Cq5IBP2Re8gJ6qEEYk,192.168.1.6,39174.0,192.168.1.4,21.0,tcp,9.378795862197876,118.0,188.0,SF,1.0,1.0,0.0,ShAdDafrF,18.0,1062.0,17.0,1056.0,FTP
1720731207.260357,CS0Pf34YdGl0ayAqT8,192.168.1.6,58392.0,192.168.1.4,21.0,tcp,9.247141122817991,116.0,188.0,SF,1.0,1.0,0.0,ShAdDafFr,18.0,1060.0,17.0,1056.0,FTP
1720728034.893733,C4nfCL1HvKxXgzeoz,192.168.1.4,48634.0,142.250.81.238,443.0,tcp,173.86312699317932,4025.0,7657.0,SF,1.0,0.0,0.0,ShADadtFf,27.0,5449.0,28.0,9121.0,HTTPS
1720728718.70776,COS7XL1UYnWqwmrfma,192.168.1.6,45222.0,192.168.1.4,21.0,tcp,11.014558792114258,140.0,188.0,SF,1.0,1.0,0.0,ShAdDafrF,18.0,1084.0,17.0,1056.0,FTP
1720729054.210636,C1Yu7YYkRpyNSIKGk,192.168.1.6,59866.0,192.168.1.4,21.0,tcp,10.65034317970276,118.0,188.0,SF,1.0,1.0,0.0,ShAdDafrF,18.0,1062.0,17.0,1056.0,FTP
1720728335.222253,CEyXns1TVkALAHrvTh,192.168.1.4,58948.0,172.64.155.141,443.0,tcp,10.65034317970276,118.0,188.0,SF,1.0,1.0,0.0,IIiiiIhhhHHHhH,18.0,1062.0,17.0,1056.0,HTTPS
1720728245.133287,CTjhkv1oCidjYvFmna,192.168.1.4,45932.0,192.168.1.1,53.0,udp,10.65034317970276,118.0,188.0,SF,1.0,1.0,0.0,IIiiiIhhhHHHhH,18.0,1062.0,17.0,1056.0,DNS
1720731920.729524,CX7mmA4Pf2VTnrXmWe,192.168.1.6,38614.0,192.168.1.4,21.0,tcp,9.969596147537231,165.0,188.0,SF,1.0,1.0,0.0,ShAdDafFr,18.0,1109.0,17.0,1056.0,FTP
1720727915.073258,CT0b031KquMp9dU7zk,192.168.1.4,36067.0,192.168.1.1,53.0,udp,9.969596147537231,165.0,188.0,SF,1.0,1.0,0.0,ShAdDafFr,18.0,1109.0,17.0,1056.0,DNS
1720729831.239353,Cbw1g234mXUZ78lV91,192.168.1.6,34398.0,192.168.1.4,21.0,tcp,10.349557161331177,123.0,188.0,SF,1.0,1.0,0.0,ShAdDafrF,18.0,1067.0,17.0,1056.0,FTP
1720729749.86625,CfwOeQ304eHdLflwa2,192.168.1.6,60782.0,192.168.1.4,21.0,tcp,9.85098385810852,114.0,188.0,SF,1.0,1.0,0.0,ShAdDafrF,18.0,1058.0,17.0,1056.0,FTP
1720728034.392092,Cti3b623BKY8yanyca,192.168.1.4,35798.0,144.118.67.10,443.0,tcp,126.42288303375244,6152.0,373700.0,RSTR,1.0,0.0,0.0,ShADadr,86.0,10632.0,150.0,381496.0,HTTPS
1720727914.02979,C42SBz1JXhRicNagZc,192.168.1.4,37546.0,104.19.178.52,443.0,tcp,294.7170159816742,2506.0,126026.0,SF,1.0,0.0,0.0,ShADadFf,57.0,5478.0,78.0,130090.0,HTTPS
1720731564.64122,Cu7K4l4VkQIysw3cSk,192.168.1.6,39820.0,192.168.1.4,21.0,tcp,9.670238971710203,162.0,188.0,SF,1.0,1.0,0.0,ShAdDafFr,18.0,1106.0,17.0,1056.0,FTP
1720728157.985039,Cy7TPgFabUdE9jiua,192.168.1.6,47750.0,192.168.1.4,21.0,tcp,9.183713912963867,118.0,188.0,SF,1.0,1.0,0.0,ShAdDafrF,18.0,1062.0,17.0,1056.0,FTP
1720730041.084475,CdNaf8cXNdc3SKZYk,192.168.1.6,34406.0,192.168.1.4,21.0,tcp,10.288776874542236,121.0,188.0,SF,1.0,1.0,0.0,ShAdDafFr,18.0,1065.0,17.0,1056.0,FTP
1720730063.70588,Cb1Lt31geb2lzg8hV3,192.168.1.6,51190.0,192.168.1.4,21.0,tcp,10.181358098983765,131.0,188.0,SF,1.0,1.0,0.0,ShAdDafFr,18.0,1075.0,17.0,1056.0,FTP
1720729208.279506,CwMVLn1Bm2eBx8AKci,192.168.1.6,56380.0,192.168.1.4,21.0,tcp,10.429955005645752,122.0,188.0,SF,1.0,1.0,0.0,ShAdDafrF,18.0,1066.0,17.0,1056.0,FTP
1720729527.313247,C8BwZKnusSTHBmy2,192.168.1.6,56906.0,192.168.1.4,21.0,tcp,10.81033992767334,118.0,188.0,SF,1.0,1.0,0.0,ShAdDafrF,18.0,1062.0,17.0,1056.0,FTP
1720728812.719834,CmZrD54AYrql9npBV8,192.168.1.6,37452.0,192.168.1.4,21.0,tcp,9.671571969985962,137.0,188.0,SF,1.0,1.0,0.0,ShAdDafFr,18.0,1081.0,17.0,1056.0,FTP
1720729734.186729,CDi1wr1TArFEJdGKN8,192.168.1.6,42452.0,192.168.1.4,21.0,tcp,9.73723316192627,123.0,188.0,SF,1.0,1.0,0.0,ShAdDafrF,18.0,1067.0,17.0,1056.0,FTP
1720728275.511155,CHFEec2d5kkrh5x1Gb,192.168.1.4,55014.0,13.107.253.40,443.0,tcp,0.053961992263793,2460.0,5114.0,SF,1.0,0.0,0.0,ShADadFRfR,10.0,2940.0,7.0,5486.0,HTTPS
1720727971.013104,Cl8TlJ9CLt5j3AwWi,192.168.1.4,51592.0,192.168.1.1,53.0,udp,0.053961992263793,2460.0,5114.0,SF,1.0,0.0,0.0,ShADadFRfR,10.0,2940.0,7.0,5486.0,DNS
1720729030.359188,CmOf2z4wR3dLaL2U42,192.168.1.6,47702.0,192.168.1.4,21.0,tcp,9.924269914627075,128.0,188.0,SF,1.0,1.0,0.0,ShAdDafrF,18.0,1072.0,17.0,1056.0,FTP
1720728584.29928,CwYLHBarBqcEpQgMl,192.168.1.6,45218.0,192.168.1.4,21.0,tcp,9.963744163513184,114.0,188.0,SF,1.0,1.0,0.0,ShAdDafFr,18.0,1058.0,17.0,1056.0,FTP
1720728021.124952,CA7xIbGgrjXXhMwD7,192.168.1.4,38154.0,204.235.147.206,443.0,tcp,9.963744163513184,114.0,188.0,SF,1.0,1.0,0.0,ShAdDafFr,18.0,1058.0,17.0,1056.0,HTTPS
1720731349.850522,Ceen3Q3xelC6BpHYb9,192.168.1.6,55326.0,192.168.1.4,21.0,tcp,10.268871068954468,155.0,188.0,SF,1.0,1.0,0.0,ShAdDafrF,18.0,1099.0,17.0,1056.0,FTP
1720727915.158255,CwlNW74XKKlKtFp9hj,192.168.1.4,47100.0,192.168.1.1,53.0,udp,10.268871068954468,155.0,188.0,SF,1.0,1.0,0.0,ShAdDafrF,18.0,1099.0,17.0,1056.0,DNS
1720730929.375359,CCkaqecb4pMwfC7F6,192.168.1.6,43516.0,192.168.1.4,21.0,tcp,11.35011887550354,160.0,188.0,SF,1.0,1.0,0.0,ShAdDafrF,18.0,1104.0,17.0,1056.0,FTP
1720728243.571856,Cyb4920HmUCfN3Ijc,192.168.1.6,50782.0,192.168.1.4,21.0,tcp,10.744229078292848,118.0,188.0,SF,1.0,1.0,0.0,ShAdDafrF,18.0,1062.0,17.0,1056.0,FTP
1720727937.18438,CJMklH2CWXPU8dPVh4,192.168.1.6,41540.0,192.168.1.4,21.0,tcp,10.344696998596191,117.0,188.0,SF,1.0,1.0,0.0,ShAdDafrF,18.0,1061.0,17.0,1056.0,FTP
1720731524.247791,C3nx6Q3C5hxzuCnEh4,192.168.1.6,46502.0,192.168.1.4,21.0,tcp,10.111352920532228,145.0,188.0,SF,1.0,1.0,0.0,ShAdDafFr,18.0,1089.0,17.0,1056.0,FTP
1720728186.020037,CkaueE2mRi7QQ7tDx9,192.168.1.4,58808.0,192.168.1.1,53.0,udp,10.111352920532228,145.0,188.0,SF,1.0,1.0,0.0,ShAdDafFr,18.0,1089.0,17.0,1056.0,DNS
1720727884.516157,CRO364RRSLakTV2C4,192.168.1.4,58142.0,192.168.1.1,53.0,udp,0.002427101135253,57.0,114.0,SF,1.0,1.0,0.0,Dd,1.0,85.0,1.0,142.0,DNS
1720729396.115723,CBjXvJM2a4CI0wmX8,192.168.1.6,49080.0,192.168.1.4,21.0,tcp,10.67271614074707,121.0,188.0,SF,1.0,1.0,0.0,ShAdDafFr,18.0,1065.0,17.0,1056.0,FTP
1720727763.152758,Cq3DY9EKPCwZh9pxa,192.168.1.4,34096.0,18.238.4.53,443.0,tcp,240.07153606414795,3018.0,1378.0,SF,1.0,0.0,0.0,ShADadfF,20.0,4066.0,19.0,2374.0,HTTPS
1720728963.749827,C0XVPC4e4tndgxYRyh,192.168.1.6,43078.0,192.168.1.4,21.0,tcp,9.467722177505491,128.0,188.0,SF,1.0,1.0,0.0,ShAdDafrF,18.0,1072.0,17.0,1056.0,FTP
1720730854.843052,CuDnpQ3CZ2SEPQrN6h,192.168.1.6,41882.0,192.168.1.4,21.0,tcp,9.927841186523438,127.0,188.0,SF,1.0,1.0,0.0,ShAdDafFr,18.0,1071.0,17.0,1056.0,FTP
1720728514.948225,Cp864q4FZAoOg8afcl,192.168.1.6,48330.0,192.168.1.4,21.0,tcp,9.545737028121948,117.0,188.0,SF,1.0,1.0,0.0,ShAdDafrF,18.0,1061.0,17.0,1056.0,FTP
1720727915.710813,C5sY4mBC3ykmseHu7,192.168.1.4,40714.0,18.238.4.5,443.0,tcp,9.545737028121948,117.0,188.0,SF,1.0,1.0,0.0,ShAdDafrF,18.0,1061.0,17.0,1056.0,HTTPS
1720730688.713697,CCR8gcpO2Iro3IFP2,192.168.1.6,33184.0,192.168.1.4,21.0,tcp,10.23823094367981,122.0,188.0,SF,1.0,1.0,0.0,ShAdDafrF,18.0,1066.0,17.0,1056.0,FTP
1720728305.9723,CxPKSN1v5XFKdEjF78,192.168.1.4,53905.0,142.250.80.34,443.0,udp,0.122172832489013,5018.0,10774.0,SF,1.0,0.0,0.0,Dd,11.0,5326.0,13.0,11138.0,HTTPS
1720728305.159425,CPn6Vs4TphwuLtUlch,192.168.1.4,36305.0,192.168.1.1,53.0,udp,0.122172832489013,5018.0,10774.0,SF,1.0,0.0,0.0,Dd,11.0,5326.0,13.0,11138.0,DNS
1720728125.134698,CXH8X041lNZ9oXL96l,192.168.1.4,44433.0,192.168.1.1,53.0,udp,0.122172832489013,5018.0,10774.0,SF,1.0,0.0,0.0,Dd,11.0,5326.0,13.0,11138.0,DNS
1720729219.853454,CTabmX2Wt4HHmh3Sz2,192.168.1.6,40220.0,192.168.1.4,21.0,tcp,9.91736388206482,119.0,188.0,SF,1.0,1.0,0.0,ShAdDafrF,18.0,1063.0,17.0,1056.0,FTP
1720728402.281607,CQXw1f338kDDKHyc31,192.168.1.6,60314.0,192.168.1.4,21.0,tcp,10.012721061706545,118.0,188.0,SF,1.0,1.0,0.0,ShAdDafFr,18.0,1062.0,17.0,1056.0,FTP
1720728684.649114,CyAqdS2qTxioB41yAb,192.168.1.6,55018.0,192.168.1.4,21.0,tcp,10.532543182373049,140.0,188.0,SF,1.0,1.0,0.0,ShAdDafFr,18.0,1084.0,17.0,1056.0,FTP
1720730992.289111,CBCTv13tEPWdqjERVk,192.168.1.6,55744.0,192.168.1.4,21.0,tcp,10.630820989608765,127.0,188.0,SF,1.0,1.0,0.0,ShAdDafFr,18.0,1071.0,17.0,1056.0,FTP
1720728187.089696,CGevFK1RX7BUmwblhl,192.168.1.4,41595.0,192.168.1.1,53.0,udp,10.630820989608765,127.0,188.0,SF,1.0,1.0,0.0,ShAdDafFr,18.0,1071.0,17.0,1056.0,DNS
1720728207.026427,CNvrHiyEM2dpO1L4h,192.168.1.6,43854.0,192.168.1.4,21.0,tcp,9.374696016311646,118.0,188.0,SF,1.0,1.0,0.0,ShAdDafrF,18.0,1062.0,17.0,1056.0,FTP
1720731318.394217,CVcJxr2srhGUY8f7a5,192.168.1.6,34672.0,192.168.1.4,21.0,tcp,10.896034002304075,145.0,188.0,SF,1.0,1.0,0.0,ShAdDafrF,18.0,1089.0,17.0,1056.0,FTP
1720727943.762026,C4qWZy2IUf1exsfa87,192.168.1.4,33150.0,104.16.148.244,443.0,tcp,60.21118092536926,2052.0,1903.0,SF,1.0,0.0,0.0,ShADadFf,9.0,2528.0,7.0,2275.0,HTTPS
1720729834.115829,C18rSA3Dhq2dxqUqQa,192.168.1.6,43388.0,192.168.1.4,21.0,tcp,11.046200037002563,134.0,188.0,SF,1.0,1.0,0.0,ShAdDafrF,18.0,1078.0,17.0,1056.0,FTP
1720729673.482738,CfVRX1bw6EvevoEW2,192.168.1.6,54636.0,192.168.1.4,21.0,tcp,10.067713022232056,169.0,188.0,SF,1.0,1.0,0.0,ShAdDafrF,18.0,1113.0,17.0,1056.0,FTP
1720728272.00137,CTfkLi4aLKbX3dSp3f,192.168.1.4,47877.0,192.168.1.1,53.0,udp,10.067713022232056,169.0,188.0,SF,1.0,1.0,0.0,ShAdDafrF,18.0,1113.0,17.0,1056.0,DNS
1720728125.198663,COaZXC1kU0YQfT8wFk,192.168.1.6,46866.0,192.168.1.4,21.0,tcp,9.595587968826294,117.0,188.0,SF,1.0,1.0,0.0,ShAdDafrF,18.0,1061.0,17.0,1056.0,FTP
1720730404.268263,CDf0x120TJWJcMtXd3,192.168.1.6,55342.0,192.168.1.4,21.0,tcp,10.310699939727783,126.0,188.0,SF,1.0,1.0,0.0,ShAdDafrF,18.0,1070.0,17.0,1056.0,FTP
1720727915.634378,ClpZ1n2OAR8NiF0vR4,192.168.1.4,52791.0,31.13.71.7,443.0,tcp,10.310699939727783,126.0,188.0,SF,1.0,1.0,0.0,IIishhhHHh,18.0,1070.0,17.0,1056.0,HTTPS
1720728056.844154,CQwslB4WS5MBquvS2f,192.168.1.6,46044.0,192.168.1.4,21.0,tcp,9.255624055862429,118.0,188.0,SF,1.0,1.0,0.0,ShAdDafrF,18.0,1062.0,17.0,1056.0,FTP
1720728335.291488,C2qbiW31Zb5C8pMAO5,192.168.1.6,38706.0,192.168.1.4,21.0,tcp,11.02736210823059,118.0,188.0,SF,1.0,1.0,0.0,ShAdDafFr,18.0,1062.0,17.0,1056.0,FTP
1720730981.830086,Cr6mHA36jr8yv67Nl7,192.168.1.6,36212.0,192.168.1.4,21.0,tcp,10.238161087036133,125.0,188.0,SF,1.0,1.0,0.0,ShAdDafrF,18.0,1069.0,17.0,1056.0,FTP
1720729044.376362,CYDFY4MRgXfNPVPQf,192.168.1.6,55932.0,192.168.1.4,21.0,tcp,9.875653982162476,134.0,188.0,SF,1.0,1.0,0.0,ShAdDafrF,18.0,1078.0,17.0,1056.0,FTP
1720728305.133772,CztTRg2fVmjoQ9nwFh,192.168.1.4,57860.0,192.168.1.1,53.0,udp,9.875653982162476,134.0,188.0,SF,1.0,1.0,0.0,ShAdDafrF,18.0,1078.0,17.0,1056.0,DNS
1720731727.084129,CuV20D3ysv1fYa4iDi,192.168.1.6,34610.0,192.168.1.4,21.0,tcp,10.537808895111084,175.0,188.0,SF,1.0,1.0,0.0,ShAdDafrF,18.0,1119.0,17.0,1056.0,FTP
1720729946.663064,C3pms64rMpYgY2Zt6c,192.168.1.6,56060.0,192.168.1.4,21.0,tcp,10.295208930969238,122.0,188.0,SF,1.0,1.0,0.0,ShAdDafrF,18.0,1066.0,17.0,1056.0,FTP
1720727786.644971,CVeiniWhbcr1XwTB9,192.168.1.4,39190.0,104.96.221.57,443.0,tcp,10.295208930969238,122.0,188.0,SF,1.0,1.0,0.0,IIiishhhHHH,18.0,1066.0,17.0,1056.0,HTTPS
1720729823.650365,CAVSbCLcu1Jhm4JCf,192.168.1.6,34298.0,192.168.1.4,21.0,tcp,10.465274810791016,125.0,188.0,SF,1.0,1.0,0.0,ShAdDafrF,18.0,1069.0,17.0,1056.0,FTP
1720730296.765175,CzKHoj2SyitbmRyV6k,192.168.1.6,44634.0,192.168.1.4,21.0,tcp,10.463148832321169,126.0,188.0,SF,1.0,1.0,0.0,ShAdDafrF,18.0,1070.0,17.0,1056.0,FTP
1720731066.556461,Ch41zY2Pj5Ie2vlp3c,192.168.1.6,38580.0,192.168.1.4,21.0,tcp,10.25096082687378,124.0,188.0,SF,1.0,1.0,0.0,ShAdDafrF,18.0,1068.0,17.0,1056.0,FTP
1720729511.23022,C8WSu9NM5shIfKgG8,192.168.1.6,39596.0,192.168.1.4,21.0,tcp,11.026285886764526,115.0,188.0,SF,1.0,1.0,0.0,ShAdDafrF,18.0,1059.0,17.0,1056.0,FTP
1720729292.411355,Cr0HDi3PhsFzYh3TV8,192.168.1.6,38232.0,192.168.1.4,21.0,tcp,10.36025094985962,131.0,188.0,SF,1.0,1.0,0.0,ShAdDafFr,18.0,1075.0,17.0,1056.0,FTP
1720727765.880782,CzE2oe25FW4RXO7kwd,192.168.1.4,51117.0,34.111.60.239,443.0,tcp,10.36025094985962,131.0,188.0,SF,1.0,1.0,0.0,IIiishhHH,18.0,1075.0,17.0,1056.0,HTTPS
1720730132.48208,CCeqVfylyHOPLISk3,192.168.1.6,52816.0,192.168.1.4,21.0,tcp,9.6305730342865,139.0,188.0,SF,1.0,1.0,0.0,ShAdDafrF,18.0,1083.0,17.0,1056.0,FTP
1720729554.118296,C7BGZJ24QADXC4GcMh,192.168.1.6,56692.0,192.168.1.4,21.0,tcp,10.411493062973022,119.0,188.0,SF,1.0,1.0,0.0,ShAdDafFr,18.0,1063.0,17.0,1056.0,FTP
1720728827.558487,CebzZW1kPSA0wEGhBh,192.168.1.6,47936.0,192.168.1.4,21.0,tcp,9.789003133773804,118.0,188.0,SF,1.0,1.0,0.0,ShAdDafrF,18.0,1062.0,17.0,1056.0,FTP
1720728000.771351,CVHarX2lleqxD7tep2,192.168.1.6,51350.0,192.168.1.4,21.0,tcp,10.663862943649292,118.0,188.0,SF,1.0,1.0,0.0,ShAdDafrF,18.0,1062.0,17.0,1056.0,FTP
1720730409.907723,C5JVa83PByOMyk3dK3,192.168.1.6,55442.0,192.168.1.4,21.0,tcp,10.472676992416382,132.0,188.0,SF,1.0,1.0,0.0,ShAdDafrF,18.0,1076.0,17.0,1056.0,FTP
1720731662.934397,C11YsyjNlMgrtcGDi,192.168.1.6,44148.0,192.168.1.4,21.0,tcp,9.845859050750732,144.0,188.0,SF,1.0,1.0,0.0,ShAdDafrF,18.0,1088.0,17.0,1056.0,FTP
1720727734.396736,CryufK2XOd1Naodjsg,192.168.1.4,58275.0,142.250.65.163,443.0,udp,0.068413019180297,3986.0,8567.0,SF,1.0,0.0,0.0,Dd,6.0,4154.0,9.0,8819.0,HTTPS
1720728148.58903,CccHRU2g6w2xxSkhH2,192.168.1.6,42174.0,192.168.1.4,21.0,tcp,9.33873987197876,118.0,188.0,SF,1.0,1.0,0.0,ShAdDafrF,18.0,1062.0,17.0,1056.0,FTP
1720728343.234026,CFer0d3TKAYnW3yhyk,192.168.1.4,47512.0,192.168.1.1,53.0,udp,0.000677108764648,58.0,394.0,SF,1.0,1.0,0.0,Dd,1.0,86.0,1.0,422.0,DNS
1720731295.720522,C8vUxo3baCervAXl97,192.168.1.6,44832.0,192.168.1.4,21.0,tcp,10.882039070129396,159.0,188.0,SF,1.0,1.0,0.0,ShAdDafFr,18.0,1103.0,17.0,1056.0,FTP
1720727765.46258,CDp2up9Ar8JhFSrAl,192.168.1.6,53350.0,192.168.1.4,21.0,tcp,9.802624940872192,118.0,188.0,SF,1.0,1.0,0.0,ShAdDafrF,18.0,1062.0,17.0,1056.0,FTP
1720730181.04832,CQ8QNr4E048YxQWKT5,192.168.1.6,45010.0,192.168.1.4,21.0,tcp,10.351356029510498,128.0,188.0,SF,1.0,1.0,0.0,ShAdDafrF,18.0,1072.0,17.0,1056.0,FTP
1720730103.243764,CDSekq4Y16GLfJ4rOg,192.168.1.6,50276.0,192.168.1.4,21.0,tcp,10.83669114112854,142.0,188.0,SF,1.0,1.0,0.0,ShAdDafrF,18.0,1086.0,17.0,1056.0,FTP
1720728120.271105,CN5bn2x0AZxHJcfkj,192.168.1.6,53800.0,192.168.1.4,21.0,tcp,9.87565302848816,118.0,188.0,SF,1.0,1.0,0.0,ShAdDafrF,18.0,1062.0,17.0,1056.0,FTP
1720728219.984409,C6NUs1l1aGWLxsv0l,192.168.1.4,46162.0,23.194.190.234,443.0,tcp,9.87565302848816,118.0,188.0,SF,1.0,1.0,0.0,ShAdDafrF,18.0,1062.0,17.0,1056.0,HTTPS
1720729071.78839,CqShK92pAwbajwNeAk,192.168.1.6,37072.0,192.168.1.4,21.0,tcp,9.92218804359436,119.0,188.0,SF,1.0,1.0,0.0,ShAdDafrF,18.0,1063.0,17.0,1056.0,FTP
1720727764.474832,CK1sCK2VTKS14PKeg,192.168.1.4,37214.0,192.168.1.1,53.0,udp,0.018280029296875,46.0,111.0,SF,1.0,1.0,0.0,Dd,1.0,74.0,1.0,139.0,DNS
1720730528.497022,CbTVGBh0yVRXm95E3,192.168.1.6,49628.0,192.168.1.4,21.0,tcp,9.39529013633728,137.0,188.0,SF,1.0,1.0,0.0,ShAdDafrF,18.0,1081.0,17.0,1056.0,FTP
1720730649.456556,C3SjLgoOXvSFgzXvk,192.168.1.6,33010.0,192.168.1.4,21.0,tcp,10.828648805618286,123.0,188.0,SF,1.0,1.0,0.0,ShAdDafrF,18.0,1067.0,17.0,1056.0,FTP
1720731878.840499,CSMgCo35NtmPEa2Sf,192.168.1.6,46360.0,192.168.1.4,21.0,tcp,9.981402158737184,173.0,188.0,SF,1.0,1.0,0.0,ShAdDafFr,18.0,1117.0,17.0,1056.0,FTP
1720729854.919264,Cu9P7p5TuKKO7Muka,192.168.1.6,47818.0,192.168.1.4,21.0,tcp,9.62570595741272,134.0,188.0,SF,1.0,1.0,0.0,ShAdDafrF,18.0,1078.0,17.0,1056.0,FTP
1720730001.31912,CrsH9I3uphfe2kfrD4,192.168.1.6,52190.0,192.168.1.4,21.0,tcp,9.224614143371582,136.0,188.0,SF,1.0,1.0,0.0,ShAdDafrF,18.0,1080.0,17.0,1056.0,FTP
1720728184.705741,CS7roW9S90ne6NIl6,192.168.1.4,47116.0,23.48.104.69,443.0,tcp,9.224614143371582,136.0,188.0,SF,1.0,1.0,0.0,ShAdDafrF,18.0,1080.0,17.0,1056.0,HTTPS
1720728125.433219,CYupAOFDi9dDv9S71,192.168.1.4,46686.0,20.114.189.135,443.0,tcp,10.874496936798096,42646.0,6334.0,RSTO,1.0,0.0,0.0,ShADadfR,30.0,44214.0,19.0,7330.0,HTTPS
1720730457.215721,C0kWo72DVDU82d1bo5,192.168.1.6,42184.0,192.168.1.4,21.0,tcp,9.363119125366213,138.0,188.0,SF,1.0,1.0,0.0,ShAdDafrF,18.0,1082.0,17.0,1056.0,FTP
1720728096.551867,Cu1F9q1eXeUYfJS7s2,192.168.1.4,42388.0,142.251.41.10,443.0,tcp,9.363119125366213,138.0,188.0,SF,1.0,1.0,0.0,ShAdDafrF,18.0,1082.0,17.0,1056.0,HTTPS
1720731564.707228,CWjjm63T3hHUbduSWh,192.168.1.6,39826.0,192.168.1.4,21.0,tcp,9.670812129974363,158.0,188.0,SF,1.0,1.0,0.0,ShAdDafrF,18.0,1102.0,17.0,1056.0,FTP
1720728462.263187,CAw4wV3oXjC92phel7,192.168.1.6,56096.0,192.168.1.4,21.0,tcp,9.85498595237732,117.0,188.0,SF,1.0,1.0,0.0,ShAdDafrF,18.0,1061.0,17.0,1056.0,FTP
1720731391.2761,CcQkxL1b7TPp8WKhy5,192.168.1.6,40496.0,192.168.1.4,21.0,tcp,11.28928518295288,170.0,188.0,SF,1.0,1.0,0.0,ShAdDafrF,18.0,1114.0,17.0,1056.0,FTP
1720728042.145906,CdmFJQ169Ev9ntkTB9,192.168.1.6,56548.0,192.168.1.4,21.0,tcp,10.820671081542969,118.0,188.0,SF,1.0,1.0,0.0,ShAdDafrF,18.0,1062.0,17.0,1056.0,FTP
1720731097.562911,C3rtsZ3evBbstLw6r6,192.168.1.6,43282.0,192.168.1.4,21.0,tcp,10.484036922454834,123.0,188.0,SF,1.0,1.0,0.0,ShAdDafFr,18.0,1067.0,17.0,1056.0,FTP
1720730887.232028,CXnH822HMtDasTYee6,192.168.1.6,43356.0,192.168.1.4,21.0,tcp,11.052836894989014,123.0,188.0,SF,1.0,1.0,0.0,ShAdDafrF,18.0,1067.0,17.0,1056.0,FTP
1720730918.370017,C5H9Xyvttdnw3JDg2,192.168.1.6,34712.0,192.168.1.4,21.0,tcp,10.964426040649414,169.0,188.0,SF,1.0,1.0,0.0,ShAdDafrF,18.0,1113.0,17.0,1056.0,FTP
1720728095.559531,C9YXnC2W8uCOw2KyWi,192.168.1.4,46523.0,142.251.40.226,443.0,tcp,10.964426040649414,169.0,188.0,SF,1.0,1.0,0.0,ShAdDafrF,18.0,1113.0,17.0,1056.0,HTTPS
1720729543.233233,Caccba4MQw4naUONq6,192.168.1.4,44199.0,192.168.1.1,53.0,udp,0.000674962997436,58.0,394.0,SF,1.0,1.0,0.0,Dd,1.0,86.0,1.0,422.0,DNS
1720728275.041553,CJhhQN3X3KviWqBPq8,192.168.1.4,58448.0,192.168.1.1,53.0,udp,0.000674962997436,58.0,394.0,SF,1.0,1.0,0.0,Dd,1.0,86.0,1.0,422.0,DNS
1720728071.686137,CV2uDs4pIWd0Y5Dys,192.168.1.6,56264.0,192.168.1.4,21.0,tcp,10.095271110534668,118.0,188.0,SF,1.0,1.0,0.0,ShAdDafrF,18.0,1062.0,17.0,1056.0,FTP
1720731579.241502,CkRm0B25Y0hMJVDRO9,192.168.1.6,57250.0,192.168.1.4,21.0,tcp,10.06577205657959,163.0,188.0,SF,1.0,1.0,0.0,ShAdDafrF,18.0,1107.0,17.0,1056.0,FTP
1720731574.412919,CEmKwEZW4IJ5IrkQ1,192.168.1.6,57222.0,192.168.1.4,21.0,tcp,9.05705189704895,169.0,188.0,SF,1.0,1.0,0.0,ShAdDafFr,18.0,1113.0,17.0,1056.0,FTP
1720727786.541675,CK3mFc36bZPEyh2JFj,192.168.1.4,45854.0,192.168.1.1,53.0,udp,9.05705189704895,169.0,188.0,SF,1.0,1.0,0.0,ShAdDafFr,18.0,1113.0,17.0,1056.0,DNS
1720728094.319298,CkWPxf3LhwN56Od5zi,192.168.1.4,37194.0,103.28.251.204,443.0,tcp,60.45950388908386,1850.0,5666.0,SF,1.0,0.0,0.0,ShADadFRfR,15.0,2590.0,14.0,6402.0,HTTPS
1720728155.072511,CQUrrq33hiTuhoVGMc,192.168.1.4,50408.0,152.199.0.214,443.0,tcp,0.052987098693847,2340.0,4815.0,SF,1.0,0.0,0.0,ShADadFRfR,12.0,2924.0,10.0,5343.0,HTTPS
1720731288.001349,CB3JpM17gYMg9empyb,192.168.1.6,50160.0,192.168.1.4,21.0,tcp,9.946977138519289,174.0,188.0,SF,1.0,1.0,0.0,ShAdDafFr,18.0,1118.0,17.0,1056.0,FTP
1720730536.737869,CmVdb64sUx8SHTxVa1,192.168.1.6,58720.0,192.168.1.4,21.0,tcp,9.641239881515505,127.0,188.0,SF,1.0,1.0,0.0,ShAdDafrF,18.0,1071.0,17.0,1056.0,FTP
1720727914.199167,CeEJCR1pq4Uf4JFEJc,192.168.1.4,54893.0,192.168.1.1,53.0,udp,0.005125999450683,58.0,143.0,SF,1.0,1.0,0.0,Dd,1.0,86.0,1.0,171.0,DNS
1720731545.027518,Cypqvz2hJi5d9tdTml,192.168.1.6,39736.0,192.168.1.4,21.0,tcp,9.780618906021118,142.0,188.0,SF,1.0,1.0,0.0,ShAdDafrF,18.0,1086.0,17.0,1056.0,FTP
1720731829.621386,CHXgh3226hFrsCMlHf,192.168.1.6,45388.0,192.168.1.4,21.0,tcp,8.873695850372314,156.0,188.0,SF,1.0,1.0,0.0,ShAdDafrF,18.0,1100.0,17.0,1056.0,FTP
1720731628.272537,CYhxJmVqTQhda8KU5,192.168.1.6,35064.0,192.168.1.4,21.0,tcp,8.971147060394287,159.0,188.0,SF,1.0,1.0,0.0,ShAdDafrF,18.0,1103.0,17.0,1056.0,FTP
1720731214.020144,CWHJDj3HZStQK7OWW9,192.168.1.6,51880.0,192.168.1.4,21.0,tcp,10.261073112487791,114.0,188.0,SF,1.0,1.0,0.0,ShAdDafrF,18.0,1058.0,17.0,1056.0,FTP
1720727915.50183,CGAxC74Pe8CRKuWG2k,192.168.1.4,48101.0,192.168.1.1,53.0,udp,10.261073112487791,114.0,188.0,SF,1.0,1.0,0.0,ShAdDafrF,18.0,1058.0,17.0,1056.0,DNS
1720728096.029706,CbzVVU19tmiZhVRAyk,192.168.1.4,44234.0,45.60.73.43,443.0,udp,10.261073112487791,114.0,188.0,SF,1.0,1.0,0.0,ShAdDafrF,18.0,1058.0,17.0,1056.0,HTTPS
1720729081.710749,COkMqr4uCoJRoCPpdh,192.168.1.6,49082.0,192.168.1.4,21.0,tcp,10.540857076644896,116.0,188.0,SF,1.0,1.0,0.0,ShAdDafFr,18.0,1060.0,17.0,1056.0,FTP
1720731118.461185,CKkwjg1Ax62jlp4244,192.168.1.6,57648.0,192.168.1.4,21.0,tcp,10.070451974868774,108.0,188.0,SF,1.0,1.0,0.0,ShAdDafrF,18.0,1052.0,17.0,1056.0,FTP
1720731435.191955,C5FPQSTCISlw4HE9g,192.168.1.6,52982.0,192.168.1.4,21.0,tcp,10.275739908218384,160.0,188.0,SF,1.0,1.0,0.0,ShAdDafrF,18.0,1104.0,17.0,1056.0,FTP
1720728957.224743,CLDee31W9G88enxpqc,192.168.1.6,60920.0,192.168.1.4,21.0,tcp,9.708940029144289,117.0,188.0,SF,1.0,1.0,0.0,ShAdDafFr,18.0,1061.0,17.0,1056.0,FTP
1720729248.7862,CEw9Be32Y4Snmp8Eik,192.168.1.6,43972.0,192.168.1.4,21.0,tcp,9.965646028518677,119.0,188.0,SF,1.0,1.0,0.0,ShAdDafrF,18.0,1063.0,17.0,1056.0,FTP
1720729805.790213,CbDStdbvwr59HBBmk,192.168.1.6,40394.0,192.168.1.4,21.0,tcp,10.5030198097229,119.0,188.0,SF,1.0,1.0,0.0,ShAdDafrF,18.0,1063.0,17.0,1056.0,FTP
1720731544.82883,CiEmdi243rO1vxdxX7,192.168.1.6,39620.0,192.168.1.4,21.0,tcp,9.777318000793455,142.0,188.0,SF,1.0,1.0,0.0,ShAdDafrF,18.0,1086.0,17.0,1056.0,FTP
1720727786.626087,C0bMaf2fFsHMaoLtUb,192.168.1.4,37261.0,35.190.80.1,443.0,udp,0.055865049362182,2735.0,4998.0,SF,1.0,0.0,0.0,Dd,5.0,2875.0,7.0,5194.0,HTTPS
1720728034.947886,CKSB9i3CPYicVpuTxb,192.168.1.4,40842.0,104.244.42.200,443.0,tcp,173.88665795326233,2560.0,4502.0,SF,1.0,0.0,0.0,ShADadtFRf,17.0,3440.0,14.0,5238.0,HTTPS
1720728561.663096,CyBkd53LIRiPiskFif,192.168.1.6,50828.0,192.168.1.4,21.0,tcp,9.901396036148071,118.0,188.0,SF,1.0,1.0,0.0,ShAdDafrF,18.0,1062.0,17.0,1056.0,FTP
1720728124.818439,Cakjpt1LeW1ZGwNByj,192.168.1.4,45886.0,192.168.1.1,53.0,udp,0.001385927200317,53.0,110.0,SF,1.0,1.0,0.0,Dd,1.0,81.0,1.0,138.0,DNS
1720728034.071859,CyaoAE4Y34ANg8f5z4,192.168.1.4,55339.0,192.168.1.1,53.0,udp,0.094758033752441,39.0,93.0,SF,1.0,1.0,0.0,Dd,1.0,67.0,1.0,121.0,DNS
1720728035.132541,CG0qjf3ySgnWwWf23j,192.168.1.4,37139.0,192.168.1.1,53.0,udp,0.151668071746826,52.0,405.0,SF,1.0,1.0,0.0,Dd,1.0,80.0,1.0,433.0,DNS
1720731129.920426,C27EIr19tcszQ7wQm2,192.168.1.6,38960.0,192.168.1.4,21.0,tcp,9.862441062927246,109.0,188.0,SF,1.0,1.0,0.0,ShAdDafrF,18.0,1053.0,17.0,1056.0,FTP
1720731137.946766,C1W5TF3BvAyuYv5MD4,192.168.1.6,35518.0,192.168.1.4,21.0,tcp,10.146874189376833,109.0,188.0,SF,1.0,1.0,0.0,ShAdDafrF,18.0,1053.0,17.0,1056.0,FTP
1720727892.303289,CUGPL92PDYptTH8qwc,192.168.1.6,53606.0,192.168.1.4,21.0,tcp,10.094351053237917,117.0,188.0,SF,1.0,1.0,0.0,ShAdDafFr,18.0,1061.0,17.0,1056.0,FTP
1720729677.640081,CZTLYv4mxvau4MK2m8,192.168.1.6,54668.0,192.168.1.4,21.0,tcp,9.870007038116457,163.0,188.0,SF,1.0,1.0,0.0,ShAdDafrF,18.0,1107.0,17.0,1056.0,FTP
1720728653.224613,C7bFwg5YyiH2ziAH9,192.168.1.6,57720.0,192.168.1.4,21.0,tcp,10.52054500579834,142.0,188.0,SF,1.0,1.0,0.0,ShAdDafrF,18.0,1086.0,17.0,1056.0,FTP
1720729311.662532,C2EYAR1fUrN96EQxO5,192.168.1.6,43894.0,192.168.1.4,21.0,tcp,9.32641100883484,124.0,188.0,SF,1.0,1.0,0.0,ShAdDafrF,18.0,1068.0,17.0,1056.0,FTP
1720729362.73989,CGLmxq4VgGh7wpi9pc,192.168.1.6,48622.0,192.168.1.4,21.0,tcp,9.328965902328491,114.0,188.0,SF,1.0,1.0,0.0,ShAdDafrF,18.0,1058.0,17.0,1056.0,FTP
1720730723.089518,CF3SSC2IUWKM8Hmbqb,192.168.1.6,50846.0,192.168.1.4,21.0,tcp,10.065768003463743,127.0,188.0,SF,1.0,1.0,0.0,ShAdDafrF,18.0,1071.0,17.0,1056.0,FTP
1720731483.220236,CK5pGw1Djx02GoHlNc,192.168.1.6,60650.0,192.168.1.4,21.0,tcp,10.51679301261902,163.0,188.0,SF,1.0,1.0,0.0,ShAdDafrF,18.0,1107.0,17.0,1056.0,FTP
1720731603.304872,CI6Wkg16GDpZ4q1cBb,192.168.1.6,37896.0,192.168.1.4,21.0,tcp,10.269176959991457,170.0,188.0,SF,1.0,1.0,0.0,ShAdDafrF,18.0,1114.0,17.0,1056.0,FTP
1720731454.521665,CYisFA1mT3ynyYcRvb,192.168.1.6,44282.0,192.168.1.4,21.0,tcp,9.905386924743652,152.0,188.0,SF,1.0,1.0,0.0,ShAdDafrF,18.0,1096.0,17.0,1056.0,FTP
1720728912.570276,CXHodX3UcjEBgVgfcg,192.168.1.6,43550.0,192.168.1.4,21.0,tcp,9.512449026107788,168.0,188.0,SF,1.0,1.0,0.0,ShAdDafrF,18.0,1112.0,17.0,1056.0,FTP
1720731148.044901,CGY6Uy4Ot0vmv3zZY1,192.168.1.6,58588.0,192.168.1.4,21.0,tcp,9.607429027557371,111.0,188.0,SF,1.0,1.0,0.0,ShAdDafrF,18.0,1055.0,17.0,1056.0,FTP
1720731798.519728,CciyFsHjdoGSKPekg,192.168.1.6,60886.0,192.168.1.4,21.0,tcp,11.385996103286743,141.0,188.0,SF,1.0,1.0,0.0,ShAdDafFr,18.0,1085.0,17.0,1056.0,FTP
1720728095.261114,CvnJ844RRx65Qt0a9b,192.168.1.4,35813.0,192.168.1.1,53.0,udp,11.385996103286743,141.0,188.0,SF,1.0,1.0,0.0,ShAdDafFr,18.0,1085.0,17.0,1056.0,DNS
1720731736.361722,CVo6HsrbIS5nkrLMe,192.168.1.6,52662.0,192.168.1.4,21.0,tcp,9.413669109344482,153.0,188.0,SF,1.0,1.0,0.0,ShAdDafrF,18.0,1097.0,17.0,1056.0,FTP
1720728306.009506,CvpwRI3N0cYUgJVNEb,192.168.1.4,60805.0,192.168.1.1,53.0,udp,0.018451929092407,75.0,141.0,SF,1.0,1.0,0.0,Dd,1.0,103.0,1.0,169.0,DNS
1720728125.055342,CTwSvT1bDer6UxnCI9,192.168.1.4,60677.0,192.168.1.1,53.0,udp,0.001810073852539,57.0,114.0,SF,1.0,1.0,0.0,Dd,1.0,85.0,1.0,142.0,DNS
1720728187.26056,C5EBPX7TCMD4ctD72,192.168.1.4,49236.0,23.205.106.91,443.0,udp,0.001810073852539,57.0,114.0,SF,1.0,1.0,0.0,Dd,1.0,85.0,1.0,142.0,HTTPS
1720728915.190665,CeaGNI190G9lO1uS22,192.168.1.6,50510.0,192.168.1.4,21.0,tcp,9.272207975387571,158.0,188.0,SF,1.0,1.0,0.0,ShAdDafrF,18.0,1102.0,17.0,1056.0,FTP
1720728111.007555,CykiZi2gw25FrPwpLg,192.168.1.6,37242.0,192.168.1.4,21.0,tcp,9.35617995262146,118.0,188.0,SF,1.0,1.0,0.0,ShAdDafrF,18.0,1062.0,17.0,1056.0,FTP
1720728034.659129,CrkyUt2Yi5ATsU9qVf,192.168.1.4,49887.0,192.168.1.1,53.0,udp,0.002091169357299,49.0,473.0,SF,1.0,1.0,0.0,Dd,1.0,77.0,1.0,501.0,DNS
1720727733.509501,C3g0GW36UL10JdvcA8,192.168.1.4,60801.0,142.251.40.110,443.0,udp,0.002091169357299,49.0,473.0,SF,1.0,1.0,0.0,IIiiiIhhhHHhH,1.0,77.0,1.0,501.0,HTTPS
1720730606.775538,Cn0on71LNYatFELfwh,192.168.1.6,41822.0,192.168.1.4,21.0,tcp,10.604993104934692,122.0,188.0,SF,1.0,1.0,0.0,ShAdDafrF,18.0,1066.0,17.0,1056.0,FTP
1720730964.189723,CQTgN14XXWCuxXOvEd,192.168.1.6,48878.0,192.168.1.4,21.0,tcp,10.776998043060305,140.0,188.0,SF,1.0,1.0,0.0,ShAdDafrF,18.0,1084.0,17.0,1056.0,FTP
1720730911.890275,CmvHgr2X02LjiyM2r5,192.168.1.6,40260.0,192.168.1.4,21.0,tcp,10.215569972991943,134.0,188.0,SF,1.0,1.0,0.0,ShAdDafFr,18.0,1078.0,17.0,1056.0,FTP
1720727642.913712,CdpCvV3blXV9boOVh2,192.168.1.4,37120.0,23.205.106.154,443.0,tcp,300.83655190467834,2557.0,179218.0,SF,1.0,0.0,0.0,ShADadFfR,67.0,6025.0,92.0,184010.0,HTTPS
1720730797.603969,CSNpyFhxCPFs1M9J9,192.168.1.6,47840.0,192.168.1.4,21.0,tcp,9.97757887840271,119.0,188.0,SF,1.0,1.0,0.0,ShAdDafFr,18.0,1063.0,17.0,1056.0,FTP
1720731774.04344,CwGIpe1cQjEP4AasIl,192.168.1.6,50120.0,192.168.1.4,21.0,tcp,10.090253829956056,169.0,188.0,SF,1.0,1.0,0.0,ShAdDafFr,18.0,1113.0,17.0,1056.0,FTP
1720729347.749652,C6CZ7h1S44tIojRPcf,192.168.1.6,32910.0,192.168.1.4,21.0,tcp,9.95319414138794,129.0,188.0,SF,1.0,1.0,0.0,ShAdDafrF,18.0,1073.0,17.0,1056.0,FTP
1720728305.234781,CrwJJM3iAZ6jbPVzP7,192.168.1.4,60073.0,192.168.1.1,53.0,udp,9.95319414138794,129.0,188.0,SF,1.0,1.0,0.0,ShAdDafrF,18.0,1073.0,17.0,1056.0,DNS
1720730433.623725,CsqjAF1a44zg5wrDBf,192.168.1.6,42606.0,192.168.1.4,21.0,tcp,9.883526086807253,129.0,188.0,SF,1.0,1.0,0.0,ShAdDafrF,18.0,1073.0,17.0,1056.0,FTP
1720730159.478162,CQS83P2O6OsVwluEcb,192.168.1.6,40616.0,192.168.1.4,21.0,tcp,9.612318992614746,137.0,188.0,SF,1.0,1.0,0.0,ShAdDafFr,18.0,1081.0,17.0,1056.0,FTP
1720728256.978837,CbsBKv2VLipKWX4UTi,192.168.1.6,46680.0,192.168.1.4,21.0,tcp,9.946852922439575,116.0,188.0,SF,1.0,1.0,0.0,ShAdDafFr,18.0,1060.0,17.0,1056.0,FTP
1720731433.049365,CTtdjWMWscWo5Ch6i,192.168.1.6,52930.0,192.168.1.4,21.0,tcp,11.10020399093628,155.0,188.0,SF,1.0,1.0,0.0,ShAdDafrF,18.0,1099.0,17.0,1056.0,FTP
1720728186.375953,C5roya2pSVpyCRojUc,192.168.1.6,42680.0,192.168.1.4,21.0,tcp,10.045522928237917,118.0,188.0,SF,1.0,1.0,0.0,ShAdDafFr,18.0,1062.0,17.0,1056.0,FTP
1720728571.56461,CWaPIc3OHbjsK8IB4f,192.168.1.6,38160.0,192.168.1.4,21.0,tcp,10.01654601097107,118.0,188.0,SF,1.0,1.0,0.0,ShAdDafFr,18.0,1062.0,17.0,1056.0,FTP
1720730043.889619,CY769G2V7sNFiDJEuj,192.168.1.6,42322.0,192.168.1.4,21.0,tcp,9.570557832717896,126.0,188.0,SF,1.0,1.0,0.0,ShAdDafrF,18.0,1070.0,17.0,1056.0,FTP
1720727884.331734,CpsSxN2O5PjnoXXIG5,192.168.1.4,44006.0,192.168.1.1,53.0,udp,0.497650146484375,43.0,136.0,SF,1.0,1.0,0.0,Dd,1.0,71.0,1.0,164.0,DNS
1720731659.709821,ClV8gO1GlzOEk6rF49,192.168.1.6,44080.0,192.168.1.4,21.0,tcp,10.45344305038452,169.0,188.0,SF,1.0,1.0,0.0,ShAdDafFr,18.0,1113.0,17.0,1056.0,FTP
1720728194.307428,ClaZ9x4OxrwdAijFC4,192.168.1.4,42497.0,192.168.1.1,53.0,udp,0.016379117965698,48.0,266.0,SF,1.0,1.0,0.0,Dd,1.0,76.0,1.0,294.0,DNS
1720729799.569679,C2ba0E3j43zoqXiQi1,192.168.1.6,54340.0,192.168.1.4,21.0,tcp,11.119118928909302,112.0,188.0,SF,1.0,1.0,0.0,ShAdDafrF,18.0,1056.0,17.0,1056.0,FTP
1720731391.121695,CCtvgvk6eZRq2Wfw4,192.168.1.6,40440.0,192.168.1.4,21.0,tcp,11.29071593284607,188.0,188.0,SF,1.0,1.0,0.0,ShAdDafrF,18.0,1132.0,17.0,1056.0,FTP
1720730710.195483,CsOzSg3TcYQ5ZgFA46,192.168.1.6,57712.0,192.168.1.4,21.0,tcp,10.495448112487791,137.0,188.0,SF,1.0,1.0,0.0,ShAdDafrF,18.0,1081.0,17.0,1056.0,FTP
1720728970.379539,C8IoOTgOec8PFkDpj,192.168.1.6,43182.0,192.168.1.4,21.0,tcp,9.615693092346191,139.0,188.0,SF,1.0,1.0,0.0,ShAdDafrF,18.0,1083.0,17.0,1056.0,FTP
1720728185.099371,Cws3agDygzVHtEsck,192.168.1.4,59108.0,23.205.106.81,443.0,tcp,23.659475088119507,10977.0,25262.0,SF,1.0,0.0,0.0,ShADadFRf,22.0,12105.0,28.0,26726.0,HTTPS
1720728245.105865,C84Ch44JqwCJr11xTe,192.168.1.4,52765.0,192.168.1.1,53.0,udp,23.659475088119507,10977.0,25262.0,SF,1.0,0.0,0.0,ShADadFRf,22.0,12105.0,28.0,26726.0,DNS
1720729985.401989,CUL2yWNCB6Bf0b9,192.168.1.6,44540.0,192.168.1.4,21.0,tcp,10.22899293899536,127.0,188.0,SF,1.0,1.0,0.0,ShAdDafrF,18.0,1071.0,17.0,1056.0,FTP
1720727763.127838,CCmb973LZDWeUf8w0a,192.168.1.4,40542.0,192.168.1.1,53.0,udp,0.002287149429321,53.0,113.0,SF,1.0,1.0,0.0,Dd,1.0,81.0,1.0,141.0,DNS
1720729730.096098,COgpaj1YGDstsQWRLe,192.168.1.6,38016.0,192.168.1.4,21.0,tcp,10.43144416809082,114.0,188.0,SF,1.0,1.0,0.0,ShAdDafFr,18.0,1058.0,17.0,1056.0,FTP
1720729641.534171,CG2dOo4RygaeVINJx4,192.168.1.6,47574.0,192.168.1.4,21.0,tcp,9.896950006484984,117.0,188.0,SF,1.0,1.0,0.0,ShAdDafrF,18.0,1061.0,17.0,1056.0,FTP
1720729226.254475,ClN4Aj4GJ2CKIcZUuh,192.168.1.6,35002.0,192.168.1.4,21.0,tcp,10.65345287322998,130.0,188.0,SF,1.0,1.0,0.0,ShAdDafrF,18.0,1074.0,17.0,1056.0,FTP
1720727763.997268,CXGyWQ3Q8hWVMQuJR8,192.168.1.4,56606.0,68.67.179.155,443.0,tcp,0.05052900314331,1722.0,2663.0,SF,1.0,0.0,0.0,ShADaFdRfR,7.0,2058.0,5.0,2931.0,HTTPS
1720731564.552997,C3Poeq1VvfC4Er3Mw9,192.168.1.6,39784.0,192.168.1.4,21.0,tcp,9.68095588684082,144.0,188.0,SF,1.0,1.0,0.0,ShAdDafFr,18.0,1088.0,17.0,1056.0,FTP
1720728211.818896,CKODrc1HbKTEA0Dpe8,192.168.1.4,55010.0,192.168.1.1,53.0,udp,9.68095588684082,144.0,188.0,SF,1.0,1.0,0.0,ShAdDafFr,18.0,1088.0,17.0,1056.0,DNS
1720728812.902589,Cv1k73cbS0HcyXyoe,192.168.1.6,37484.0,192.168.1.4,21.0,tcp,9.478631973266602,129.0,188.0,SF,1.0,1.0,0.0,ShAdDafFr,18.0,1073.0,17.0,1056.0,FTP
1720730060.888302,CHB4gb3gyex9vt4i99,192.168.1.6,54852.0,192.168.1.4,21.0,tcp,9.919396877288818,141.0,188.0,SF,1.0,1.0,0.0,ShAdDafrF,18.0,1085.0,17.0,1056.0,FTP
1720729576.38665,CxxdZg1CWxdTJ3ujzk,192.168.1.6,51906.0,192.168.1.4,21.0,tcp,9.774091958999634,111.0,188.0,SF,1.0,1.0,0.0,ShAdDafFr,18.0,1055.0,17.0,1056.0,FTP
1720730616.878147,CAhE7B3EO8AnQ8Ywe,192.168.1.6,38916.0,192.168.1.4,21.0,tcp,10.052877187728882,132.0,188.0,SF,1.0,1.0,0.0,ShAdDafFr,18.0,1076.0,17.0,1056.0,FTP
1720731544.8994,CcdoaX3RxpGvivinG5,192.168.1.6,39674.0,192.168.1.4,21.0,tcp,9.787530899047852,142.0,188.0,SF,1.0,1.0,0.0,ShAdDafFr,18.0,1086.0,17.0,1056.0,FTP
1720729246.393636,CAHwQHQ94G952FBp2,192.168.1.6,43932.0,192.168.1.4,21.0,tcp,9.748435020446776,113.0,188.0,SF,1.0,1.0,0.0,ShAdDafrF,18.0,1057.0,17.0,1056.0,FTP
1720728698.308584,CDPJPq2vTqVdbBsgU,192.168.1.6,40196.0,192.168.1.4,21.0,tcp,10.502700090408323,141.0,188.0,SF,1.0,1.0,0.0,ShAdDafrF,18.0,1085.0,17.0,1056.0,FTP
1720730673.408325,CK9AW841z6fUVe9x33,192.168.1.6,42214.0,192.168.1.4,21.0,tcp,10.105314016342165,126.0,188.0,SF,1.0,1.0,0.0,ShAdDafFr,18.0,1070.0,17.0,1056.0,FTP
1720728186.245968,CB7b5j4kb7Rk20na81,192.168.1.4,41269.0,192.168.1.1,53.0,udp,0.070592880249023,47.0,184.0,SF,1.0,1.0,0.0,Dd,1.0,75.0,1.0,212.0,DNS
1720729078.217616,ConT9B2SwVSH5DtR58,192.168.1.6,49040.0,192.168.1.4,21.0,tcp,10.570240020751951,116.0,188.0,SF,1.0,1.0,0.0,ShAdDafrF,18.0,1060.0,17.0,1056.0,FTP
1720731224.150764,CnlIRVmo5k9FsacRg,192.168.1.6,48638.0,192.168.1.4,21.0,tcp,9.90746808052063,119.0,188.0,SF,1.0,1.0,0.0,ShAdDafrF,18.0,1063.0,17.0,1056.0,FTP
1720729588.065394,CX4szi2AfBDwMLDbm,192.168.1.6,52508.0,192.168.1.4,21.0,tcp,10.07014012336731,112.0,188.0,SF,1.0,1.0,0.0,ShAdDafrF,18.0,1056.0,17.0,1056.0,FTP
1720728306.004912,CJzcENuQSSliBYk71,192.168.1.4,50614.0,31.13.71.7,443.0,udp,0.114190101623535,4129.0,6783.0,SF,1.0,0.0,0.0,Dd,9.0,4381.0,12.0,7119.0,HTTPS
1720729259.048529,CAsp7R3az9TxHDUjb6,192.168.1.6,54530.0,192.168.1.4,21.0,tcp,10.56717014312744,113.0,188.0,SF,1.0,1.0,0.0,ShAdDafFr,18.0,1057.0,17.0,1056.0,FTP
1720727958.198053,C7fXYs4Js4NczR5v74,192.168.1.6,56568.0,192.168.1.4,21.0,tcp,11.075570106506348,117.0,188.0,SF,1.0,1.0,0.0,ShAdDafrF,18.0,1061.0,17.0,1056.0,FTP
1720730985.18288,CeySLF2EaCHZSOVCUd,192.168.1.6,55670.0,192.168.1.4,21.0,tcp,10.283149003982544,126.0,188.0,SF,1.0,1.0,0.0,ShAdDafrF,18.0,1070.0,17.0,1056.0,FTP
1720729935.149964,CovVLc1nO3NLBMMH05,192.168.1.6,47704.0,192.168.1.4,21.0,tcp,10.853896856307983,136.0,188.0,SF,1.0,1.0,0.0,ShAdDafrF,18.0,1080.0,17.0,1056.0,FTP
1720730110.782317,CTokbH8pwzx9VJUb1,192.168.1.6,50374.0,192.168.1.4,21.0,tcp,9.857901096343994,120.0,188.0,SF,1.0,1.0,0.0,ShAdDafFr,18.0,1064.0,17.0,1056.0,FTP
1720728756.675572,CnZfi13sRGR6bTe2A4,192.168.1.6,43566.0,192.168.1.4,21.0,tcp,10.550340175628662,128.0,188.0,SF,1.0,1.0,0.0,ShAdDafrF,18.0,1072.0,17.0,1056.0,FTP
1720727884.770207,CDKVPA1eYPaORBiPlh,192.168.1.6,53472.0,192.168.1.4,21.0,tcp,10.085239171981812,117.0,188.0,SF,1.0,1.0,0.0,ShAdDafrF,18.0,1061.0,17.0,1056.0,FTP
1720728570.322697,ClBYR4WNE3xVgkQ54,192.168.1.6,38152.0,192.168.1.4,21.0,tcp,9.8559889793396,118.0,188.0,SF,1.0,1.0,0.0,ShAdDafrF,18.0,1062.0,17.0,1056.0,FTP
1720730469.511455,Cbapq03qVNWCNuXuGk,192.168.1.6,36346.0,192.168.1.4,21.0,tcp,9.768666982650757,140.0,188.0,SF,1.0,1.0,0.0,ShAdDafFr,18.0,1084.0,17.0,1056.0,FTP
1720728096.095304,CPwSlpEWlIxbRlW34,192.168.1.4,57232.0,204.141.89.122,443.0,tcp,9.768666982650757,140.0,188.0,SF,1.0,1.0,0.0,ShAdDafFr,18.0,1084.0,17.0,1056.0,HTTPS
1720731275.852819,CuhtHQ229ClgPYX5C4,192.168.1.6,39824.0,192.168.1.4,21.0,tcp,10.29813313484192,155.0,188.0,SF,1.0,1.0,0.0,ShAdDafrF,18.0,1099.0,17.0,1056.0,FTP
1720727914.02759,CgRkoQ1cmPcU478BEl,192.168.1.4,49257.0,192.168.1.1,53.0,udp,10.29813313484192,155.0,188.0,SF,1.0,1.0,0.0,ShAdDafrF,18.0,1099.0,17.0,1056.0,DNS
1720728052.956642,CQYQjJ3tA1JFbiRXP5,192.168.1.6,45988.0,192.168.1.4,21.0,tcp,9.610046148300173,118.0,188.0,SF,1.0,1.0,0.0,ShAdDafrF,18.0,1062.0,17.0,1056.0,FTP
1720728190.345397,CFBdPMxKicUYrrCE6,192.168.1.4,43446.0,20.114.189.135,443.0,tcp,9.610046148300173,118.0,188.0,SF,1.0,1.0,0.0,ShAdDafrF,18.0,1062.0,17.0,1056.0,HTTPS
1720729366.278703,Clm2lw1zGmr45xZeF6,192.168.1.6,44466.0,192.168.1.4,21.0,tcp,10.04214596748352,130.0,188.0,SF,1.0,1.0,0.0,ShAdDafFr,18.0,1074.0,17.0,1056.0,FTP
1720728275.020193,Cqya673uidvQKnP1f1,192.168.1.4,48370.0,192.168.1.1,53.0,udp,10.04214596748352,130.0,188.0,SF,1.0,1.0,0.0,ShAdDafFr,18.0,1074.0,17.0,1056.0,DNS
1720727916.400856,CjsY7B3JjDCJPTnkOl,192.168.1.4,37381.0,192.168.1.1,53.0,udp,0.004632949829101,54.0,325.0,SF,1.0,1.0,0.0,Dd,1.0,82.0,1.0,353.0,DNS
1720730068.956274,CAMaur1EscudAeL6Jc,192.168.1.6,51278.0,192.168.1.4,21.0,tcp,9.54659104347229,122.0,188.0,SF,1.0,1.0,0.0,ShAdDafrF,18.0,1066.0,17.0,1056.0,FTP
1720728237.484017,CjV2SQ1PQ3kzMP5ptb,192.168.1.6,39204.0,192.168.1.4,21.0,tcp,9.393375158309937,117.0,188.0,SF,1.0,1.0,0.0,ShAdDafrF,18.0,1061.0,17.0,1056.0,FTP
1720730515.278532,CBoPHK3IZ4scLrk4qi,192.168.1.6,46250.0,192.168.1.4,21.0,tcp,10.521689891815186,132.0,188.0,SF,1.0,1.0,0.0,ShAdDafrF,18.0,1076.0,17.0,1056.0,FTP
1720731574.391483,CLFt2w1q4GSnNlMKv4,192.168.1.6,57216.0,192.168.1.4,21.0,tcp,9.057662963867188,165.0,188.0,SF,1.0,1.0,0.0,ShAdDafFr,18.0,1109.0,17.0,1056.0,FTP
1720729459.973053,ClItEC47YujgKA8HWg,192.168.1.6,56446.0,192.168.1.4,21.0,tcp,10.077811002731323,149.0,188.0,SF,1.0,1.0,0.0,ShAdDafrF,18.0,1093.0,17.0,1056.0,FTP
1720729573.571068,C8Pa6ZYwzKdZbms93,192.168.1.6,51812.0,192.168.1.4,21.0,tcp,9.54561185836792,112.0,188.0,SF,1.0,1.0,0.0,ShAdDafrF,18.0,1056.0,17.0,1056.0,FTP
1720728305.869741,Ciw4HJ2vKK66UWiyi5,192.168.1.4,41776.0,13.224.214.23,443.0,tcp,45.57444906234741,2433.0,6554.0,SF,1.0,0.0,0.0,ShADadFf,15.0,3221.0,13.0,7238.0,HTTPS
1720729911.261623,CI4J521h6rQDX8Jdb3,192.168.1.6,43508.0,192.168.1.4,21.0,tcp,10.95786714553833,122.0,188.0,SF,1.0,1.0,0.0,ShAdDafrF,18.0,1066.0,17.0,1056.0,FTP
1720728125.356862,C2cHfY1tquLrBVY3P,192.168.1.4,46642.0,192.168.1.1,53.0,udp,10.95786714553833,122.0,188.0,SF,1.0,1.0,0.0,ShAdDafrF,18.0,1066.0,17.0,1056.0,DNS
1720729933.672377,CX257s2nMYovaIY035,192.168.1.6,47674.0,192.168.1.4,21.0,tcp,9.021498918533323,130.0,188.0,SF,1.0,1.0,0.0,ShAdDafrF,18.0,1074.0,17.0,1056.0,FTP
1720728216.091402,CJLwtF4KvYhCltqIkc,192.168.1.4,36758.0,204.79.197.237,443.0,tcp,1.774466037750244,3182.0,865765.0,SF,1.0,0.0,61320.0,ShADadgtFf,185.0,10614.0,248.0,875697.0,HTTPS
1720727805.396433,CPHKyP3ka5bU4WGutk,192.168.1.6,41884.0,192.168.1.4,21.0,tcp,10.086455821990969,116.0,188.0,SF,1.0,1.0,0.0,ShAdDafrF,18.0,1060.0,17.0,1056.0,FTP
1720730319.601339,C4gNQI2yo8QsgEDBld,192.168.1.6,39198.0,192.168.1.4,21.0,tcp,10.11509394645691,124.0,188.0,SF,1.0,1.0,0.0,ShAdDafFr,18.0,1068.0,17.0,1056.0,FTP
1720730084.337662,CYyzHv3FhbLkbcJyF7,192.168.1.6,33582.0,192.168.1.4,21.0,tcp,9.069818019866943,129.0,188.0,SF,1.0,1.0,0.0,ShAdDafrF,18.0,1073.0,17.0,1056.0,FTP
1720729968.330513,Cc0V1U4YDRNB2RYac,192.168.1.6,36206.0,192.168.1.4,21.0,tcp,10.906759977340698,134.0,188.0,SF,1.0,1.0,0.0,ShAdDafrF,18.0,1078.0,17.0,1056.0,FTP
1720728861.820938,ChqJlYXBgjmUVoCwg,192.168.1.6,50736.0,192.168.1.4,21.0,tcp,10.136746883392334,142.0,188.0,SF,1.0,1.0,0.0,ShAdDafFr,18.0,1086.0,17.0,1056.0,FTP
1720728707.468428,CajMra1jEA8jP8g042,192.168.1.6,37382.0,192.168.1.4,21.0,tcp,11.2391459941864,143.0,188.0,SF,1.0,1.0,0.0,ShAdDafrF,18.0,1087.0,17.0,1056.0,FTP
1720727733.806923,CvDfu33ywKd3IPyv09,192.168.1.4,37232.0,13.107.246.40,443.0,tcp,90.17338418960573,3037.0,32435.0,SF,1.0,0.0,0.0,ShADadFf,28.0,4501.0,35.0,34263.0,HTTPS
1720730749.607898,C7pKRy3hrlRHQmH4Ee,192.168.1.6,60504.0,192.168.1.4,21.0,tcp,10.026068925857544,133.0,188.0,SF,1.0,1.0,0.0,ShAdDafrF,18.0,1077.0,17.0,1056.0,FTP
1720731177.813485,CXgzoU2BlEraImg4gd,192.168.1.6,44654.0,192.168.1.4,21.0,tcp,9.979406118392944,121.0,188.0,SF,1.0,1.0,0.0,ShAdDafFr,18.0,1065.0,17.0,1056.0,FTP
1720727854.235885,CK2e3i37h6OQGSZi2g,192.168.1.4,36353.0,192.168.1.1,53.0,udp,0.037412166595458,54.0,311.0,SF,1.0,1.0,0.0,Dd,1.0,82.0,1.0,339.0,DNS
1720728275.090623,CtXwLn2Q3tnvTxfSu7,192.168.1.4,33116.0,18.238.4.62,443.0,udp,0.037412166595458,54.0,311.0,SF,1.0,1.0,0.0,Dd,1.0,82.0,1.0,339.0,HTTPS
1720731798.434173,Cmbi4u4jbfYriyFkDg,192.168.1.6,60862.0,192.168.1.4,21.0,tcp,11.397459983825684,141.0,188.0,SF,1.0,1.0,0.0,ShAdDafrF,18.0,1085.0,17.0,1056.0,FTP
1720728924.46306,CXVN4F27n7apzg6xKk,192.168.1.6,56336.0,192.168.1.4,21.0,tcp,9.779120206832886,166.0,188.0,SF,1.0,1.0,0.0,ShAdDafrF,18.0,1110.0,17.0,1056.0,FTP
1720727854.005908,CKnb4k4KlfCs0w0SOb,192.168.1.4,36941.0,192.168.1.1,53.0,udp,0.002743959426879,44.0,126.0,SF,1.0,1.0,0.0,Dd,1.0,72.0,1.0,154.0,DNS
1720730378.798964,C0y6ag24EXnh2q7MJ9,192.168.1.6,33408.0,192.168.1.4,21.0,tcp,8.961557865142822,137.0,188.0,SF,1.0,1.0,0.0,ShAdDafrF,18.0,1081.0,17.0,1056.0,FTP
1720731341.185763,Cbw9O84tdQNRv0xNrj,192.168.1.6,38436.0,192.168.1.4,21.0,tcp,11.23817014694214,162.0,188.0,SF,1.0,1.0,0.0,ShAdDafrF,18.0,1106.0,17.0,1056.0,FTP
1720730214.91879,CdjQyo2mSf5N2yoESh,192.168.1.6,38070.0,192.168.1.4,21.0,tcp,10.625796794891356,149.0,188.0,SF,1.0,1.0,0.0,ShAdDafFr,18.0,1093.0,17.0,1056.0,FTP
1720727884.90671,CQKwQu38lCTlYDe5E,192.168.1.4,55886.0,31.13.71.36,443.0,tcp,10.625796794891356,149.0,188.0,SF,1.0,1.0,0.0,ShAdDafFr,18.0,1093.0,17.0,1056.0,HTTPS
1720730689.363536,CmtO672XYsqfneq2Yl,192.168.1.6,33202.0,192.168.1.4,21.0,tcp,9.844455003738403,127.0,188.0,SF,1.0,1.0,0.0,ShAdDafFr,18.0,1071.0,17.0,1056.0,FTP
1720729167.304773,CFyz6x29pSINsTwAIf,192.168.1.6,38298.0,192.168.1.4,21.0,tcp,10.01543402671814,112.0,188.0,SF,1.0,1.0,0.0,ShAdDafrF,18.0,1056.0,17.0,1056.0,FTP
1720727884.433516,CKlPFe4uPG8kmrTTdl,192.168.1.4,50408.0,104.18.32.90,443.0,tcp,0.041051864624023,1884.0,4739.0,SF,1.0,0.0,0.0,ShADadFRfR,9.0,2336.0,6.0,5059.0,HTTPS
1720728305.9723,CxPKSN1v5XFKdEjF78,192.168.1.4,53905.0,142.250.80.34,443.0,tcp,0.041051864624023,1884.0,4739.0,SF,1.0,0.0,0.0,ShADadFRfR,9.0,2336.0,6.0,5059.0,HTTPS
1720728095.599644,CLqlfhxGqF37atn6d,192.168.1.4,34636.0,142.251.41.2,443.0,tcp,0.041051864624023,1884.0,4739.0,SF,1.0,0.0,0.0,ShADadFRfR,9.0,2336.0,6.0,5059.0,HTTPS
1720731266.479322,C9d35C4yozAZaFk8G8,192.168.1.6,32774.0,192.168.1.4,21.0,tcp,9.872969150543211,172.0,188.0,SF,1.0,1.0,0.0,ShAdDafrF,18.0,1116.0,17.0,1056.0,FTP
1720728164.908659,CnTrJA2OfTbgMloKz8,192.168.1.6,46920.0,192.168.1.4,21.0,tcp,8.792686939239502,118.0,188.0,SF,1.0,1.0,0.0,ShAdDafrF,18.0,1062.0,17.0,1056.0,FTP
1720731868.663685,CoceA53V3pRY2iUs2,192.168.1.6,58088.0,192.168.1.4,21.0,tcp,10.20944881439209,115.0,188.0,SF,1.0,1.0,0.0,ShAdDafFr,18.0,1059.0,17.0,1056.0,FTP
1720730339.507522,CskLNK1IdpJVfqjIDj,192.168.1.6,35464.0,192.168.1.4,21.0,tcp,9.558453798294067,130.0,188.0,SF,1.0,1.0,0.0,ShAdDafrF,18.0,1074.0,17.0,1056.0,FTP
1720731921.074927,Cp6w1M1At56BSb55Zh,192.168.1.6,38646.0,192.168.1.4,21.0,tcp,9.969421863555908,141.0,188.0,SF,1.0,1.0,0.0,ShAdDafrF,18.0,1085.0,17.0,1056.0,FTP
1720727915.661516,C9L4SKkqKU6xvjoKj,192.168.1.4,49176.0,13.224.214.45,443.0,tcp,0.038035154342651,1823.0,4798.0,RSTO,1.0,0.0,0.0,ShADadFR,7.0,2183.0,6.0,5118.0,HTTPS
1720731706.240116,CiVLni2XcajPjk8VAf,192.168.1.6,52910.0,192.168.1.4,21.0,tcp,10.561938047409058,151.0,188.0,SF,1.0,1.0,0.0,ShAdDafrF,18.0,1095.0,17.0,1056.0,FTP
1720729623.867846,C0j3592q8FWZHdUX64,192.168.1.6,32828.0,192.168.1.4,21.0,tcp,9.282329082489014,112.0,188.0,SF,1.0,1.0,0.0,ShAdDafFr,18.0,1056.0,17.0,1056.0,FTP
1720731574.606232,C0JUEg2fzUKXqHMNGl,192.168.1.6,57228.0,192.168.1.4,21.0,tcp,9.466431140899658,158.0,188.0,SF,1.0,1.0,0.0,ShAdDafrF,18.0,1102.0,17.0,1056.0,FTP
1720731308.142075,Cpsijv3x9wYX7l3jz,192.168.1.6,55896.0,192.168.1.4,21.0,tcp,10.12696099281311,162.0,188.0,SF,1.0,1.0,0.0,ShAdDafrF,18.0,1106.0,17.0,1056.0,FTP
1720731286.873133,CqlIiV14CvMp82FZC,192.168.1.6,50088.0,192.168.1.4,21.0,tcp,10.968608140945436,164.0,188.0,SF,1.0,1.0,0.0,ShAdDafrF,18.0,1108.0,17.0,1056.0,FTP
1720728275.585309,CLwd0F2PXx8QB8cank,192.168.1.4,40724.0,192.168.1.1,53.0,udp,0.016561031341552,43.0,251.0,SF,1.0,1.0,0.0,Dd,1.0,71.0,1.0,279.0,DNS
1720729584.255329,Cy8gmz4kPlwEcqL8xc,192.168.1.6,52400.0,192.168.1.4,21.0,tcp,10.424681186676024,112.0,188.0,SF,1.0,1.0,0.0,ShAdDafrF,18.0,1056.0,17.0,1056.0,FTP
1720728335.295632,C9gKjD2aQxyEl9aDYj,192.168.1.4,58373.0,104.18.32.115,443.0,tcp,10.424681186676024,112.0,188.0,SF,1.0,1.0,0.0,ShAdDafrF,18.0,1056.0,17.0,1056.0,HTTPS
1720730580.112347,CVYuo81q1U7Ss53949,192.168.1.6,39560.0,192.168.1.4,21.0,tcp,10.94320821762085,134.0,188.0,SF,1.0,1.0,0.0,ShAdDafrF,18.0,1078.0,17.0,1056.0,FTP
1720730525.419042,CHpBf92NeUxzFeCkx2,192.168.1.6,49572.0,192.168.1.4,21.0,tcp,9.32993483543396,117.0,188.0,SF,1.0,1.0,0.0,ShAdDafFr,18.0,1061.0,17.0,1056.0,FTP
1720729985.326733,ClcvI83OndfbGjwQJg,192.168.1.6,44518.0,192.168.1.4,21.0,tcp,10.244362831115724,127.0,188.0,SF,1.0,1.0,0.0,ShAdDafrF,18.0,1071.0,17.0,1056.0,FTP
1720728096.842103,CAFtGT1x6zA8qHjHjh,192.168.1.4,44641.0,192.168.1.1,53.0,udp,0.055336952209472,65.0,162.0,SF,1.0,1.0,0.0,Dd,1.0,93.0,1.0,190.0,DNS
1720729305.81585,CfKFpV1aIL97huZwV4,192.168.1.6,43818.0,192.168.1.4,21.0,tcp,9.661431074142456,132.0,188.0,SF,1.0,1.0,0.0,ShAdDafrF,18.0,1076.0,17.0,1056.0,FTP
1720727823.273745,Ch0xF24vJzxTDM3awd,192.168.1.4,48219.0,192.168.1.1,53.0,udp,9.661431074142456,132.0,188.0,SF,1.0,1.0,0.0,ShAdDafrF,18.0,1076.0,17.0,1056.0,DNS
1720728096.271197,CyeZSS1Gv61HYdP02b,192.168.1.4,48300.0,192.168.1.1,53.0,udp,9.661431074142456,132.0,188.0,SF,1.0,1.0,0.0,ShAdDafrF,18.0,1076.0,17.0,1056.0,DNS
1720730366.578055,CFoPJ22wfcZRoE2jG4,192.168.1.6,44782.0,192.168.1.4,21.0,tcp,9.018218994140623,122.0,188.0,SF,1.0,1.0,0.0,ShAdDafrF,18.0,1066.0,17.0,1056.0,FTP
1720728096.972336,CvR87024aJ4ZZcY5nc,192.168.1.4,59570.0,192.168.1.1,53.0,udp,0.001405000686645,45.0,251.0,SF,1.0,1.0,0.0,Dd,1.0,73.0,1.0,279.0,DNS
1720727854.039662,CT19Xc2JnCiP3RceJc,192.168.1.4,49062.0,192.168.1.1,53.0,udp,0.005455017089843,53.0,103.0,SF,1.0,1.0,0.0,Dd,1.0,81.0,1.0,131.0,DNS
1720728306.226383,CbH4bJ1KHyhJYzxtz1,192.168.1.4,56856.0,142.251.40.196,443.0,tcp,25.698766946792603,1862.0,5348.0,SF,1.0,0.0,0.0,ShADadfFr,10.0,2390.0,10.0,5864.0,HTTPS
1720728187.089696,CGevFK1RX7BUmwblhl,192.168.1.4,41595.0,192.168.1.1,53.0,udp,0.001485109329223,82.0,164.0,SF,1.0,1.0,0.0,Dd,1.0,110.0,1.0,192.0,DNS
1720731049.074487,CiHCGF4MjGd4cufhaj,192.168.1.6,33162.0,192.168.1.4,21.0,tcp,11.447046995162964,135.0,188.0,SF,1.0,1.0,0.0,ShAdDafrF,18.0,1079.0,17.0,1056.0,FTP
1720729946.00404,CYnS6M1I3dOz8gjwkh,192.168.1.6,56040.0,192.168.1.4,21.0,tcp,10.379072904586792,122.0,188.0,SF,1.0,1.0,0.0,ShAdDafrF,18.0,1066.0,17.0,1056.0,FTP
1720729525.504365,Cf7zTE31ksFXckRtCi,192.168.1.6,56868.0,192.168.1.4,21.0,tcp,9.990705013275146,109.0,188.0,SF,1.0,1.0,0.0,ShAdDafrF,18.0,1053.0,17.0,1056.0,FTP
1720727845.009782,C5pglz3D8OL4Ddrv4b,192.168.1.6,39278.0,192.168.1.4,21.0,tcp,10.609814882278442,118.0,188.0,SF,1.0,1.0,0.0,ShAdDafFr,18.0,1062.0,17.0,1056.0,FTP
1720727914.5048,CL3oZc2xggePNWnApb,192.168.1.4,57797.0,142.251.32.98,443.0,udp,1.346524953842163,10046.0,195563.0,SF,1.0,0.0,0.0,Dd,74.0,12118.0,165.0,200183.0,HTTPS
1720727786.543168,CGJdbi4pawYyOf4fM,192.168.1.4,56576.0,192.168.1.1,53.0,udp,0.001978874206542,51.0,116.0,SF,1.0,1.0,0.0,Dd,1.0,79.0,1.0,144.0,DNS
1720731623.803688,CB8QyH2rRitD3IOyZ6,192.168.1.6,35044.0,192.168.1.4,21.0,tcp,9.972883939743042,168.0,188.0,SF,1.0,1.0,0.0,ShAdDafrF,18.0,1112.0,17.0,1056.0,FTP
1720730635.768661,CwjOJS2YwzP4MDvab6,192.168.1.6,48592.0,192.168.1.4,21.0,tcp,9.928241968154907,125.0,188.0,SF,1.0,1.0,0.0,ShAdDafrF,18.0,1069.0,17.0,1056.0,FTP
1720728154.581218,CzAcBl1Al8sOsgbJG2,192.168.1.4,56490.0,192.168.1.1,53.0,udp,0.083362102508544,47.0,381.0,SF,1.0,1.0,0.0,Dd,1.0,75.0,1.0,409.0,DNS
1720728096.351176,CFfegn37PS89K9Er68,192.168.1.4,37483.0,142.250.81.238,443.0,udp,0.083362102508544,47.0,381.0,SF,1.0,1.0,0.0,IIiiiIhhhHHhH,1.0,75.0,1.0,409.0,HTTPS
1720728963.681535,CVGbeS34gird3iz5W6,192.168.1.6,43058.0,192.168.1.4,21.0,tcp,9.485104084014893,109.0,188.0,SF,1.0,1.0,0.0,ShAdDafFr,18.0,1053.0,17.0,1056.0,FTP
1720731640.506186,CzzZXF1MevkNBOaky5,192.168.1.6,42286.0,192.168.1.4,21.0,tcp,9.35928988456726,177.0,188.0,SF,1.0,1.0,0.0,ShAdDafFr,18.0,1121.0,17.0,1056.0,FTP
1720728893.591528,C6msvq1QcXQsKazQ,192.168.1.6,35836.0,192.168.1.4,21.0,tcp,9.49997615814209,146.0,188.0,SF,1.0,1.0,0.0,ShAdDafrF,18.0,1090.0,17.0,1056.0,FTP
1720730759.735288,CIlJEQ1jPCSUC4qmD6,192.168.1.6,50918.0,192.168.1.4,21.0,tcp,9.488867998123167,130.0,188.0,SF,1.0,1.0,0.0,ShAdDafrF,18.0,1074.0,17.0,1056.0,FTP
1720728155.555035,C2XDhD6ne2naQzlgc,192.168.1.4,56143.0,192.168.1.1,53.0,udp,9.488867998123167,130.0,188.0,SF,1.0,1.0,0.0,ShAdDafrF,18.0,1074.0,17.0,1056.0,DNS
1720731148.123319,CtD0w32NtBdzjOsJg4,192.168.1.6,58612.0,192.168.1.4,21.0,tcp,9.589776039123535,108.0,188.0,SF,1.0,1.0,0.0,ShAdDafrF,18.0,1052.0,17.0,1056.0,FTP
1720729325.294195,CGSIgK3FWIk01e3i0k,192.168.1.6,54756.0,192.168.1.4,21.0,tcp,10.424780130386353,109.0,188.0,SF,1.0,1.0,0.0,ShAdDafrF,18.0,1053.0,17.0,1056.0,FTP
1720731583.449242,Clt9Eo4cpfK4Nxdfml,192.168.1.6,47632.0,192.168.1.4,21.0,tcp,10.02562689781189,155.0,188.0,SF,1.0,1.0,0.0,ShAdDafrF,18.0,1099.0,17.0,1056.0,FTP
1720728849.571245,C3LY741kayOjx8HJ81,192.168.1.6,39796.0,192.168.1.4,21.0,tcp,9.8314311504364,113.0,188.0,SF,1.0,1.0,0.0,ShAdDafrF,18.0,1057.0,17.0,1056.0,FTP
1720730485.345824,CRPgyzXcZ78cFiIo1,192.168.1.6,48648.0,192.168.1.4,21.0,tcp,9.498140096664429,151.0,188.0,SF,1.0,1.0,0.0,ShAdDafFr,18.0,1095.0,17.0,1056.0,FTP
1720731013.679557,CxvELu4c3RfD1Lyoc2,192.168.1.6,35518.0,192.168.1.4,21.0,tcp,11.364337921142578,121.0,188.0,SF,1.0,1.0,0.0,ShAdDafrF,18.0,1065.0,17.0,1056.0,FTP
1720727915.727266,CBUKvz4RbDqAB1lDrb,192.168.1.4,54271.0,192.168.1.1,53.0,udp,11.364337921142578,121.0,188.0,SF,1.0,1.0,0.0,ShAdDafrF,18.0,1065.0,17.0,1056.0,DNS
1720728623.782953,CnvubM27XgLj2FMpj8,192.168.1.6,36678.0,192.168.1.4,21.0,tcp,10.118447065353394,126.0,188.0,SF,1.0,1.0,0.0,ShAdDafrF,18.0,1070.0,17.0,1056.0,FTP
1720728124.741251,C3PCME382ZoykS1Mi3,192.168.1.4,39120.0,18.238.4.35,443.0,tcp,84.02178311347961,4628.0,57169.0,SF,1.0,0.0,0.0,ShADadFf,35.0,6456.0,36.0,59049.0,HTTPS
1720728217.79798,CBZSQo1GtofcAcBw2g,192.168.1.4,52960.0,13.107.21.239,443.0,tcp,0.065951824188232,1728.0,5896.0,S2,1.0,0.0,0.0,ShADadF,7.0,2028.0,6.0,6148.0,HTTPS
1720728034.178098,Cfoudv15nzWqvdQbPg,192.168.1.4,35774.0,144.118.67.10,443.0,tcp,0.065951824188232,1728.0,5896.0,S2,1.0,0.0,0.0,ShADadF,7.0,2028.0,6.0,6148.0,HTTPS
1720731931.972249,C56HjVafO7ewjvsxj,192.168.1.6,37698.0,192.168.1.4,21.0,tcp,9.497616052627563,156.0,188.0,SF,1.0,1.0,0.0,ShAdDafrF,18.0,1100.0,17.0,1056.0,FTP
1720727884.434077,Cz0CAaLPpVQnwXXUh,192.168.1.4,50464.0,104.18.32.90,443.0,tcp,0.041159868240356,1820.0,4739.0,SF,1.0,0.0,0.0,ShADadFRfR,10.0,2324.0,7.0,5111.0,HTTPS
1720730971.359332,CaaxTIp9LZ58BBIp7,192.168.1.6,48946.0,192.168.1.4,21.0,tcp,10.662469863891602,126.0,188.0,SF,1.0,1.0,0.0,ShAdDafrF,18.0,1070.0,17.0,1056.0,FTP
1720731494.090425,C7C8x438N3enFiFj4a,192.168.1.6,37928.0,192.168.1.4,21.0,tcp,10.379595041275024,164.0,188.0,SF,1.0,1.0,0.0,ShAdDafFr,18.0,1108.0,17.0,1056.0,FTP
1720728064.702407,CUAI253dOhSxdQj7d,192.168.1.4,43726.0,192.168.1.1,53.0,udp,10.379595041275024,164.0,188.0,SF,1.0,1.0,0.0,ShAdDafFr,18.0,1108.0,17.0,1056.0,DNS
1720727835.116914,CsTzCK3Yu2Wr3s27jf,192.168.1.6,42368.0,192.168.1.4,21.0,tcp,9.973285913467407,117.0,188.0,SF,1.0,1.0,0.0,ShAdDafFr,18.0,1061.0,17.0,1056.0,FTP
1720728361.99345,CYFAFf3SQs7vtjEmX9,192.168.1.6,36094.0,192.168.1.4,21.0,tcp,9.19855809211731,117.0,188.0,SF,1.0,1.0,0.0,ShAdDafrF,18.0,1061.0,17.0,1056.0,FTP
1720727734.882157,CEt1HI3iyJFRyem7S6,192.168.1.4,52018.0,142.250.65.163,443.0,tcp,9.19855809211731,117.0,188.0,SF,1.0,1.0,0.0,ShAdDafrF,18.0,1061.0,17.0,1056.0,HTTPS
1720727642.913585,CRS8xe4WhHZnjzG3Wb,192.168.1.4,37114.0,23.205.106.154,443.0,tcp,300.8366930484772,3816.0,133676.0,SF,1.0,0.0,0.0,ShADadFfR,55.0,6660.0,70.0,137324.0,HTTPS
1720730264.278694,CtdldH2IFkR8TYsLr6,192.168.1.6,45288.0,192.168.1.4,21.0,tcp,10.001172065734863,122.0,188.0,SF,1.0,1.0,0.0,ShAdDafrF,18.0,1066.0,17.0,1056.0,FTP
1720727943.76375,ChNmQE318NalVlZjek,192.168.1.4,36004.0,104.16.148.244,443.0,tcp,10.001172065734863,122.0,188.0,SF,1.0,1.0,0.0,ShAdDafrF,18.0,1066.0,17.0,1056.0,HTTPS
1720730740.644882,CBOy5f2U1ODVofC7m,192.168.1.6,52538.0,192.168.1.4,21.0,tcp,9.97797703742981,124.0,188.0,SF,1.0,1.0,0.0,ShAdDafrF,18.0,1068.0,17.0,1056.0,FTP
1720729784.341155,Cy9h032k48Yfpv6lSg,192.168.1.6,60724.0,192.168.1.4,21.0,tcp,10.633354902267456,113.0,188.0,SF,1.0,1.0,0.0,ShAdDafrF,18.0,1057.0,17.0,1056.0,FTP
1720727990.585411,CxDcGJ35FClrjfytGi,192.168.1.6,48590.0,192.168.1.4,21.0,tcp,10.0624418258667,118.0,188.0,SF,1.0,1.0,0.0,ShAdDafrF,18.0,1062.0,17.0,1056.0,FTP
1720728129.90451,Cci4ic3POlGsy0inG,192.168.1.6,46876.0,192.168.1.4,21.0,tcp,9.650768995285034,118.0,188.0,SF,1.0,1.0,0.0,ShAdDafrF,18.0,1062.0,17.0,1056.0,FTP
1720729645.417028,CtyjNI1AT6OAyxpofd,192.168.1.6,46066.0,192.168.1.4,21.0,tcp,9.873214960098268,119.0,188.0,SF,1.0,1.0,0.0,ShAdDafrF,18.0,1063.0,17.0,1056.0,FTP
1720730495.88551,C6ojjwYew4yQvxGw4,192.168.1.6,58732.0,192.168.1.4,21.0,tcp,10.888121128082275,130.0,188.0,SF,1.0,1.0,0.0,ShAdDafrF,18.0,1074.0,17.0,1056.0,FTP
1720728125.163253,CDKKEH3MgZtkhrKv2h,192.168.1.4,53610.0,31.13.71.7,443.0,udp,0.05879783630371,2763.0,4284.0,SF,1.0,0.0,0.0,Dd,6.0,2931.0,8.0,4508.0,HTTPS
1720728257.024639,CQgcAv4EvXBaeXGVDc,192.168.1.6,46694.0,192.168.1.4,21.0,tcp,9.956645011901855,118.0,188.0,SF,1.0,1.0,0.0,ShAdDafrF,18.0,1062.0,17.0,1056.0,FTP
1720730211.759723,Cp98yr33Nr1WIFF2b9,192.168.1.6,59454.0,192.168.1.4,21.0,tcp,10.583132028579712,121.0,188.0,SF,1.0,1.0,0.0,ShAdDafrF,18.0,1065.0,17.0,1056.0,FTP
1720730951.10073,C3qkKr3FkCnSwoE0rb,192.168.1.6,56920.0,192.168.1.4,21.0,tcp,10.267274141311646,139.0,188.0,SF,1.0,1.0,0.0,ShAdDafFr,18.0,1083.0,17.0,1056.0,FTP
1720729734.47259,Cs39u04qYbsSHjlKp,192.168.1.6,42482.0,192.168.1.4,21.0,tcp,9.865051031112673,117.0,188.0,SF,1.0,1.0,0.0,ShAdDafrF,18.0,1061.0,17.0,1056.0,FTP
1720727916.238348,CMPKXl1Q9SdKlixuz,192.168.1.4,51828.0,192.168.1.1,53.0,udp,9.865051031112673,117.0,188.0,SF,1.0,1.0,0.0,ShAdDafrF,18.0,1061.0,17.0,1056.0,DNS
1720728574.379032,CnKaxNZPAJLF5cIRf,192.168.1.6,47566.0,192.168.1.4,21.0,tcp,10.63618016242981,116.0,188.0,SF,1.0,1.0,0.0,ShAdDafFr,18.0,1060.0,17.0,1056.0,FTP
1720727969.261178,C0Wap3kMkbfu4xbig,192.168.1.6,41734.0,192.168.1.4,21.0,tcp,10.961605072021484,118.0,188.0,SF,1.0,1.0,0.0,ShAdDafrF,18.0,1062.0,17.0,1056.0,FTP
1720731742.530501,CknKao14Ll9HJ1PfWi,192.168.1.6,52738.0,192.168.1.4,21.0,tcp,10.05569314956665,168.0,188.0,SF,1.0,1.0,0.0,ShAdDafrF,18.0,1112.0,17.0,1056.0,FTP
1720728399.623088,CnRQF147vB3cVSHdX2,192.168.1.6,60268.0,192.168.1.4,21.0,tcp,10.185221195220947,118.0,188.0,SF,1.0,1.0,0.0,ShAdDafFr,18.0,1062.0,17.0,1056.0,FTP
1720727786.570289,CHpFsFvvnDbQuHlyf,192.168.1.4,38074.0,104.96.221.57,443.0,tcp,10.185221195220947,118.0,188.0,SF,1.0,1.0,0.0,ShAdDafFr,18.0,1062.0,17.0,1056.0,HTTPS
1720730515.703257,Cuuvqo4a6eGEk0zZpc,192.168.1.6,46270.0,192.168.1.4,21.0,tcp,9.71566390991211,125.0,188.0,SF,1.0,1.0,0.0,ShAdDafFr,18.0,1069.0,17.0,1056.0,FTP
1720728094.428773,CQdRYy2fqRUMO5wQab,192.168.1.4,57088.0,192.168.1.1,53.0,udp,9.71566390991211,125.0,188.0,SF,1.0,1.0,0.0,ShAdDafFr,18.0,1069.0,17.0,1056.0,DNS
1720728154.960672,C5GSYB2XhoH8xFWRS2,192.168.1.6,47702.0,192.168.1.4,21.0,tcp,9.947787046432495,118.0,188.0,SF,1.0,1.0,0.0,ShAdDafrF,18.0,1062.0,17.0,1056.0,FTP
1720730205.995348,CbwjV74movUXQJFCYf,192.168.1.6,59400.0,192.168.1.4,21.0,tcp,11.094363927841188,128.0,188.0,SF,1.0,1.0,0.0,ShAdDafrF,18.0,1072.0,17.0,1056.0,FTP
1720728226.989074,CSXVPC30oPBRSeyxXe,192.168.1.6,34590.0,192.168.1.4,21.0,tcp,10.40704107284546,118.0,188.0,SF,1.0,1.0,0.0,ShAdDafrF,18.0,1062.0,17.0,1056.0,FTP
1720727765.825275,ClCX189jLnXcQePri,192.168.1.4,46928.0,192.168.1.1,53.0,udp,10.40704107284546,118.0,188.0,SF,1.0,1.0,0.0,ShAdDafrF,18.0,1062.0,17.0,1056.0,DNS
1720727770.308598,CwyXrn1VN7m9QwClG2,192.168.1.4,40356.0,20.114.189.135,443.0,tcp,8.99910593032837,2857.0,5892.0,RSTO,1.0,0.0,0.0,ShADadfR,12.0,3501.0,11.0,6472.0,HTTPS
1720728191.389336,CSMbYyfcoFBfcEwEl,192.168.1.4,54903.0,142.250.176.206,443.0,tcp,8.99910593032837,2857.0,5892.0,RSTO,1.0,0.0,0.0,ShADadfR,12.0,3501.0,11.0,6472.0,HTTPS
1720730012.994294,Cu5vIG3KlmRXG8TjO4,192.168.1.6,51464.0,192.168.1.4,21.0,tcp,8.839607000350952,119.0,188.0,SF,1.0,1.0,0.0,ShAdDafFr,18.0,1063.0,17.0,1056.0,FTP
1720731927.932994,Cww9294g01jZKRfC6j,192.168.1.6,37636.0,192.168.1.4,21.0,tcp,10.129751205444336,182.0,188.0,SF,1.0,1.0,0.0,ShAdDafrF,18.0,1126.0,17.0,1056.0,FTP
1720730244.968441,CoilC33YGqa58GpfK1,192.168.1.6,59278.0,192.168.1.4,21.0,tcp,10.65291690826416,140.0,188.0,SF,1.0,1.0,0.0,ShAdDafrF,18.0,1084.0,17.0,1056.0,FTP
1720727733.509501,C3g0GW36UL10JdvcA8,192.168.1.4,60801.0,142.251.40.110,443.0,tcp,10.65291690826416,140.0,188.0,SF,1.0,1.0,0.0,ShAdDafrF,18.0,1084.0,17.0,1056.0,HTTPS
1720727974.009931,Cp6BKQ1yvU1icPHjod,192.168.1.4,38142.0,204.235.147.206,443.0,tcp,0.139761924743652,3780.0,249567.0,RSTO,1.0,0.0,0.0,ShADadFRR,88.0,7320.0,115.0,254179.0,HTTPS
1720731496.464196,Cx1BJF3NnYpwtFQGY9,192.168.1.6,37970.0,192.168.1.4,21.0,tcp,9.536514043807983,155.0,188.0,SF,1.0,1.0,0.0,ShAdDafrF,18.0,1099.0,17.0,1056.0,FTP
1720731236.079232,ChFUE32bnuo9u8MkDl,192.168.1.6,35008.0,192.168.1.4,21.0,tcp,9.849957942962646,133.0,188.0,SF,1.0,1.0,0.0,ShAdDafrF,18.0,1077.0,17.0,1056.0,FTP
1720728154.581321,C3tCx12tDhkqhZv1R8,192.168.1.4,53901.0,192.168.1.1,53.0,udp,9.849957942962646,133.0,188.0,SF,1.0,1.0,0.0,ShAdDafrF,18.0,1077.0,17.0,1056.0,DNS
1720727914.483788,CUYqu84GJ74wTiqVMi,192.168.1.4,59995.0,192.168.1.1,53.0,udp,9.849957942962646,133.0,188.0,SF,1.0,1.0,0.0,ShAdDafrF,18.0,1077.0,17.0,1056.0,DNS
1720731091.211362,Cr4X9m3cghZlqLwDml,192.168.1.6,51634.0,192.168.1.4,21.0,tcp,10.125728130340576,123.0,188.0,SF,1.0,1.0,0.0,ShAdDafrF,18.0,1067.0,17.0,1056.0,FTP
1720728154.577593,C6e8oZ390No7R9tDa4,192.168.1.4,33594.0,104.16.40.28,443.0,tcp,54.17339181900024,3544.0,7522.0,SF,1.0,0.0,0.0,ShADadFf,26.0,4904.0,22.0,8674.0,HTTPS
1720728244.979004,CYR0P44aqhcZ5yBWlk,192.168.1.4,42180.0,20.76.201.171,443.0,tcp,54.17339181900024,3544.0,7522.0,SF,1.0,0.0,0.0,ShADadFf,26.0,4904.0,22.0,8674.0,HTTPS
1720729880.21032,CdgIP1QK4j0J4b0zl,192.168.1.6,46264.0,192.168.1.4,21.0,tcp,10.664539098739624,125.0,188.0,SF,1.0,1.0,0.0,ShAdDafFr,18.0,1069.0,17.0,1056.0,FTP
1720730779.01055,C1GtLqE8H2GtnsiL6,192.168.1.6,57996.0,192.168.1.4,21.0,tcp,9.9785258769989,119.0,188.0,SF,1.0,1.0,0.0,ShAdDafrF,18.0,1063.0,17.0,1056.0,FTP
1720731494.035874,C5Y4QJ3vkHySd8ymNl,192.168.1.6,37914.0,192.168.1.4,21.0,tcp,10.372315168380736,140.0,188.0,SF,1.0,1.0,0.0,ShAdDafFr,18.0,1084.0,17.0,1056.0,FTP
1720728245.221772,ClOKGCKHruMMTXvW8,192.168.1.4,41285.0,192.168.1.1,53.0,udp,0.002772092819213,62.0,62.0,SF,1.0,1.0,0.0,Dd,1.0,90.0,1.0,90.0,DNS
1720731048.263617,CyDBgMpAyrspFfJt6,192.168.1.6,33146.0,192.168.1.4,21.0,tcp,9.765307903289797,131.0,188.0,SF,1.0,1.0,0.0,ShAdDafFr,18.0,1075.0,17.0,1056.0,FTP
1720729308.979425,CZagZ64iqMQXxmHIk1,192.168.1.6,43876.0,192.168.1.4,21.0,tcp,8.889029026031494,122.0,188.0,SF,1.0,1.0,0.0,ShAdDafrF,18.0,1066.0,17.0,1056.0,FTP
1720729525.528901,CjZF3c4W7UnGNR8Vaf,192.168.1.6,56884.0,192.168.1.4,21.0,tcp,10.001254796981812,116.0,188.0,SF,1.0,1.0,0.0,ShAdDafrF,18.0,1060.0,17.0,1056.0,FTP
1720729928.17502,C6KIuc4A69VLbNT9C3,192.168.1.6,52132.0,192.168.1.4,21.0,tcp,9.959990978240969,136.0,188.0,SF,1.0,1.0,0.0,ShAdDafrF,18.0,1080.0,17.0,1056.0,FTP
1720729427.653959,CufQyLoW9Nt9g1Zd7,192.168.1.6,47262.0,192.168.1.4,21.0,tcp,10.35631799697876,121.0,188.0,SF,1.0,1.0,0.0,ShAdDafrF,18.0,1065.0,17.0,1056.0,FTP
1720731579.432712,CMZH6D3nUzFelcZug3,192.168.1.6,57260.0,192.168.1.4,21.0,tcp,10.053210020065308,149.0,188.0,SF,1.0,1.0,0.0,ShAdDafrF,18.0,1093.0,17.0,1056.0,FTP
1720730555.443223,CetEkU20ifs649b49h,192.168.1.6,59416.0,192.168.1.4,21.0,tcp,9.38400101661682,124.0,188.0,SF,1.0,1.0,0.0,ShAdDafFr,18.0,1068.0,17.0,1056.0,FTP
1720729533.948182,C6o3AC1QZjRQIxC0C8,192.168.1.6,37616.0,192.168.1.4,21.0,tcp,10.22514796257019,132.0,188.0,SF,1.0,1.0,0.0,ShAdDafFr,18.0,1076.0,17.0,1056.0,FTP
1720727832.308463,CckVaE3l0QlL7F3oo4,192.168.1.4,36783.0,192.168.1.1,53.0,udp,10.22514796257019,132.0,188.0,SF,1.0,1.0,0.0,ShAdDafFr,18.0,1076.0,17.0,1056.0,DNS
1720727734.396164,Cnkfp54V4Zr4rABEEb,192.168.1.4,41677.0,104.18.10.207,443.0,udp,10.22514796257019,132.0,188.0,SF,1.0,1.0,0.0,ShAdDafFr,18.0,1076.0,17.0,1056.0,HTTPS
1720728336.191499,C6D4nLnBgp0afF1F1,192.168.1.4,58575.0,192.168.1.1,53.0,udp,10.22514796257019,132.0,188.0,SF,1.0,1.0,0.0,ShAdDafFr,18.0,1076.0,17.0,1056.0,DNS
1720730534.559603,CilGS7ec2wFQEJ6Zg,192.168.1.6,58684.0,192.168.1.4,21.0,tcp,9.524243116378784,135.0,188.0,SF,1.0,1.0,0.0,ShAdDafFr,18.0,1079.0,17.0,1056.0,FTP
1720728124.582522,C4V03z2aTM6fUCAFUi,192.168.1.4,40344.0,18.238.4.71,80.0,tcp,30.039725065231323,0.0,0.0,SF,1.0,0.0,0.0,ShAfFa,4.0,216.0,3.0,164.0,HTTP
1720727676.146608,CDed9z6tD3ul8FLbg,192.168.1.4,49608.0,204.79.197.237,443.0,tcp,128.7784628868103,3867.0,10118.0,RSTR,1.0,0.0,0.0,ShADadr,17.0,4567.0,25.0,11130.0,HTTPS
1720729961.259049,Cmfgh94zsV3RW5vl6a,192.168.1.6,48552.0,192.168.1.4,21.0,tcp,11.036060094833374,121.0,188.0,SF,1.0,1.0,0.0,ShAdDafrF,18.0,1065.0,17.0,1056.0,FTP
1720730348.461793,CwhM8h4S6dsD8EDoIk,192.168.1.6,48962.0,192.168.1.4,21.0,tcp,9.2692129611969,123.0,188.0,SF,1.0,1.0,0.0,ShAdDafrF,18.0,1067.0,17.0,1056.0,FTP
1720727775.23243,Crfo334dWKt16MRf02,192.168.1.6,35216.0,192.168.1.4,21.0,tcp,9.912725925445557,118.0,188.0,SF,1.0,1.0,0.0,ShAdDafFr,18.0,1062.0,17.0,1056.0,FTP
1720728615.991425,Ct5kOR2quQICrmV24g,192.168.1.6,37334.0,192.168.1.4,21.0,tcp,10.614248991012571,124.0,188.0,SF,1.0,1.0,0.0,ShAdDafFr,18.0,1068.0,17.0,1056.0,FTP
1720731679.774136,CcLJLR3FQK0FyTXuR5,192.168.1.6,44882.0,192.168.1.4,21.0,tcp,10.39616584777832,160.0,188.0,SF,1.0,1.0,0.0,ShAdDafFr,18.0,1104.0,17.0,1056.0,FTP
1720728410.848181,CkcR6r27S3avoS0HQ4,192.168.1.4,39006.0,192.168.1.1,53.0,udp,10.39616584777832,160.0,188.0,SF,1.0,1.0,0.0,ShAdDafFr,18.0,1104.0,17.0,1056.0,DNS
1720730309.158446,CRbcfP1hbqaEcIhKa5,192.168.1.6,50298.0,192.168.1.4,21.0,tcp,10.391057014465332,123.0,188.0,SF,1.0,1.0,0.0,ShAdDafFr,18.0,1067.0,17.0,1056.0,FTP
1720727794.504163,CmYgZe3JOvrWmrTrig,192.168.1.4,48906.0,34.230.186.109,443.0,tcp,10.391057014465332,123.0,188.0,SF,1.0,1.0,0.0,ShAdDafFr,18.0,1067.0,17.0,1056.0,HTTPS
1720730049.517004,C3kFtc2F9kOQwKUStf,192.168.1.6,42404.0,192.168.1.4,21.0,tcp,9.909430980682371,127.0,188.0,SF,1.0,1.0,0.0,ShAdDafrF,18.0,1071.0,17.0,1056.0,FTP
1720727915.700965,CE3kC51BnOqDHy0J1d,192.168.1.4,56818.0,13.224.214.107,443.0,tcp,9.909430980682371,127.0,188.0,SF,1.0,1.0,0.0,ShAdDafrF,18.0,1071.0,17.0,1056.0,HTTPS
1720728156.382583,C0QHGZ1KgwjXXoUV88,192.168.1.4,54508.0,192.168.1.1,53.0,udp,0.002210140228271,47.0,193.0,SF,1.0,1.0,0.0,Dd,1.0,75.0,1.0,221.0,DNS
1720728096.333762,CqbJwM2dwljCUzOzA4,192.168.1.4,56477.0,192.168.1.1,53.0,udp,0.002210140228271,47.0,193.0,SF,1.0,1.0,0.0,Dd,1.0,75.0,1.0,221.0,DNS
1720728155.181061,CM2LGN3YAAZWnSBBad,192.168.1.4,41501.0,192.168.1.1,53.0,udp,0.011096000671386,44.0,494.0,SF,1.0,1.0,0.0,Dd,1.0,72.0,1.0,522.0,DNS
1720729454.200023,C4LPJk1SBvjpeTkTEf,192.168.1.6,56404.0,192.168.1.4,21.0,tcp,10.76299500465393,128.0,188.0,SF,1.0,1.0,0.0,ShAdDafrF,18.0,1072.0,17.0,1056.0,FTP
1720728186.150243,C8fkDH3MScRQThgdF,192.168.1.4,44400.0,31.13.71.36,443.0,tcp,22.60025095939636,2654.0,3120.0,SF,1.0,0.0,0.0,ShADadFf,13.0,3338.0,14.0,3856.0,HTTPS
1720728245.154284,CNtcOd4hqKoZriBN5l,192.168.1.4,33330.0,192.168.1.1,53.0,udp,22.60025095939636,2654.0,3120.0,SF,1.0,0.0,0.0,ShADadFf,13.0,3338.0,14.0,3856.0,DNS
1720729269.60132,ClOOIq2KtVBd7JfEw1,192.168.1.6,34438.0,192.168.1.4,21.0,tcp,9.813384056091309,124.0,188.0,SF,1.0,1.0,0.0,ShAdDafFr,18.0,1068.0,17.0,1056.0,FTP
1720730153.050262,CgPa0n2NoEWcHG8h2j,192.168.1.6,40534.0,192.168.1.4,21.0,tcp,9.815386056900024,123.0,188.0,SF,1.0,1.0,0.0,ShAdDafrF,18.0,1067.0,17.0,1056.0,FTP
1720728124.596682,C1dIzi1n7mrXlI4B3h,192.168.1.4,40035.0,192.168.1.1,53.0,udp,9.815386056900024,123.0,188.0,SF,1.0,1.0,0.0,ShAdDafrF,18.0,1067.0,17.0,1056.0,DNS
1720731402.43969,C1wMWC213DJI6paMBh,192.168.1.6,48518.0,192.168.1.4,21.0,tcp,10.492387771606444,168.0,188.0,SF,1.0,1.0,0.0,ShAdDafFr,18.0,1112.0,17.0,1056.0,FTP
1720728812.816061,CNICkq305awAxDInZ,192.168.1.6,37464.0,192.168.1.4,21.0,tcp,9.471652030944824,151.0,188.0,SF,1.0,1.0,0.0,ShAdDafrF,18.0,1095.0,17.0,1056.0,FTP
1720731163.17897,C0aGVx2NEVCcIcNP2d,192.168.1.6,41710.0,192.168.1.4,21.0,tcp,9.785106897354126,112.0,188.0,SF,1.0,1.0,0.0,ShAdDafFr,18.0,1056.0,17.0,1056.0,FTP
1720728336.191499,C6D4nLnBgp0afF1F1,192.168.1.4,58575.0,192.168.1.1,53.0,udp,0.001801013946533,53.0,113.0,SF,1.0,1.0,0.0,Dd,1.0,81.0,1.0,141.0,DNS
1720730299.13171,C9jU0l1AjkXsOKHXz8,192.168.1.6,44696.0,192.168.1.4,21.0,tcp,10.08923888206482,132.0,188.0,SF,1.0,1.0,0.0,ShAdDafFr,18.0,1076.0,17.0,1056.0,FTP
1720727884.630855,CC1d4o1mGY0jQz7Sr2,192.168.1.4,47298.0,192.168.1.1,53.0,udp,0.003350019454956,58.0,138.0,SF,1.0,1.0,0.0,Dd,1.0,86.0,1.0,166.0,DNS
1720729269.370431,CRFiGF172cwrPyWbn3,192.168.1.6,34414.0,192.168.1.4,21.0,tcp,10.221939086914062,115.0,188.0,SF,1.0,1.0,0.0,ShAdDafrF,18.0,1059.0,17.0,1056.0,FTP
1720728305.864048,ClaVM62MkrsKninzCd,192.168.1.4,41031.0,192.168.1.1,53.0,udp,10.221939086914062,115.0,188.0,SF,1.0,1.0,0.0,ShAdDafrF,18.0,1059.0,17.0,1056.0,DNS
1720731294.480143,CpUCrTTChTY0AZOy2,192.168.1.6,44820.0,192.168.1.4,21.0,tcp,10.68209195137024,165.0,188.0,SF,1.0,1.0,0.0,ShAdDafrF,18.0,1109.0,17.0,1056.0,FTP
1720730317.761063,CAxgzk3aUAGB6syC3e,192.168.1.6,39140.0,192.168.1.4,21.0,tcp,9.77835488319397,127.0,188.0,SF,1.0,1.0,0.0,ShAdDafrF,18.0,1071.0,17.0,1056.0,FTP
1720727894.31064,CvprJ71Nb2z4RtwGYj,192.168.1.4,50226.0,20.114.189.135,443.0,tcp,19.473472833633423,2866.0,5892.0,RSTO,1.0,0.0,0.0,ShADadfR,12.0,3498.0,12.0,6524.0,HTTPS
1720731784.184111,Ccx12e4V4oohhYmXw3,192.168.1.6,54998.0,192.168.1.4,21.0,tcp,10.802722930908203,153.0,188.0,SF,1.0,1.0,0.0,ShAdDafrF,18.0,1097.0,17.0,1056.0,FTP
1720731810.065568,CoYQr43YrPg5amhpY2,192.168.1.6,35010.0,192.168.1.4,21.0,tcp,10.6719491481781,162.0,188.0,SF,1.0,1.0,0.0,ShAdDafrF,18.0,1106.0,17.0,1056.0,FTP
1720728335.953717,CDnSXi1d1UvdhelqH8,192.168.1.4,33699.0,192.168.1.1,53.0,udp,10.6719491481781,162.0,188.0,SF,1.0,1.0,0.0,ShAdDafrF,18.0,1106.0,17.0,1056.0,DNS
1720727883.620438,CP8pXE4QNsUSXnM7k4,192.168.1.4,53098.0,45.60.73.20,443.0,udp,10.6719491481781,162.0,188.0,SF,1.0,1.0,0.0,ShAdDafrF,18.0,1106.0,17.0,1056.0,HTTPS
1720728096.827627,COFHY3i9JApRyheI2,192.168.1.4,46378.0,35.190.43.134,443.0,udp,10.6719491481781,162.0,188.0,SF,1.0,1.0,0.0,ShAdDafrF,18.0,1106.0,17.0,1056.0,HTTPS
1720730233.23511,C5TfLV1HZKvAADwYBf,192.168.1.4,58518.0,185.125.190.96,80.0,tcp,0.165129899978637,88.0,185.0,SF,1.0,0.0,0.0,ShADdfFa,5.0,356.0,4.0,401.0,HTTP
1720731787.94996,CEbPNj4C41h5GvmfG8,192.168.1.6,55088.0,192.168.1.4,21.0,tcp,10.668203115463257,169.0,188.0,SF,1.0,1.0,0.0,ShAdDafFr,18.0,1113.0,17.0,1056.0,FTP
1720730157.780908,CiOJvIf7PPPrj7Tia,192.168.1.6,40574.0,192.168.1.4,21.0,tcp,10.687938928604126,135.0,188.0,SF,1.0,1.0,0.0,ShAdDafFr,18.0,1079.0,17.0,1056.0,FTP
1720728388.887437,CLKK903RbDXxkIC21,192.168.1.6,56590.0,192.168.1.4,21.0,tcp,10.778411865234377,118.0,188.0,SF,1.0,1.0,0.0,ShAdDafrF,18.0,1062.0,17.0,1056.0,FTP
1720727913.798106,CKF42Z17D2azz1VJqk,192.168.1.4,32774.0,18.238.4.118,443.0,tcp,10.778411865234377,118.0,188.0,SF,1.0,1.0,0.0,ShAdDafrF,18.0,1062.0,17.0,1056.0,HTTPS
1720730486.297248,CP6nJQ2g1iTIMst1H7,192.168.1.6,48670.0,192.168.1.4,21.0,tcp,9.300840139389038,125.0,188.0,SF,1.0,1.0,0.0,ShAdDafFr,18.0,1069.0,17.0,1056.0,FTP
1720731349.784097,C9hKxs4rf4373zq5fa,192.168.1.6,55296.0,192.168.1.4,21.0,tcp,10.278454065322876,155.0,188.0,SF,1.0,1.0,0.0,ShAdDafrF,18.0,1099.0,17.0,1056.0,FTP
1720729535.49526,CPFjVjmUTDrXK0bc3,192.168.1.6,37656.0,192.168.1.4,21.0,tcp,10.897236108779907,135.0,188.0,SF,1.0,1.0,0.0,ShAdDafFr,18.0,1079.0,17.0,1056.0,FTP
1720731940.141489,C0uiBCsWegGR4h2Sk,192.168.1.6,33168.0,192.168.1.4,21.0,tcp,10.401903867721558,154.0,188.0,SF,1.0,1.0,0.0,ShAdDafFr,18.0,1098.0,17.0,1056.0,FTP
1720728767.975789,CadQmVFBBXMZ0FiB9,192.168.1.6,33000.0,192.168.1.4,21.0,tcp,10.404944896697998,124.0,188.0,SF,1.0,1.0,0.0,ShAdDafFr,18.0,1068.0,17.0,1056.0,FTP
1720728096.32857,CPDRm6kcCtuO35al7,192.168.1.4,49388.0,54.86.201.83,443.0,tcp,60.12403321266174,3496.0,6557.0,SF,1.0,0.0,0.0,ShADadfF,17.0,4388.0,20.0,7605.0,HTTPS
1720729044.540294,C6RMxH19CBMRtjFHvc,192.168.1.6,55934.0,192.168.1.4,21.0,tcp,10.021950960159302,128.0,188.0,SF,1.0,1.0,0.0,ShAdDafrF,18.0,1072.0,17.0,1056.0,FTP
1720728903.09171,CVvzXj2JXBAKFqbQB1,192.168.1.6,43368.0,192.168.1.4,21.0,tcp,8.67349100112915,131.0,188.0,SF,1.0,1.0,0.0,ShAdDafrF,18.0,1075.0,17.0,1056.0,FTP
1720727884.33161,CLkfHj4IC0cq9xPdRf,192.168.1.4,49815.0,192.168.1.1,53.0,udp,8.67349100112915,131.0,188.0,SF,1.0,1.0,0.0,ShAdDafrF,18.0,1075.0,17.0,1056.0,DNS
1720730475.301418,CQ1f2H1DZePNaJwlg1,192.168.1.6,50462.0,192.168.1.4,21.0,tcp,10.044312953948976,139.0,188.0,SF,1.0,1.0,0.0,ShAdDafrF,18.0,1083.0,17.0,1056.0,FTP
1720728306.019036,CUvhHP2KS6m7Uic8T6,192.168.1.4,47087.0,192.168.1.1,53.0,udp,10.044312953948976,139.0,188.0,SF,1.0,1.0,0.0,ShAdDafrF,18.0,1083.0,17.0,1056.0,DNS
1720728474.124884,CDHrE62M9c75pkaexg,192.168.1.6,53094.0,192.168.1.4,21.0,tcp,10.127406120300291,118.0,188.0,SF,1.0,1.0,0.0,ShAdDafrF,18.0,1062.0,17.0,1056.0,FTP
1720727915.686917,CE3kC51BnOqDHy0J1d,192.168.1.4,56818.0,13.224.214.107,443.0,tcp,240.0477588176728,2346.0,15798.0,SF,1.0,0.0,0.0,ShADadfF,24.0,3602.0,26.0,17158.0,HTTPS
1720730620.689373,CrTRo82zaHjySIOTzd,192.168.1.6,38976.0,192.168.1.4,21.0,tcp,10.212394952774048,125.0,188.0,SF,1.0,1.0,0.0,ShAdDafrF,18.0,1069.0,17.0,1056.0,FTP
1720727884.82957,CeZ5vnNyQ8CdFWMjj,192.168.1.4,58360.0,34.149.158.18,443.0,tcp,323.9230818748474,2482.0,5340.0,SF,1.0,0.0,0.0,ShADadFf,23.0,3686.0,19.0,6336.0,HTTPS
1720727765.599997,CgEvuO2amqU0te7o8g,192.168.1.4,50650.0,23.197.180.203,443.0,tcp,20.94427299499512,1914.0,4405.0,SF,1.0,0.0,0.0,ShADadfF,12.0,2546.0,11.0,4985.0,HTTPS
1720731097.652026,CYt6R5lukkAyaBg9i,192.168.1.6,43332.0,192.168.1.4,21.0,tcp,10.15625500679016,124.0,188.0,SF,1.0,1.0,0.0,ShAdDafrF,18.0,1068.0,17.0,1056.0,FTP
1720728155.753782,CQ1CuK3CR7PCNxjTUf,192.168.1.4,53506.0,192.168.1.1,53.0,udp,0.004924058914184,46.0,107.0,SF,1.0,1.0,0.0,Dd,1.0,74.0,1.0,135.0,DNS
1720731763.857577,CZHPO62MdJM7Xtf1A,192.168.1.6,47964.0,192.168.1.4,21.0,tcp,10.467422008514404,171.0,188.0,SF,1.0,1.0,0.0,ShAdDafrF,18.0,1115.0,17.0,1056.0,FTP
1720731175.976255,CcSwW718aajgOdPXb6,192.168.1.6,44572.0,192.168.1.4,21.0,tcp,9.937865018844604,122.0,188.0,SF,1.0,1.0,0.0,ShAdDafrF,18.0,1066.0,17.0,1056.0,FTP
1720728110.923131,CsBZlQ1mdgaVdrhSqi,192.168.1.6,37210.0,192.168.1.4,21.0,tcp,9.337779998779297,116.0,188.0,SF,1.0,1.0,0.0,ShAdDafrF,18.0,1060.0,17.0,1056.0,FTP
1720728009.441524,CIq6ESvDF5i7rHM0d,192.168.1.4,49825.0,192.168.1.1,53.0,udp,9.337779998779297,116.0,188.0,SF,1.0,1.0,0.0,ShAdDafrF,18.0,1060.0,17.0,1056.0,DNS
1720728186.412533,CLgZsh45zfY6DIKy9f,192.168.1.4,37026.0,63.140.39.82,443.0,udp,9.337779998779297,116.0,188.0,SF,1.0,1.0,0.0,ShAdDafrF,18.0,1060.0,17.0,1056.0,HTTPS
1720727845.110524,CW1ZrGoGLQ7bAe1nh,192.168.1.6,39346.0,192.168.1.4,21.0,tcp,10.61813998222351,118.0,188.0,SF,1.0,1.0,0.0,ShAdDafrF,18.0,1062.0,17.0,1056.0,FTP
1720729017.762118,CDeDhAvGIWvnRaOmd,192.168.1.6,55716.0,192.168.1.4,21.0,tcp,9.708537817001345,106.0,188.0,SF,1.0,1.0,0.0,ShAdDafrF,18.0,1050.0,17.0,1056.0,FTP
1720728335.222253,CEyXns1TVkALAHrvTh,192.168.1.4,58948.0,172.64.155.141,443.0,udp,16.207796812057495,4268.0,7889.0,SF,1.0,0.0,0.0,Dd,12.0,4604.0,12.0,8225.0,HTTPS
1720728573.640074,C6X3s21oFlUR03IPii,192.168.1.6,47548.0,192.168.1.4,21.0,tcp,10.659038066864014,118.0,188.0,SF,1.0,1.0,0.0,ShAdDafrF,18.0,1062.0,17.0,1056.0,FTP
1720730006.603341,CfHXE22Pp7ihr3fT09,192.168.1.6,41218.0,192.168.1.4,21.0,tcp,9.22496485710144,132.0,188.0,SF,1.0,1.0,0.0,ShAdDafrF,18.0,1076.0,17.0,1056.0,FTP
1720731493.680467,CBWLM78hlnMX72Rfb,192.168.1.6,37868.0,192.168.1.4,21.0,tcp,10.383924007415771,158.0,188.0,SF,1.0,1.0,0.0,ShAdDafrF,18.0,1102.0,17.0,1056.0,FTP
1720728502.514561,Cg8S2L3hkEAsGwvBec,192.168.1.6,54892.0,192.168.1.4,21.0,tcp,9.316740036010742,118.0,188.0,SF,1.0,1.0,0.0,ShAdDafrF,18.0,1062.0,17.0,1056.0,FTP
1720729857.422737,CfNGPl2sYKnSaz5Jf,192.168.1.6,47854.0,192.168.1.4,21.0,tcp,10.512487173080444,160.0,188.0,SF,1.0,1.0,0.0,ShAdDafrF,18.0,1104.0,17.0,1056.0,FTP
1720727763.890408,CDidfB2Pa3N5AsID6f,192.168.1.4,37289.0,192.168.1.1,53.0,udp,0.002048969268798,50.0,111.0,SF,1.0,1.0,0.0,Dd,1.0,78.0,1.0,139.0,DNS
1720727914.02759,CgRkoQ1cmPcU478BEl,192.168.1.4,49257.0,192.168.1.1,53.0,udp,0.002066850662231,57.0,138.0,SF,1.0,1.0,0.0,Dd,1.0,85.0,1.0,166.0,DNS
1720728190.326427,CyRswM13t6L1r9V2wd,192.168.1.4,43430.0,20.114.189.135,443.0,tcp,18.41575312614441,2828.0,5889.0,RSTO,1.0,0.0,0.0,ShADadfR,11.0,3420.0,11.0,6469.0,HTTPS
1720731499.181924,CtCBRJ2tcNU9ie4mXf,192.168.1.6,37984.0,192.168.1.4,21.0,tcp,9.497651815414429,150.0,188.0,SF,1.0,1.0,0.0,ShAdDafFr,18.0,1094.0,17.0,1056.0,FTP
1720728308.778186,CtOufN1xz2qpo6Noza,192.168.1.6,45690.0,192.168.1.4,21.0,tcp,10.372498035430908,118.0,188.0,SF,1.0,1.0,0.0,ShAdDafrF,18.0,1062.0,17.0,1056.0,FTP
1720731157.627904,CZQkSs1LIFV4d6UGx6,192.168.1.6,59862.0,192.168.1.4,21.0,tcp,9.734550952911375,106.0,188.0,SF,1.0,1.0,0.0,ShAdDafFr,18.0,1050.0,17.0,1056.0,FTP
1720728430.189921,CftZeh2FqufYgyHge,192.168.1.6,50532.0,192.168.1.4,21.0,tcp,10.820327043533323,118.0,188.0,SF,1.0,1.0,0.0,ShAdDafrF,18.0,1062.0,17.0,1056.0,FTP
1720727764.29885,C6GzGpxitpqLmiJl9,192.168.1.4,48242.0,13.107.246.40,443.0,tcp,60.11255097389221,2520.0,7517.0,RSTO,1.0,0.0,0.0,ShADadfR,14.0,3268.0,18.0,8461.0,HTTPS
1720728305.732847,Cp3I6V3SJXjEF6TP2c,192.168.1.4,56597.0,192.168.1.1,53.0,udp,60.11255097389221,2520.0,7517.0,RSTO,1.0,0.0,0.0,ShADadfR,14.0,3268.0,18.0,8461.0,DNS
1720727805.457245,C8ZqP31ATUneGLbZm1,192.168.1.6,41906.0,192.168.1.4,21.0,tcp,10.081852912902832,118.0,188.0,SF,1.0,1.0,0.0,ShAdDafrF,18.0,1062.0,17.0,1056.0,FTP
1720728096.417862,CfQ1BuuuhDxj1mkJf,192.168.1.4,36604.0,35.190.43.134,443.0,tcp,10.081852912902832,118.0,188.0,SF,1.0,1.0,0.0,ShAdDafrF,18.0,1062.0,17.0,1056.0,HTTPS
1720730357.641533,C6Pcwn13SlwYEfRawl,192.168.1.6,56740.0,192.168.1.4,21.0,tcp,10.245342016220093,119.0,188.0,SF,1.0,1.0,0.0,ShAdDafrF,18.0,1063.0,17.0,1056.0,FTP
1720727884.287343,Cbal194iL10CFiyjV3,192.168.1.4,49312.0,192.168.1.1,53.0,udp,0.024013042449951,53.0,110.0,SF,1.0,1.0,0.0,Dd,1.0,81.0,1.0,138.0,DNS
1720728245.124502,C7jNzn1OS33WsOqrIf,192.168.1.4,48193.0,192.168.1.1,53.0,udp,0.005368947982788,80.0,141.0,SF,1.0,1.0,0.0,Dd,1.0,108.0,1.0,169.0,DNS
1720730992.321692,CUgNu14zQTGGktyBWk,192.168.1.6,55762.0,192.168.1.4,21.0,tcp,10.64815092086792,126.0,188.0,SF,1.0,1.0,0.0,ShAdDafrF,18.0,1070.0,17.0,1056.0,FTP
1720730828.031807,CMZmAx4CWpwuBjBSld,192.168.1.6,34286.0,192.168.1.4,21.0,tcp,9.828503131866457,122.0,188.0,SF,1.0,1.0,0.0,ShAdDafFr,18.0,1066.0,17.0,1056.0,FTP
1720729175.268449,CGAQXZ1K4bLApLhGdc,192.168.1.6,37256.0,192.168.1.4,21.0,tcp,10.357699871063232,131.0,188.0,SF,1.0,1.0,0.0,ShAdDafrF,18.0,1075.0,17.0,1056.0,FTP
1720731718.456852,CzzLst3uzqSO35ME9k,192.168.1.6,38614.0,192.168.1.4,21.0,tcp,10.502056121826172,188.0,188.0,SF,1.0,1.0,0.0,ShAdDafrF,18.0,1132.0,17.0,1056.0,FTP
1720728869.121961,CqqJgX2oFNeGKBfT5d,192.168.1.6,52408.0,192.168.1.4,21.0,tcp,9.6804678440094,150.0,188.0,SF,1.0,1.0,0.0,ShAdDafFr,18.0,1094.0,17.0,1056.0,FTP
1720730720.690999,CuURPh3ZkB2XXf8eNg,192.168.1.6,44030.0,192.168.1.4,21.0,tcp,8.947211980819702,136.0,188.0,SF,1.0,1.0,0.0,ShAdDafrF,18.0,1080.0,17.0,1056.0,FTP
1720729308.98946,Ck87CLKC2iBqjjVok,192.168.1.6,43892.0,192.168.1.4,21.0,tcp,8.893759965896606,124.0,188.0,SF,1.0,1.0,0.0,ShAdDafrF,18.0,1068.0,17.0,1056.0,FTP
1720731524.090638,CXdd3R2lpKopAFeE18,192.168.1.6,46472.0,192.168.1.4,21.0,tcp,10.126399040222168,141.0,188.0,SF,1.0,1.0,0.0,ShAdDafFr,18.0,1085.0,17.0,1056.0,FTP
1720729546.392632,CMMSSS2OWzokQRkxF5,192.168.1.6,48902.0,192.168.1.4,21.0,tcp,10.44563102722168,111.0,188.0,SF,1.0,1.0,0.0,ShAdDafrF,18.0,1055.0,17.0,1056.0,FTP
1720731774.294334,C0huk42rtxUqmfErg7,192.168.1.6,50142.0,192.168.1.4,21.0,tcp,10.098035097122192,181.0,188.0,SF,1.0,1.0,0.0,ShAdDafrF,18.0,1125.0,17.0,1056.0,FTP
1720728245.256193,CLDKVfFgPSJt2Ijli,192.168.1.4,51564.0,192.168.1.1,53.0,udp,10.098035097122192,181.0,188.0,SF,1.0,1.0,0.0,ShAdDafrF,18.0,1125.0,17.0,1056.0,DNS
1720728061.685138,CvU7h41ogLAbC3krD7,192.168.1.6,46082.0,192.168.1.4,21.0,tcp,9.704024076461792,118.0,188.0,SF,1.0,1.0,0.0,ShAdDafrF,18.0,1062.0,17.0,1056.0,FTP
1720727937.174155,CZEmCP1QihvTVPbRMe,192.168.1.6,41530.0,192.168.1.4,21.0,tcp,10.288403034210203,118.0,188.0,SF,1.0,1.0,0.0,ShAdDafrF,18.0,1062.0,17.0,1056.0,FTP
1720728125.159234,C1YEaa3JGJJHBwcwEb,192.168.1.4,43276.0,13.107.253.40,443.0,tcp,10.288403034210203,118.0,188.0,SF,1.0,1.0,0.0,ShAdDafrF,18.0,1062.0,17.0,1056.0,HTTPS
1720727885.311455,CYbEkx2SLX1DYFvJA9,192.168.1.4,40111.0,192.168.1.1,53.0,udp,0.001285076141357,47.0,112.0,SF,1.0,1.0,0.0,Dd,1.0,75.0,1.0,140.0,DNS
1720727794.701793,C8Q3dE27T9baM5bJTe,192.168.1.4,54678.0,31.13.71.36,443.0,udp,0.001285076141357,47.0,112.0,SF,1.0,1.0,0.0,Dd,1.0,75.0,1.0,140.0,HTTPS
1720729961.223266,CzCXOQ1hU4r80uoKhd,192.168.1.6,48540.0,192.168.1.4,21.0,tcp,11.054716110229492,124.0,188.0,SF,1.0,1.0,0.0,ShAdDafrF,18.0,1068.0,17.0,1056.0,FTP
1720729288.773935,CWS9yOyhPHzdhm3a,192.168.1.6,38174.0,192.168.1.4,21.0,tcp,10.319933891296388,117.0,188.0,SF,1.0,1.0,0.0,ShAdDafFr,18.0,1061.0,17.0,1056.0,FTP
1720727854.239621,CClPE51VNv7vo3oaGa,192.168.1.4,56412.0,104.17.24.14,443.0,tcp,10.319933891296388,117.0,188.0,SF,1.0,1.0,0.0,ShAdDafFr,18.0,1061.0,17.0,1056.0,HTTPS
1720728299.79513,CjgGoxzjW1b70z5N6,192.168.1.6,60740.0,192.168.1.4,21.0,tcp,11.141661882400513,118.0,188.0,SF,1.0,1.0,0.0,ShAdDafrF,18.0,1062.0,17.0,1056.0,FTP
1720728600.144712,ChgoBa4JiNvveFBtKg,192.168.1.6,35590.0,192.168.1.4,21.0,tcp,10.828818082809448,118.0,188.0,SF,1.0,1.0,0.0,ShAdDafFr,18.0,1062.0,17.0,1056.0,FTP
1720727943.727539,CgPQhg4CobMD8D0bm2,192.168.1.4,34751.0,192.168.1.1,53.0,udp,0.004770040512084,36.0,122.0,SF,1.0,1.0,0.0,Dd,1.0,64.0,1.0,150.0,DNS
1720731947.91988,C3KUCw1anoqTlGAQk5,192.168.1.6,39506.0,192.168.1.4,21.0,tcp,9.555752038955688,118.0,188.0,SF,1.0,1.0,0.0,ShAdDafFr,18.0,1062.0,17.0,1056.0,FTP
1720730566.18407,CLWVG52yFnkQUYG1A7,192.168.1.6,33664.0,192.168.1.4,21.0,tcp,10.716251850128174,127.0,188.0,SF,1.0,1.0,0.0,ShAdDafrF,18.0,1071.0,17.0,1056.0,FTP
1720731925.91895,Cm0Tjz1QM5KCp1AfSd,192.168.1.6,37590.0,192.168.1.4,21.0,tcp,9.900779008865356,165.0,188.0,SF,1.0,1.0,0.0,ShAdDafFr,18.0,1109.0,17.0,1056.0,FTP
1720727795.960806,CJxEZG2GYRbyhskKE3,192.168.1.6,57496.0,192.168.1.4,21.0,tcp,9.875965118408203,118.0,188.0,SF,1.0,1.0,0.0,ShAdDafrF,18.0,1062.0,17.0,1056.0,FTP
1720727969.215147,CK1hXTaExKP54suB9,192.168.1.6,41716.0,192.168.1.4,21.0,tcp,10.943856000900269,118.0,188.0,SF,1.0,1.0,0.0,ShAdDafrF,18.0,1062.0,17.0,1056.0,FTP
1720728001.412132,CzPDY73oB4FQRwfIi7,192.168.1.6,51372.0,192.168.1.4,21.0,tcp,10.44123101234436,118.0,188.0,SF,1.0,1.0,0.0,ShAdDafrF,18.0,1062.0,17.0,1056.0,FTP
1720729483.862387,C677HI2fJz5I1QRQu4,192.168.1.6,55870.0,192.168.1.4,21.0,tcp,10.102545022964478,125.0,188.0,SF,1.0,1.0,0.0,ShAdDafrF,18.0,1069.0,17.0,1056.0,FTP
1720731539.803853,C9NSbQuD2N2pXXUp7,192.168.1.6,44978.0,192.168.1.4,21.0,tcp,9.575746059417725,142.0,188.0,SF,1.0,1.0,0.0,ShAdDafrF,18.0,1086.0,17.0,1056.0,FTP
1720728553.478741,Cpofea44lladjCI0el,192.168.1.6,50722.0,192.168.1.4,21.0,tcp,10.46537709236145,118.0,188.0,SF,1.0,1.0,0.0,ShAdDafFr,18.0,1062.0,17.0,1056.0,FTP
1720727794.509629,C39jO74ztVKDvYp3q5,192.168.1.4,40612.0,216.239.32.178,443.0,tcp,240.0696189403534,2795.0,7478.0,SF,1.0,0.0,0.0,ShADadFf,21.0,3895.0,22.0,8630.0,HTTPS
1720728517.697452,CaLtSX3AI6HWLxAFP6,192.168.1.6,48360.0,192.168.1.4,21.0,tcp,9.77415895462036,116.0,188.0,SF,1.0,1.0,0.0,ShAdDafrF,18.0,1060.0,17.0,1056.0,FTP
1720727786.746218,C5ojJ73f4swbUO9XH2,192.168.1.6,45740.0,192.168.1.4,21.0,tcp,9.24188995361328,116.0,188.0,SF,1.0,1.0,0.0,ShAdDafFr,18.0,1060.0,17.0,1056.0,FTP
1720728110.933502,Cq2v93Wr0zgoc2Kz7,192.168.1.6,37220.0,192.168.1.4,21.0,tcp,9.366050958633425,117.0,188.0,SF,1.0,1.0,0.0,ShAdDafrF,18.0,1061.0,17.0,1056.0,FTP
1720730014.746432,CSw3wMo0OCQp1ayVh,192.168.1.6,51496.0,192.168.1.4,21.0,tcp,9.655791997909546,126.0,188.0,SF,1.0,1.0,0.0,ShAdDafrF,18.0,1070.0,17.0,1056.0,FTP
1720731869.107848,CQIpVC4rmNGXn8gYi9,192.168.1.6,58100.0,192.168.1.4,21.0,tcp,10.362290143966677,134.0,188.0,SF,1.0,1.0,0.0,ShAdDafrF,18.0,1078.0,17.0,1056.0,FTP
1720728708.492224,CuxQRn2ghlW4vVZ5u5,192.168.1.6,37450.0,192.168.1.4,21.0,tcp,10.979522943496704,141.0,188.0,SF,1.0,1.0,0.0,ShAdDafFr,18.0,1085.0,17.0,1056.0,FTP
1720731901.436448,Ckszb31hzPsu29TPsa,192.168.1.6,37078.0,192.168.1.4,21.0,tcp,9.067945957183838,172.0,188.0,SF,1.0,1.0,0.0,ShAdDafFr,18.0,1116.0,17.0,1056.0,FTP
1720728950.011917,CZQS4i4fBhpPYwFYv3,192.168.1.6,37616.0,192.168.1.4,21.0,tcp,10.16985297203064,132.0,188.0,SF,1.0,1.0,0.0,ShAdDafrF,18.0,1076.0,17.0,1056.0,FTP
1720727767.325115,Cp6RHL2qBMFH4MutCf,192.168.1.4,42192.0,192.168.1.1,53.0,udp,10.16985297203064,132.0,188.0,SF,1.0,1.0,0.0,ShAdDafrF,18.0,1076.0,17.0,1056.0,DNS
1720727793.441144,Cl58Ou2FBC6V8xsNQ9,192.168.1.4,56872.0,142.251.40.131,443.0,tcp,240.11736297607425,2465.0,15129.0,SF,1.0,0.0,0.0,ShADadFf,26.0,3825.0,27.0,16541.0,HTTPS
1720730637.632733,CSTk6v1nkTuXK457hc,192.168.1.6,48648.0,192.168.1.4,21.0,tcp,11.040146827697754,131.0,188.0,SF,1.0,1.0,0.0,ShAdDafrF,18.0,1075.0,17.0,1056.0,FTP
1720729436.116421,CkkZ4d2lcHyV6rcjt3,192.168.1.4,41552.0,192.168.1.1,53.0,udp,0.001526117324829,45.0,109.0,SF,1.0,1.0,0.0,Dd,1.0,73.0,1.0,137.0,DNS
1720730142.711208,Cv6AGv3B1qD4qXuLeh,192.168.1.6,57586.0,192.168.1.4,21.0,tcp,10.694856882095335,127.0,188.0,SF,1.0,1.0,0.0,ShAdDafrF,18.0,1071.0,17.0,1056.0,FTP
1720731889.341622,CuQvPkVAALcBviz0e,192.168.1.6,59772.0,192.168.1.4,21.0,tcp,9.798864841461182,142.0,188.0,SF,1.0,1.0,0.0,ShAdDafFr,18.0,1086.0,17.0,1056.0,FTP
1720727763.12436,CermPm4Zq4yBf6UVhg,192.168.1.4,59381.0,192.168.1.1,53.0,udp,0.002868890762329,41.0,252.0,SF,1.0,1.0,0.0,Dd,1.0,69.0,1.0,280.0,DNS
1720729393.040332,CKqOII3dp4YvWxytoc,192.168.1.6,49064.0,192.168.1.4,21.0,tcp,10.29328989982605,120.0,188.0,SF,1.0,1.0,0.0,ShAdDafrF,18.0,1064.0,17.0,1056.0,FTP
1720729667.726932,CtV0Ds1PQZAcY4WePi,192.168.1.6,59860.0,192.168.1.4,21.0,tcp,9.85757303237915,149.0,188.0,SF,1.0,1.0,0.0,ShAdDafFr,18.0,1093.0,17.0,1056.0,FTP
1720729733.23908,Cm14RH1hqawM6ArrRl,192.168.1.6,42438.0,192.168.1.4,21.0,tcp,10.462532997131348,114.0,188.0,SF,1.0,1.0,0.0,ShAdDafrF,18.0,1058.0,17.0,1056.0,FTP
1720728878.331865,C6yyU3LkFGRdFt8bl,192.168.1.6,38104.0,192.168.1.4,21.0,tcp,9.711741924285889,151.0,188.0,SF,1.0,1.0,0.0,ShAdDafFr,18.0,1095.0,17.0,1056.0,FTP
1720727884.890929,CQKwQu38lCTlYDe5E,192.168.1.4,55886.0,31.13.71.36,443.0,tcp,65.07898807525635,2677.0,3135.0,SF,1.0,0.0,0.0,ShADadfF,13.0,3361.0,16.0,3975.0,HTTPS
1720729441.855452,CWXGSC1MAviXbc5Ip3,192.168.1.6,51902.0,192.168.1.4,21.0,tcp,10.813343048095703,134.0,188.0,SF,1.0,1.0,0.0,ShAdDafrF,18.0,1078.0,17.0,1056.0,FTP
1720728506.419174,C04QnO3E1s7Xzykm27,192.168.1.6,41948.0,192.168.1.4,21.0,tcp,9.840638160705566,117.0,188.0,SF,1.0,1.0,0.0,ShAdDafrF,18.0,1061.0,17.0,1056.0,FTP
1720730769.224277,CUD03D3MOvnF2FUhYe,192.168.1.6,37116.0,192.168.1.4,21.0,tcp,10.1287739276886,133.0,188.0,SF,1.0,1.0,0.0,ShAdDafrF,18.0,1077.0,17.0,1056.0,FTP
1720730393.914169,C4JMmzD95li7pjduc,192.168.1.6,33932.0,192.168.1.4,21.0,tcp,10.35391402244568,124.0,188.0,SF,1.0,1.0,0.0,ShAdDafFr,18.0,1068.0,17.0,1056.0,FTP
1720730902.2522,CYpTUI2k2bOcMoWMPi,192.168.1.6,46506.0,192.168.1.4,21.0,tcp,9.637904167175291,125.0,188.0,SF,1.0,1.0,0.0,ShAdDafFr,18.0,1069.0,17.0,1056.0,FTP
1720729601.663125,CCy5GH1OWnbLY1oA8a,192.168.1.6,51208.0,192.168.1.4,21.0,tcp,9.896744966506958,108.0,188.0,SF,1.0,1.0,0.0,ShAdDafrF,18.0,1052.0,17.0,1056.0,FTP
1720728064.56929,CA19v01UtXUJD5SZwj,192.168.1.4,60546.0,192.168.1.1,53.0,udp,9.896744966506958,108.0,188.0,SF,1.0,1.0,0.0,ShAdDafrF,18.0,1052.0,17.0,1056.0,DNS
1720731767.545259,ChY7c21ip4kGK5qHD7,192.168.1.6,48002.0,192.168.1.4,21.0,tcp,10.153198957443236,171.0,188.0,SF,1.0,1.0,0.0,ShAdDafFr,18.0,1115.0,17.0,1056.0,FTP
1720731630.954893,CJWj6CDEQACNJGym9,192.168.1.6,35140.0,192.168.1.4,21.0,tcp,9.551113843917848,164.0,188.0,SF,1.0,1.0,0.0,ShAdDafrF,18.0,1108.0,17.0,1056.0,FTP
1720728154.57869,CoYvR01aEMr2pHFNYj,192.168.1.4,50089.0,192.168.1.1,53.0,udp,0.001680850982666,37.0,102.0,SF,1.0,1.0,0.0,Dd,1.0,65.0,1.0,130.0,DNS
1720727914.194035,C9TT3pL1hP05FaCC1,192.168.1.4,38925.0,192.168.1.1,53.0,udp,0.049515962600708,43.0,169.0,SF,1.0,1.0,0.0,Dd,1.0,71.0,1.0,197.0,DNS
1720731910.494523,CBsEz74qNC7MPaBBR7,192.168.1.6,50014.0,192.168.1.4,21.0,tcp,10.234814882278442,196.0,188.0,SF,1.0,1.0,0.0,ShAdDafrF,18.0,1140.0,17.0,1056.0,FTP
1720730887.254048,C68ffQ1tufNfuFNP2d,192.168.1.6,43364.0,192.168.1.4,21.0,tcp,11.040966987609863,131.0,188.0,SF,1.0,1.0,0.0,ShAdDafrF,18.0,1075.0,17.0,1056.0,FTP
1720730087.83356,Ce2JHFe7h5Vm9Xms5,192.168.1.6,33602.0,192.168.1.4,21.0,tcp,10.86153507232666,170.0,188.0,SF,1.0,1.0,0.0,ShAdDafrF,18.0,1114.0,17.0,1056.0,FTP
1720730339.628214,Cvu0n33NDOfrzAXlI9,192.168.1.6,35486.0,192.168.1.4,21.0,tcp,9.841194152832031,128.0,188.0,SF,1.0,1.0,0.0,ShAdDafrF,18.0,1072.0,17.0,1056.0,FTP
1720729584.817812,ClXwbt1twK4Zvojcbb,192.168.1.6,52422.0,192.168.1.4,21.0,tcp,9.759170055389404,112.0,188.0,SF,1.0,1.0,0.0,ShAdDafFr,18.0,1056.0,17.0,1056.0,FTP
1720728124.597939,CcYDHqWx2eHqY4F9b,192.168.1.4,52008.0,192.168.1.1,53.0,udp,0.015310049057006,63.0,455.0,SF,1.0,1.0,0.0,Dd,1.0,91.0,1.0,483.0,DNS
1720727771.653661,Cp9VOr39KzuvNPnmNa,192.168.1.6,53456.0,192.168.1.4,21.0,tcp,10.21508288383484,118.0,188.0,SF,1.0,1.0,0.0,ShAdDafFr,18.0,1062.0,17.0,1056.0,FTP
1720731949.287613,CpQYPt2ZlJb2G2ow6l,192.168.1.6,39528.0,192.168.1.4,21.0,tcp,9.166130065917969,130.0,188.0,SF,1.0,1.0,0.0,ShAdDafrF,18.0,1074.0,17.0,1056.0,FTP
1720729874.932155,CflqVj3FHyA56fUEH9,192.168.1.6,46240.0,192.168.1.4,21.0,tcp,9.997749090194702,125.0,188.0,SF,1.0,1.0,0.0,ShAdDafrF,18.0,1069.0,17.0,1056.0,FTP
1720728665.279279,CDhIqL20MubU2xbES2,192.168.1.6,34234.0,192.168.1.4,21.0,tcp,9.935290098190308,140.0,188.0,SF,1.0,1.0,0.0,ShAdDafrF,18.0,1084.0,17.0,1056.0,FTP
1720730847.83598,Cb6xgE3lXXxhZxgB79,192.168.1.6,45072.0,192.168.1.4,21.0,tcp,9.390562057495115,127.0,188.0,SF,1.0,1.0,0.0,ShAdDafFr,18.0,1071.0,17.0,1056.0,FTP
1720727673.730947,CBY5Fl2CnyLVLB2tHi,192.168.1.4,35146.0,23.34.240.115,443.0,tcp,120.1236128807068,2494.0,5520.0,SF,1.0,0.0,0.0,ShADadfF,19.0,3490.0,19.0,6516.0,HTTPS
1720727915.915043,CkV68h1ZKDkfegwSa9,192.168.1.6,39864.0,192.168.1.4,21.0,tcp,11.120437860488892,118.0,188.0,SF,1.0,1.0,0.0,ShAdDafFr,18.0,1062.0,17.0,1056.0,FTP
1720729734.309968,C2l0Jc2EfnJEpFQls4,192.168.1.6,42466.0,192.168.1.4,21.0,tcp,9.877994060516356,117.0,188.0,SF,1.0,1.0,0.0,ShAdDafFr,18.0,1061.0,17.0,1056.0,FTP
1720730042.28011,CUDXEV1qO3qwtB4Mn2,192.168.1.6,34420.0,192.168.1.4,21.0,tcp,9.443005084991457,124.0,188.0,SF,1.0,1.0,0.0,ShAdDafrF,18.0,1068.0,17.0,1056.0,FTP
1720731632.530905,C6XDCb2FDPuDqRjFKg,192.168.1.6,35158.0,192.168.1.4,21.0,tcp,10.223623037338257,161.0,188.0,SF,1.0,1.0,0.0,ShAdDafrF,18.0,1105.0,17.0,1056.0,FTP
1720728305.985822,CDW7Oh2J5AATG7fqpk,192.168.1.4,56112.0,192.168.1.1,53.0,udp,10.223623037338257,161.0,188.0,SF,1.0,1.0,0.0,ShAdDafrF,18.0,1105.0,17.0,1056.0,DNS
1720727884.862656,CmszSh4ZH6OnEEtci3,192.168.1.4,43366.0,192.168.1.1,53.0,udp,0.015231847763061,48.0,457.0,SF,1.0,1.0,0.0,Dd,1.0,76.0,1.0,485.0,DNS
1720729059.908926,CzmbTo4klowjTBAf4k,192.168.1.6,59936.0,192.168.1.4,21.0,tcp,9.99759602546692,124.0,188.0,SF,1.0,1.0,0.0,ShAdDafrF,18.0,1068.0,17.0,1056.0,FTP
1720730456.280848,CRrFFy4ksiUoIr77I1,192.168.1.6,42152.0,192.168.1.4,21.0,tcp,9.263792037963867,126.0,188.0,SF,1.0,1.0,0.0,ShAdDafFr,18.0,1070.0,17.0,1056.0,FTP
1720728096.379159,CECgFl4mVCdGByh9C2,192.168.1.4,59013.0,192.168.1.1,53.0,udp,0.0222749710083,44.0,175.0,SF,1.0,1.0,0.0,Dd,1.0,72.0,1.0,203.0,DNS
1720731935.189728,CGY18I2RNrKnsIo1pf,192.168.1.6,33056.0,192.168.1.4,21.0,tcp,9.737181901931764,176.0,188.0,SF,1.0,1.0,0.0,ShAdDafrF,18.0,1120.0,17.0,1056.0,FTP
1720729723.373924,C9G7w2PeLgUxH1gYh,192.168.1.6,37904.0,192.168.1.4,21.0,tcp,9.86497187614441,109.0,188.0,SF,1.0,1.0,0.0,ShAdDafrF,18.0,1053.0,17.0,1056.0,FTP
1720731868.607102,ChoZSl3ZGEz4QOEgS1,192.168.1.6,58044.0,192.168.1.4,21.0,tcp,10.233280181884766,121.0,188.0,SF,1.0,1.0,0.0,ShAdDafrF,18.0,1065.0,17.0,1056.0,FTP
1720728186.388159,ChoBlz2Fz7izsAYLT5,192.168.1.4,57993.0,192.168.1.1,53.0,udp,0.003133058547973,45.0,611.0,SF,1.0,1.0,0.0,Dd,1.0,73.0,1.0,639.0,DNS
1720728125.263948,CWzHjf6cFtvuM6Tz1,192.168.1.4,39309.0,192.168.1.1,53.0,udp,0.003133058547973,45.0,611.0,SF,1.0,1.0,0.0,Dd,1.0,73.0,1.0,639.0,DNS
1720727884.312265,C5aQSg231kbRYuxja5,192.168.1.4,33828.0,13.224.207.4,443.0,udp,0.003133058547973,45.0,611.0,SF,1.0,1.0,0.0,Dd,1.0,73.0,1.0,639.0,HTTPS
1720727764.784953,C1XEJi4kc4LCr6ZQPd,192.168.1.4,38232.0,192.168.1.1,53.0,udp,0.016556978225708,45.0,217.0,SF,1.0,1.0,0.0,Dd,1.0,73.0,1.0,245.0,DNS
1720730515.674752,CEYPuGsPPvjj2xMy5,192.168.1.6,46264.0,192.168.1.4,21.0,tcp,9.700845956802368,135.0,188.0,SF,1.0,1.0,0.0,ShAdDafFr,18.0,1079.0,17.0,1056.0,FTP
1720730658.770101,CFGZlY3PyUHgmM9y7f,192.168.1.6,44694.0,192.168.1.4,21.0,tcp,10.212255954742432,134.0,188.0,SF,1.0,1.0,0.0,ShAdDafFr,18.0,1078.0,17.0,1056.0,FTP
1720731433.095818,CIiPR524GHzVIQ8Y43,192.168.1.6,52980.0,192.168.1.4,21.0,tcp,11.118464946746826,143.0,188.0,SF,1.0,1.0,0.0,ShAdDafrF,18.0,1087.0,17.0,1056.0,FTP
1720729142.303256,CI0Ij1jog3yhTiuaf,192.168.1.6,47464.0,192.168.1.4,21.0,tcp,10.839379072189333,131.0,188.0,SF,1.0,1.0,0.0,ShAdDafrF,18.0,1075.0,17.0,1056.0,FTP
1720729088.788019,Cd36pl4Lwy4tn5njj,192.168.1.6,50586.0,192.168.1.4,21.0,tcp,9.953011989593506,124.0,188.0,SF,1.0,1.0,0.0,ShAdDafrF,18.0,1068.0,17.0,1056.0,FTP
1720729288.889803,CNhBP34xMSIVgtIABj,192.168.1.6,38206.0,192.168.1.4,21.0,tcp,10.326107025146484,116.0,188.0,SF,1.0,1.0,0.0,ShAdDafrF,18.0,1060.0,17.0,1056.0,FTP
1720729851.752208,CNTerJcOG0JX2zjH3,192.168.1.6,41856.0,192.168.1.4,21.0,tcp,9.539876937866213,134.0,188.0,SF,1.0,1.0,0.0,ShAdDafrF,18.0,1078.0,17.0,1056.0,FTP
1720729891.719627,CnYJRrDZe00mn3t7k,192.168.1.6,52218.0,192.168.1.4,21.0,tcp,10.81823205947876,120.0,188.0,SF,1.0,1.0,0.0,ShAdDafrF,18.0,1064.0,17.0,1056.0,FTP
1720728432.157625,CGOTWV2g3ya9QwOnxj,192.168.1.6,50534.0,192.168.1.4,21.0,tcp,9.97269892692566,118.0,188.0,SF,1.0,1.0,0.0,ShAdDafFr,18.0,1062.0,17.0,1056.0,FTP
1720731901.42624,C6kB491G8cKm95Rfu7,192.168.1.6,37076.0,192.168.1.4,21.0,tcp,9.068103075027466,147.0,188.0,SF,1.0,1.0,0.0,ShAdDafrF,18.0,1091.0,17.0,1056.0,FTP
1720728219.967747,C6eFY4uSluwtwKqKe,192.168.1.4,49300.0,20.110.205.119,443.0,tcp,9.068103075027466,147.0,188.0,SF,1.0,1.0,0.0,ShAdDafrF,18.0,1091.0,17.0,1056.0,HTTPS
1720728822.287863,CpmXio3ccGL4OXeR0j,192.168.1.6,57322.0,192.168.1.4,21.0,tcp,9.321269035339355,130.0,188.0,SF,1.0,1.0,0.0,ShAdDafrF,18.0,1074.0,17.0,1056.0,FTP
1720729298.897427,CcM6804jkfkSBN1sQa,192.168.1.6,45716.0,192.168.1.4,21.0,tcp,9.751115798950195,137.0,188.0,SF,1.0,1.0,0.0,ShAdDafrF,18.0,1081.0,17.0,1056.0,FTP
1720728305.840752,Cqje3itUMj5qQd1O3,192.168.1.4,54093.0,192.168.1.1,53.0,udp,0.005574226379394,51.0,248.0,SF,1.0,1.0,0.0,Dd,1.0,79.0,1.0,276.0,DNS
1720728211.949368,C7fDNE4GtLeBLZ2wwk,192.168.1.4,36720.0,40.71.99.188,443.0,udp,0.005574226379394,51.0,248.0,SF,1.0,1.0,0.0,Dd,1.0,79.0,1.0,276.0,HTTPS
1720728096.271078,CHGXRe2Kt6ZRFrEnDj,192.168.1.4,37072.0,192.168.1.1,53.0,udp,0.03151798248291,42.0,227.0,SF,1.0,1.0,0.0,Dd,1.0,70.0,1.0,255.0,DNS
1720730484.459626,CAL71S3m86yc0QxPK7,192.168.1.6,48624.0,192.168.1.4,21.0,tcp,10.753994941711426,125.0,188.0,SF,1.0,1.0,0.0,ShAdDafFr,18.0,1069.0,17.0,1056.0,FTP
1720728125.058135,CEUObz3YZBS7YqRiUk,192.168.1.4,34575.0,192.168.1.1,53.0,udp,10.753994941711426,125.0,188.0,SF,1.0,1.0,0.0,ShAdDafFr,18.0,1069.0,17.0,1056.0,DNS
1720731352.699515,CjkfSC1q6VYdExL6V8,192.168.1.6,55360.0,192.168.1.4,21.0,tcp,11.186880826950071,157.0,188.0,SF,1.0,1.0,0.0,ShAdDafrF,18.0,1101.0,17.0,1056.0,FTP
1720730880.326985,Cqb6a71Qy3s8YcSZig,192.168.1.6,60172.0,192.168.1.4,21.0,tcp,10.504008054733276,124.0,188.0,SF,1.0,1.0,0.0,ShAdDafFr,18.0,1068.0,17.0,1056.0,FTP
1720729103.677716,CGiBvA4mQQLGu3QGga,192.168.1.6,46592.0,192.168.1.4,21.0,tcp,10.121871948242188,127.0,188.0,SF,1.0,1.0,0.0,ShAdDafrF,18.0,1071.0,17.0,1056.0,FTP
1720727914.219908,CHu1zLi51YdyDjqi4,192.168.1.4,51718.0,13.224.214.32,443.0,tcp,10.121871948242188,127.0,188.0,SF,1.0,1.0,0.0,ShAdDafrF,18.0,1071.0,17.0,1056.0,HTTPS
1720728219.942088,CYly478t2ENHYEVp2,192.168.1.4,57854.0,192.168.1.1,53.0,udp,10.121871948242188,127.0,188.0,SF,1.0,1.0,0.0,ShAdDafrF,18.0,1071.0,17.0,1056.0,DNS
1720730061.612783,CzKFyN28gQQgmQPxA8,192.168.1.6,54868.0,192.168.1.4,21.0,tcp,10.01081609725952,120.0,188.0,SF,1.0,1.0,0.0,ShAdDafrF,18.0,1064.0,17.0,1056.0,FTP
1720728215.669269,CCk1hT2mZAt9JXBPI,192.168.1.4,46560.0,192.168.1.1,53.0,udp,0.001314878463745,48.0,319.0,SF,1.0,1.0,0.0,Dd,1.0,76.0,1.0,347.0,DNS
1720729366.200624,CKt1wemkdAXI8kRPf,192.168.1.6,44434.0,192.168.1.4,21.0,tcp,10.03393292427063,135.0,188.0,SF,1.0,1.0,0.0,ShAdDafrF,18.0,1079.0,17.0,1056.0,FTP
1720729671.820985,C0ECg8YU9Vg46yHqj,192.168.1.6,59934.0,192.168.1.4,21.0,tcp,9.386250972747805,169.0,188.0,SF,1.0,1.0,0.0,ShAdDafrF,18.0,1113.0,17.0,1056.0,FTP
1720730148.722773,C21aQD4mQtLnQTHiSf,192.168.1.6,55520.0,192.168.1.4,21.0,tcp,10.64918303489685,133.0,188.0,SF,1.0,1.0,0.0,ShAdDafrF,18.0,1077.0,17.0,1056.0,FTP
1720728155.554669,CFsUYo3tjGD2daIJNe,192.168.1.4,59387.0,192.168.1.1,53.0,udp,0.015206098556518,64.0,424.0,SF,1.0,1.0,0.0,Dd,1.0,92.0,1.0,452.0,DNS
1720728245.154284,CNtcOd4hqKoZriBN5l,192.168.1.4,33330.0,192.168.1.1,53.0,udp,0.002454996109008,62.0,62.0,SF,1.0,1.0,0.0,Dd,1.0,90.0,1.0,90.0,DNS
1720729439.458463,Cqsfrj34r2Z6OnOwci,192.168.1.6,51870.0,192.168.1.4,21.0,tcp,11.034873962402344,122.0,188.0,SF,1.0,1.0,0.0,ShAdDafrF,18.0,1066.0,17.0,1056.0,FTP
1720730234.708774,Cv5N553KGWBhU2cWOi,192.168.1.6,35180.0,192.168.1.4,21.0,tcp,10.25949001312256,128.0,188.0,SF,1.0,1.0,0.0,ShAdDafrF,18.0,1072.0,17.0,1056.0,FTP
1720727916.522692,Cd6R1D1T4UHBy4gwcb,192.168.1.4,46858.0,142.250.65.161,443.0,tcp,10.25949001312256,128.0,188.0,SF,1.0,1.0,0.0,ShAdDafrF,18.0,1072.0,17.0,1056.0,HTTPS
1720730519.166654,Ckjs4S2ARyoAYoPxKh,192.168.1.6,46308.0,192.168.1.4,21.0,tcp,10.144883871078491,134.0,188.0,SF,1.0,1.0,0.0,ShAdDafrF,18.0,1078.0,17.0,1056.0,FTP
1720730765.695599,CZc2u038SivBHP8cel,192.168.1.6,37048.0,192.168.1.4,21.0,tcp,10.305020809173584,125.0,188.0,SF,1.0,1.0,0.0,ShAdDafFr,18.0,1069.0,17.0,1056.0,FTP
1720731659.886181,CtIQN31e8Sm7lCCoFc,192.168.1.6,44096.0,192.168.1.4,21.0,tcp,10.487223863601685,158.0,188.0,SF,1.0,1.0,0.0,ShAdDafrF,18.0,1102.0,17.0,1056.0,FTP
1720728124.813167,CUGBVH2dQaCITxV9q1,192.168.1.4,50853.0,192.168.1.1,53.0,udp,10.487223863601685,158.0,188.0,SF,1.0,1.0,0.0,ShAdDafrF,18.0,1102.0,17.0,1056.0,DNS
1720730253.46967,Cb6ecn2uFtGHpsBPKl,192.168.1.6,40258.0,192.168.1.4,21.0,tcp,10.8089280128479,123.0,188.0,SF,1.0,1.0,0.0,ShAdDafFr,18.0,1067.0,17.0,1056.0,FTP
1720728196.440731,CNmOBI1qM0sTXkGsyl,192.168.1.6,53848.0,192.168.1.4,21.0,tcp,9.770920038223268,118.0,188.0,SF,1.0,1.0,0.0,ShAdDafrF,18.0,1062.0,17.0,1056.0,FTP
1720728953.44012,Ci3G2s2FOrilLG4aRe,192.168.1.6,60834.0,192.168.1.4,21.0,tcp,10.21436095237732,130.0,188.0,SF,1.0,1.0,0.0,ShAdDafrF,18.0,1074.0,17.0,1056.0,FTP
1720730692.886071,ChK5pS3NdT8QLDXzCh,192.168.1.6,33246.0,192.168.1.4,21.0,tcp,10.218369007110596,135.0,188.0,SF,1.0,1.0,0.0,ShAdDafrF,18.0,1079.0,17.0,1056.0,FTP
1720728233.708939,Ct7p2U10AcT4eSzzp,192.168.1.6,39120.0,192.168.1.4,21.0,tcp,9.809412956237791,116.0,188.0,SF,1.0,1.0,0.0,ShAdDafFr,18.0,1060.0,17.0,1056.0,FTP
1720730182.404887,CTkcgm29UXnv6LgUbk,192.168.1.6,45014.0,192.168.1.4,21.0,tcp,9.569440126419067,134.0,188.0,SF,1.0,1.0,0.0,ShAdDafFr,18.0,1078.0,17.0,1056.0,FTP
1720730543.274419,C2sYnu2XjIqkw0bVPk,192.168.1.6,58562.0,192.168.1.4,21.0,tcp,9.43994402885437,125.0,188.0,SF,1.0,1.0,0.0,ShAdDafrF,18.0,1069.0,17.0,1056.0,FTP
1720727764.940354,Cv4j3Pc8zILXvdBCe,192.168.1.4,36306.0,18.238.4.116,443.0,tcp,240.044273853302,2405.0,8048.0,SF,1.0,0.0,0.0,ShADadfF,18.0,3349.0,18.0,8992.0,HTTPS
1720728184.685358,CHt0Wl26krTJJs9Hc6,192.168.1.4,43479.0,192.168.1.1,53.0,udp,0.03545594215393,47.0,485.0,SF,1.0,1.0,0.0,Dd,1.0,75.0,1.0,513.0,DNS
1720728176.666148,CbJUEnCeT8mtZz8xj,192.168.1.6,37054.0,192.168.1.4,21.0,tcp,9.664196014404297,118.0,188.0,SF,1.0,1.0,0.0,ShAdDafrF,18.0,1062.0,17.0,1056.0,FTP
1720729034.476134,CPU95920Z2yp1OgUCi,192.168.1.6,57770.0,192.168.1.4,21.0,tcp,9.900096893310549,124.0,188.0,SF,1.0,1.0,0.0,ShAdDafrF,18.0,1068.0,17.0,1056.0,FTP
1720728452.915554,CYHfki2Uhf28hUGQrk,192.168.1.6,37974.0,192.168.1.4,21.0,tcp,9.34754490852356,118.0,188.0,SF,1.0,1.0,0.0,ShAdDafFr,18.0,1062.0,17.0,1056.0,FTP
1720727794.49376,C1aegZ1TBeWu0cfTC4,192.168.1.4,50995.0,192.168.1.1,53.0,udp,0.002079010009765,50.0,107.0,SF,1.0,1.0,0.0,Dd,1.0,78.0,1.0,135.0,DNS
1720730792.418291,CZoUtev4CrZjwsfi9,192.168.1.6,45504.0,192.168.1.4,21.0,tcp,10.255502939224243,119.0,188.0,SF,1.0,1.0,0.0,ShAdDafFr,18.0,1063.0,17.0,1056.0,FTP
1720729430.583667,CrYhVr3m0x3OCCjKRf,192.168.1.6,47302.0,192.168.1.4,21.0,tcp,11.281751871109009,129.0,188.0,SF,1.0,1.0,0.0,ShAdDafrF,18.0,1073.0,17.0,1056.0,FTP
1720727793.224393,C3Cnqd4TGBGmqN5nw4,192.168.1.4,42336.0,184.72.124.184,80.0,tcp,30.04838514328003,0.0,0.0,SF,1.0,0.0,0.0,ShAfFa,4.0,216.0,3.0,164.0,HTTP
1720730144.126824,CupYVC3vOPj4uMtX7l,192.168.1.6,55500.0,192.168.1.4,21.0,tcp,9.77848219871521,120.0,188.0,SF,1.0,1.0,0.0,ShAdDafFr,18.0,1064.0,17.0,1056.0,FTP
1720731745.800698,CD6ctj25oIA1U1c1Yc,192.168.1.6,40458.0,192.168.1.4,21.0,tcp,10.702703952789308,164.0,188.0,SF,1.0,1.0,0.0,ShAdDafFr,18.0,1108.0,17.0,1056.0,FTP
1720728096.363117,Cx5q723HqbmLUDlA6j,192.168.1.4,35954.0,192.168.1.1,53.0,udp,10.702703952789308,164.0,188.0,SF,1.0,1.0,0.0,ShAdDafFr,18.0,1108.0,17.0,1056.0,DNS
1720729162.918412,CHNIrjArofYV6RIBl,192.168.1.6,45906.0,192.168.1.4,21.0,tcp,10.27930212020874,118.0,188.0,SF,1.0,1.0,0.0,ShAdDafrF,18.0,1062.0,17.0,1056.0,FTP
1720728922.459138,CVYWr53GyeZkpdHzD7,192.168.1.6,50630.0,192.168.1.4,21.0,tcp,9.439544200897217,134.0,188.0,SF,1.0,1.0,0.0,ShAdDafFr,18.0,1078.0,17.0,1056.0,FTP
1720728096.500245,C9HmOl1E05RzoCRJh2,192.168.1.4,42284.0,192.168.1.1,53.0,udp,9.439544200897217,134.0,188.0,SF,1.0,1.0,0.0,ShAdDafFr,18.0,1078.0,17.0,1056.0,DNS
1720728035.185175,Cgbyxt4pdnpGFrjmAl,192.168.1.4,58560.0,31.13.71.36,443.0,tcp,65.09913396835327,2834.0,3181.0,SF,1.0,0.0,0.0,ShADadfF,16.0,3674.0,17.0,4073.0,HTTPS
1720728440.968061,C8kMAy4wnXjZ8d5Zo5,192.168.1.6,44254.0,192.168.1.4,21.0,tcp,9.88838791847229,118.0,188.0,SF,1.0,1.0,0.0,ShAdDafrF,18.0,1062.0,17.0,1056.0,FTP
1720730149.167656,CWftwk3rlsRY5Bum2f,192.168.1.6,55564.0,192.168.1.4,21.0,tcp,10.451086044311523,136.0,188.0,SF,1.0,1.0,0.0,ShAdDafrF,18.0,1080.0,17.0,1056.0,FTP
1720731534.152278,CFXdrZ2Z0t1qwnvQRa,192.168.1.6,44852.0,192.168.1.4,21.0,tcp,10.722329139709473,142.0,188.0,SF,1.0,1.0,0.0,ShAdDafrF,18.0,1086.0,17.0,1056.0,FTP
1720728185.217525,CY48CKI6SIquOl81j,192.168.1.4,46610.0,192.168.1.1,53.0,udp,0.001893043518066,53.0,114.0,SF,1.0,1.0,0.0,Dd,1.0,81.0,1.0,142.0,DNS
1720729240.07411,CCI9qyCoDDDVGbTRe,192.168.1.6,38356.0,192.168.1.4,21.0,tcp,9.475584030151367,127.0,188.0,SF,1.0,1.0,0.0,ShAdDafrF,18.0,1071.0,17.0,1056.0,FTP
1720730559.187868,CSpfp04K2HbiXjWiui,192.168.1.6,59516.0,192.168.1.4,21.0,tcp,10.16787576675415,120.0,188.0,SF,1.0,1.0,0.0,ShAdDafrF,18.0,1064.0,17.0,1056.0,FTP
1720728319.140691,CmWOjCaW3AQ0CTOub,192.168.1.6,35676.0,192.168.1.4,21.0,tcp,10.768518924713137,118.0,188.0,SF,1.0,1.0,0.0,ShAdDafFr,18.0,1062.0,17.0,1056.0,FTP
1720728245.149345,C0ZlvSi2dHLAxGbT8,192.168.1.4,50410.0,20.190.152.22,443.0,tcp,60.12391519546509,1978.0,4009.0,RSTR,1.0,0.0,0.0,ShADadFr,10.0,2398.0,8.0,4341.0,HTTPS
1720730201.761903,Cx8NvE2QG9G7rRuTye,192.168.1.6,45160.0,192.168.1.4,21.0,tcp,9.997673034667969,124.0,188.0,SF,1.0,1.0,0.0,ShAdDafrF,18.0,1068.0,17.0,1056.0,FTP
1720731182.869958,CwGiZumbKbLjhplZ2,192.168.1.6,44712.0,192.168.1.4,21.0,tcp,9.022027969360352,121.0,188.0,SF,1.0,1.0,0.0,ShAdDafFr,18.0,1065.0,17.0,1056.0,FTP
1720728465.302305,CMua3423k1c5FzM426,192.168.1.6,40980.0,192.168.1.4,21.0,tcp,9.877378940582275,117.0,188.0,SF,1.0,1.0,0.0,ShAdDafFr,18.0,1061.0,17.0,1056.0,FTP
1720727794.662542,CQGTAj2Y2Zmj1MU0p4,192.168.1.4,35815.0,192.168.1.1,53.0,udp,0.003132820129394,49.0,389.0,SF,1.0,1.0,0.0,Dd,1.0,77.0,1.0,417.0,DNS
1720728435.823602,CRFfew1wEaLul0sktd,192.168.1.6,44212.0,192.168.1.4,21.0,tcp,9.998846054077148,117.0,188.0,SF,1.0,1.0,0.0,ShAdDafrF,18.0,1061.0,17.0,1056.0,FTP
1720728106.847523,C29eCRm5o2ooj5ll3,192.168.1.4,56994.0,162.247.243.29,443.0,tcp,9.998846054077148,117.0,188.0,SF,1.0,1.0,0.0,ShAdDafrF,18.0,1061.0,17.0,1056.0,HTTPS
1720728026.543692,CvOJiP1V4LpIriS6Td,192.168.1.4,54370.0,142.251.40.238,443.0,tcp,9.998846054077148,117.0,188.0,SF,1.0,1.0,0.0,ShAdDafrF,18.0,1061.0,17.0,1056.0,HTTPS
1720728054.328194,ClRwtv4F73UfIxNBH9,192.168.1.4,34124.0,68.67.161.208,443.0,tcp,10.137940168380736,4803.0,5116.0,RSTO,1.0,0.0,0.0,ShADadfR,16.0,5643.0,13.0,5800.0,HTTPS
1720731346.49224,CFWfYm4TcqZlgzdNTj,192.168.1.6,55226.0,192.168.1.4,21.0,tcp,10.415406942367554,173.0,188.0,SF,1.0,1.0,0.0,ShAdDafrF,18.0,1117.0,17.0,1056.0,FTP
1720729317.883403,CcMbYQ2Bzxq3ylhp1,192.168.1.6,33604.0,192.168.1.4,21.0,tcp,9.598989009857178,121.0,188.0,SF,1.0,1.0,0.0,ShAdDafrF,18.0,1065.0,17.0,1056.0,FTP
1720728096.396837,CSFQOA3gT8tERUqj09,192.168.1.4,35398.0,192.168.1.1,53.0,udp,0.034017086029052,48.0,111.0,SF,1.0,1.0,0.0,Dd,1.0,76.0,1.0,139.0,DNS
1720728335.329994,CiypaU2FCEG38nfahl,192.168.1.6,38722.0,192.168.1.4,21.0,tcp,11.044350147247314,118.0,188.0,SF,1.0,1.0,0.0,ShAdDafrF,18.0,1062.0,17.0,1056.0,FTP
1720728306.258247,CXGDHorGbtOWBTFil,192.168.1.4,47070.0,142.251.41.2,443.0,tcp,11.044350147247314,118.0,188.0,SF,1.0,1.0,0.0,ShAdDafrF,18.0,1062.0,17.0,1056.0,HTTPS
1720728215.669404,CiSotQ2FKTd6XFjzY2,192.168.1.4,34831.0,192.168.1.1,53.0,udp,0.003561973571777,46.0,317.0,SF,1.0,1.0,0.0,Dd,1.0,74.0,1.0,345.0,DNS
1720727990.689007,C8y1vCW3jhoChFlU7,192.168.1.6,48646.0,192.168.1.4,21.0,tcp,10.05674695968628,118.0,188.0,SF,1.0,1.0,0.0,ShAdDafrF,18.0,1062.0,17.0,1056.0,FTP
1720728154.63427,Ck3NGqHgYH8HZ9vwa,192.168.1.4,39504.0,104.19.229.57,443.0,tcp,10.05674695968628,118.0,188.0,SF,1.0,1.0,0.0,ShAdDafrF,18.0,1062.0,17.0,1056.0,HTTPS
1720727854.956424,ComdRE3OHs2cbt83P,192.168.1.6,42220.0,192.168.1.4,21.0,tcp,10.068870067596436,118.0,188.0,SF,1.0,1.0,0.0,ShAdDafrF,18.0,1062.0,17.0,1056.0,FTP
1720729265.99607,Cvswwz2wx0VDKRpZhc,192.168.1.6,34372.0,192.168.1.4,21.0,tcp,9.98214602470398,123.0,188.0,SF,1.0,1.0,0.0,ShAdDafFr,18.0,1067.0,17.0,1056.0,FTP
1720727884.463628,CEWBHK1nyeT6C0Xze4,192.168.1.4,50476.0,104.18.32.90,443.0,tcp,60.1634259223938,2091.0,1887.0,SF,1.0,0.0,0.0,ShADadFf,9.0,2567.0,7.0,2259.0,HTTPS
1720728705.816477,C68rHH3mfJTaLYj6vh,192.168.1.6,37366.0,192.168.1.4,21.0,tcp,10.22467589378357,145.0,188.0,SF,1.0,1.0,0.0,ShAdDafrF,18.0,1089.0,17.0,1056.0,FTP
1720731082.742387,CXnc9D3t5QAe46Ql76,192.168.1.6,57054.0,192.168.1.4,21.0,tcp,10.51067304611206,115.0,188.0,SF,1.0,1.0,0.0,ShAdDafrF,18.0,1059.0,17.0,1056.0,FTP
1720728095.290434,CAtDXU2RbNAKzdmJff,192.168.1.4,42120.0,104.108.97.114,443.0,tcp,10.51067304611206,115.0,188.0,SF,1.0,1.0,0.0,ShAdDafrF,18.0,1059.0,17.0,1056.0,HTTPS
1720728305.865131,CbogD24mCCw5Y5pJQ,192.168.1.4,45866.0,146.75.28.157,443.0,tcp,10.51067304611206,115.0,188.0,SF,1.0,1.0,0.0,ShAdDafrF,18.0,1059.0,17.0,1056.0,HTTPS
1720728475.179871,CCF5la3anSOBceSuZe,192.168.1.6,53138.0,192.168.1.4,21.0,tcp,10.335757970809937,118.0,188.0,SF,1.0,1.0,0.0,ShAdDafrF,18.0,1062.0,17.0,1056.0,FTP
1720730698.88739,CJeJhE1wY2MVHf6Un3,192.168.1.6,39404.0,192.168.1.4,21.0,tcp,10.961503982543944,128.0,188.0,SF,1.0,1.0,0.0,ShAdDafrF,18.0,1072.0,17.0,1056.0,FTP
1720728750.882149,CDKPIQ3TYzlArnu53l,192.168.1.6,54254.0,192.168.1.4,21.0,tcp,10.403466939926147,115.0,188.0,SF,1.0,1.0,0.0,ShAdDafrF,18.0,1059.0,17.0,1056.0,FTP
1720727884.528575,CKWKjz17MBiAWJHnQi,192.168.1.4,57546.0,216.239.32.178,443.0,tcp,0.030027151107788,1798.0,5974.0,RSTO,1.0,0.0,0.0,ShADadFR,9.0,2238.0,8.0,6398.0,HTTPS
1720727914.257909,CcybnE3gHSOMzXISq4,192.168.1.4,42515.0,192.168.1.1,53.0,udp,0.030027151107788,1798.0,5974.0,RSTO,1.0,0.0,0.0,ShADadFR,9.0,2238.0,8.0,6398.0,DNS
1720729609.359229,CcVrWl1JEotUn1I3I6,192.168.1.6,48620.0,192.168.1.4,21.0,tcp,9.441751956939695,109.0,188.0,SF,1.0,1.0,0.0,ShAdDafrF,18.0,1053.0,17.0,1056.0,FTP
1720727884.63447,Csnyw84e1wRmblWhrc,192.168.1.4,37152.0,13.224.214.36,443.0,tcp,240.08560395240784,2600.0,6840.0,RSTO,1.0,0.0,0.0,ShADadfR,18.0,3532.0,19.0,7836.0,HTTPS
1720729715.035715,CwKwLM1VKlNX54Dhef,192.168.1.6,56520.0,192.168.1.4,21.0,tcp,9.876568794250488,111.0,188.0,SF,1.0,1.0,0.0,ShAdDafrF,18.0,1055.0,17.0,1056.0,FTP
1720731297.828807,C6yIFD1upnO36IdGE1,192.168.1.6,44846.0,192.168.1.4,21.0,tcp,10.193028926849363,167.0,188.0,SF,1.0,1.0,0.0,ShAdDafrF,18.0,1111.0,17.0,1056.0,FTP
1720728124.747627,CUTtoOSIFatyRHnyk,192.168.1.4,37170.0,142.250.65.163,443.0,tcp,84.00920605659485,2414.0,56021.0,SF,1.0,0.0,0.0,ShADadFf,44.0,4710.0,45.0,58369.0,HTTPS
1720731859.019444,CrNLKk1ymxE0bvb8O1,192.168.1.6,40976.0,192.168.1.4,21.0,tcp,9.4128520488739,110.0,188.0,SF,1.0,1.0,0.0,ShAdDafrF,18.0,1054.0,17.0,1056.0,FTP
1720729696.172731,CRHyGw34JLo5EAMfCc,192.168.1.6,36614.0,192.168.1.4,21.0,tcp,9.956668138504028,138.0,188.0,SF,1.0,1.0,0.0,ShAdDafrF,18.0,1082.0,17.0,1056.0,FTP
1720727854.000719,CMz4ar2hDPGIWnaF9,192.168.1.4,46874.0,13.225.63.31,443.0,tcp,9.956668138504028,138.0,188.0,SF,1.0,1.0,0.0,ShAdDafrF,18.0,1082.0,17.0,1056.0,HTTPS
1720728245.171551,CnWKSO9YK59IjDSHl,192.168.1.4,35092.0,13.107.3.128,443.0,tcp,0.0,138.0,188.0,SF,0.0,1.0,0.0,ShAdDafrF,18.0,1082.0,17.0,1056.0,HTTPS
1720731329.332146,CNWRBC4dHnCsOLMqGl,192.168.1.6,35296.0,192.168.1.4,21.0,tcp,9.625638961791992,146.0,188.0,SF,1.0,1.0,0.0,ShAdDafrF,18.0,1090.0,17.0,1056.0,FTP
1720730053.89148,C8mZBC41Uc3dBRx7xj,192.168.1.6,54746.0,192.168.1.4,21.0,tcp,9.704792022705078,131.0,188.0,SF,1.0,1.0,0.0,ShAdDafrF,18.0,1075.0,17.0,1056.0,FTP
1720730220.255522,CQ39tn4kRELDjWYhTa,192.168.1.6,38130.0,192.168.1.4,21.0,tcp,11.01285696029663,121.0,188.0,SF,1.0,1.0,0.0,ShAdDafrF,18.0,1065.0,17.0,1056.0,FTP
1720727763.09429,Cv8etD317GVr0UKe38,192.168.1.4,59774.0,204.79.197.203,443.0,tcp,145.0326759815216,18700.0,120696.0,RSTR,1.0,0.0,0.0,ShADadr,91.0,22360.0,104.0,124868.0,HTTPS
1720729951.537732,CQk2IqRRrTbYVEjZb,192.168.1.6,56118.0,192.168.1.4,21.0,tcp,9.241131067276,132.0,188.0,SF,1.0,1.0,0.0,ShAdDafrF,18.0,1076.0,17.0,1056.0,FTP
1720727793.546191,Ce4GJW1UCqYHAw9HPe,192.168.1.4,52158.0,104.19.178.52,443.0,tcp,9.241131067276,132.0,188.0,SF,1.0,1.0,0.0,ShAdDafrF,18.0,1076.0,17.0,1056.0,HTTPS
1720730474.689034,CEzerqOnj9jlL82J,192.168.1.6,50436.0,192.168.1.4,21.0,tcp,9.770395040512083,122.0,188.0,SF,1.0,1.0,0.0,ShAdDafrF,18.0,1066.0,17.0,1056.0,FTP
1720728071.389404,C0EjWa1rFh2m9oml0e,192.168.1.6,56236.0,192.168.1.4,21.0,tcp,10.022677898406982,118.0,188.0,SF,1.0,1.0,0.0,ShAdDafrF,18.0,1062.0,17.0,1056.0,FTP
1720728777.204983,Cr8AU42odSjRoOocj9,192.168.1.6,41478.0,192.168.1.4,21.0,tcp,9.753115892410278,142.0,188.0,SF,1.0,1.0,0.0,ShAdDafFr,18.0,1086.0,17.0,1056.0,FTP
1720727768.625909,C67h0X3zfaYvtq38Xh,192.168.1.6,53366.0,192.168.1.4,21.0,tcp,8.69017481803894,118.0,188.0,SF,1.0,1.0,0.0,ShAdDafrF,18.0,1062.0,17.0,1056.0,FTP
1720727884.879855,CsP5bc45BQUoCAC2d8,192.168.1.4,58076.0,142.251.32.102,443.0,tcp,240.25196719169617,3437.0,8307.0,SF,1.0,0.0,0.0,ShADadFf,28.0,4901.0,29.0,9823.0,HTTPS
1720729720.231271,C30BTb2SmRqgpA4kKc,192.168.1.6,56590.0,192.168.1.4,21.0,tcp,9.824994087219238,109.0,188.0,SF,1.0,1.0,0.0,ShAdDafrF,18.0,1053.0,17.0,1056.0,FTP
1720728185.189203,C83gJ62i6P1xbDEpAg,192.168.1.4,49402.0,192.168.1.1,53.0,udp,0.004491090774536,52.0,113.0,SF,1.0,1.0,0.0,Dd,1.0,80.0,1.0,141.0,DNS
1720731574.261787,CWvRLe3MnatcpdvX8k,192.168.1.6,57172.0,192.168.1.4,21.0,tcp,9.053336143493652,161.0,188.0,SF,1.0,1.0,0.0,ShAdDafFr,18.0,1105.0,17.0,1056.0,FTP
1720728186.745968,CkwHbD3Wea10t5zdgf,192.168.1.4,52946.0,142.251.41.2,443.0,tcp,9.053336143493652,161.0,188.0,SF,1.0,1.0,0.0,ShAdDafFr,18.0,1105.0,17.0,1056.0,HTTPS
1720727764.00493,CUPhxP28yQr9BHvLg2,192.168.1.4,45256.0,40.126.24.82,443.0,tcp,130.05880689620972,4032.0,16254.0,RSTR,1.0,0.0,0.0,ShADadr,17.0,4732.0,16.0,16906.0,HTTPS
1720729209.030233,C1dXrE1CqnZM9sukwc,192.168.1.6,56422.0,192.168.1.4,21.0,tcp,10.85438108444214,111.0,188.0,SF,1.0,1.0,0.0,ShAdDafFr,18.0,1055.0,17.0,1056.0,FTP
1720728095.422234,CqXkRq15WN1zVi3Hq7,192.168.1.4,46508.0,192.168.1.1,53.0,udp,0.00319504737854,73.0,155.0,SF,1.0,1.0,0.0,Dd,1.0,101.0,1.0,183.0,DNS
1720731381.924654,C5uoJP2OiG4pqmE2Bl,192.168.1.6,46350.0,192.168.1.4,21.0,tcp,9.313414096832275,164.0,188.0,SF,1.0,1.0,0.0,ShAdDafFr,18.0,1108.0,17.0,1056.0,FTP
1720728986.433738,CAVqel4lhQknIwIxsf,192.168.1.6,34036.0,192.168.1.4,21.0,tcp,10.129148006439207,118.0,188.0,SF,1.0,1.0,0.0,ShAdDafrF,18.0,1062.0,17.0,1056.0,FTP
1720727765.981849,C185ZA46iv0AjQT2Ib,192.168.1.4,34926.0,104.96.221.59,443.0,tcp,10.129148006439207,118.0,188.0,SF,1.0,1.0,0.0,ShAdDafrF,18.0,1062.0,17.0,1056.0,HTTPS
1720731464.514985,CF0SbT3jfzi6MpY0a,192.168.1.6,56682.0,192.168.1.4,21.0,tcp,10.692752838134766,171.0,188.0,SF,1.0,1.0,0.0,ShAdDafrF,18.0,1115.0,17.0,1056.0,FTP
1720731927.993836,CldjcJ1pUMmJ4MKxgi,192.168.1.6,37652.0,192.168.1.4,21.0,tcp,10.127794981002808,182.0,188.0,SF,1.0,1.0,0.0,ShAdDafFr,18.0,1126.0,17.0,1056.0,FTP
1720727793.450083,CymsvB4zfg6hgwVSm4,192.168.1.4,40518.0,192.168.1.1,53.0,udp,10.127794981002808,182.0,188.0,SF,1.0,1.0,0.0,ShAdDafFr,18.0,1126.0,17.0,1056.0,DNS
1720727853.837307,CvVjxu7FyBtvPGk32,192.168.1.4,57410.0,192.168.1.1,53.0,udp,10.127794981002808,182.0,188.0,SF,1.0,1.0,0.0,ShAdDafFr,18.0,1126.0,17.0,1056.0,DNS
1720728494.552701,CKNIjY1p8VeiHAUFhb,192.168.1.6,54800.0,192.168.1.4,21.0,tcp,9.373862028121948,118.0,188.0,SF,1.0,1.0,0.0,ShAdDafrF,18.0,1062.0,17.0,1056.0,FTP
1720731504.497839,CHWZ5S1U07L2RfcOB2,192.168.1.6,39544.0,192.168.1.4,21.0,tcp,9.228342056274414,162.0,188.0,SF,1.0,1.0,0.0,ShAdDafFr,18.0,1106.0,17.0,1056.0,FTP
1720728124.755031,C3PCME382ZoykS1Mi3,192.168.1.4,39120.0,18.238.4.35,443.0,tcp,9.228342056274414,162.0,188.0,SF,1.0,1.0,0.0,ShAdDafFr,18.0,1106.0,17.0,1056.0,HTTPS
1720731442.20021,CioyRw16v6ZCmuaarc,192.168.1.6,53006.0,192.168.1.4,21.0,tcp,10.164628982543944,139.0,188.0,SF,1.0,1.0,0.0,ShAdDafFr,18.0,1083.0,17.0,1056.0,FTP
1720728154.578867,CJmgs442jSplM9f2j4,192.168.1.4,57483.0,192.168.1.1,53.0,udp,0.003149032592773,44.0,185.0,SF,1.0,1.0,0.0,Dd,1.0,72.0,1.0,213.0,DNS
1720731133.233796,C0Y6AB3EjrCAn6H30e,192.168.1.4,54697.0,192.168.1.1,53.0,udp,0.000681161880493,58.0,250.0,SF,1.0,1.0,0.0,Dd,1.0,86.0,1.0,278.0,DNS
1720730532.851993,C87pbs4xDOpkU5ECv5,192.168.1.6,49676.0,192.168.1.4,21.0,tcp,9.991159915924072,119.0,188.0,SF,1.0,1.0,0.0,ShAdDafrF,18.0,1063.0,17.0,1056.0,FTP
1720727777.326304,CkIUnq4ef4fGQDiTj4,192.168.1.6,35252.0,192.168.1.4,21.0,tcp,9.40964698791504,118.0,188.0,SF,1.0,1.0,0.0,ShAdDafrF,18.0,1062.0,17.0,1056.0,FTP
1720731329.146392,CHJnEAj8nZqaXfmV8,192.168.1.6,35248.0,192.168.1.4,21.0,tcp,10.958884000778198,153.0,188.0,SF,1.0,1.0,0.0,ShAdDafrF,18.0,1097.0,17.0,1056.0,FTP
1720730253.511133,COUO1w2mLiZ0yQpJyg,192.168.1.6,40264.0,192.168.1.4,21.0,tcp,10.822590112686155,126.0,188.0,SF,1.0,1.0,0.0,ShAdDafrF,18.0,1070.0,17.0,1056.0,FTP
1720727884.939927,CQHP422QL3SNVvtx1f,192.168.1.4,55996.0,146.75.36.84,443.0,tcp,10.822590112686155,126.0,188.0,SF,1.0,1.0,0.0,ShAdDafrF,18.0,1070.0,17.0,1056.0,HTTPS
1720729861.292275,CtZTY44NSjOvC9m8b7,192.168.1.6,47928.0,192.168.1.4,21.0,tcp,10.041864156723022,121.0,188.0,SF,1.0,1.0,0.0,ShAdDafFr,18.0,1065.0,17.0,1056.0,FTP
1720731013.604568,CYi1Eg4NNKrH5Qbyr5,192.168.1.6,35452.0,192.168.1.4,21.0,tcp,11.363256931304932,120.0,188.0,SF,1.0,1.0,0.0,ShAdDafFr,18.0,1064.0,17.0,1056.0,FTP
1720727733.215351,CgacvbpQCtlLSyxd8,192.168.1.4,49902.0,104.18.10.207,443.0,tcp,400.05360198020935,2445.0,14587.0,SF,1.0,0.0,0.0,ShADadFf,24.0,3701.0,25.0,15895.0,HTTPS
1720729564.529873,Cw2AGW1F0yN8hgi36h,192.168.1.6,55650.0,192.168.1.4,21.0,tcp,10.188569068908691,112.0,188.0,SF,1.0,1.0,0.0,ShAdDafrF,18.0,1056.0,17.0,1056.0,FTP
1720728095.55927,Clfstg4LqSeYFWgVu2,192.168.1.4,33774.0,192.168.1.1,53.0,udp,10.188569068908691,112.0,188.0,SF,1.0,1.0,0.0,ShAdDafrF,18.0,1056.0,17.0,1056.0,DNS
1720730556.031579,CmVJG81JGB5UOTiCO5,192.168.1.6,59450.0,192.168.1.4,21.0,tcp,10.127177000045776,123.0,188.0,SF,1.0,1.0,0.0,ShAdDafrF,18.0,1067.0,17.0,1056.0,FTP
1720731201.620414,CDvxG02AT8B7DNy19,192.168.1.6,35272.0,192.168.1.4,21.0,tcp,9.850322961807253,116.0,188.0,SF,1.0,1.0,0.0,ShAdDafrF,18.0,1060.0,17.0,1056.0,FTP
1720728009.448908,ChxGyi2nStFdeO6wh8,192.168.1.4,44171.0,142.250.81.238,443.0,tcp,9.850322961807253,116.0,188.0,SF,1.0,1.0,0.0,ShAdDafrF,18.0,1060.0,17.0,1056.0,HTTPS
1720729926.02138,CUoykp3Tbk7nrHbhRf,192.168.1.6,52116.0,192.168.1.4,21.0,tcp,10.750161170959473,128.0,188.0,SF,1.0,1.0,0.0,ShAdDafrF,18.0,1072.0,17.0,1056.0,FTP
1720731860.853708,CnEp043GiMvbmGxoqi,192.168.1.6,41058.0,192.168.1.4,21.0,tcp,10.729248046875,108.0,188.0,SF,1.0,1.0,0.0,ShAdDafFr,18.0,1052.0,17.0,1056.0,FTP
1720730329.03146,C6TY1B3oMC9WQg5joe,192.168.1.6,57476.0,192.168.1.4,21.0,tcp,10.596592903137209,118.0,188.0,SF,1.0,1.0,0.0,ShAdDafrF,18.0,1062.0,17.0,1056.0,FTP
1720727765.848637,CEkKNx26s09BeXxNK9,192.168.1.4,38013.0,192.168.1.1,53.0,udp,0.015160799026489,127.0,127.0,SF,1.0,1.0,0.0,Dd,3.0,211.0,3.0,211.0,DNS
1720728186.023561,Cl04wB3FHf4VSojUqf,192.168.1.4,39200.0,23.48.104.69,443.0,tcp,22.71875810623169,1804.0,4713.0,SF,1.0,0.0,0.0,ShADadfF,12.0,2448.0,12.0,5345.0,HTTPS
1720727793.454748,C21d8A41Eiyc1N9h3e,192.168.1.4,48351.0,192.168.1.1,53.0,udp,0.001649141311645,53.0,440.0,SF,1.0,1.0,0.0,Dd,1.0,81.0,1.0,468.0,DNS
1720728798.432308,CXcnU7JuJP8Ju5VXl,192.168.1.6,45138.0,192.168.1.4,21.0,tcp,9.435523986816406,134.0,188.0,SF,1.0,1.0,0.0,ShAdDafFr,18.0,1078.0,17.0,1056.0,FTP
1720729134.896639,CfZgvB4lehykWWbYy5,192.168.1.6,47350.0,192.168.1.4,21.0,tcp,10.240330934524536,120.0,188.0,SF,1.0,1.0,0.0,ShAdDafrF,18.0,1064.0,17.0,1056.0,FTP
1720731721.652686,CsLXcK2Hue1xoHnI27,192.168.1.6,38680.0,192.168.1.4,21.0,tcp,10.814562797546388,181.0,188.0,SF,1.0,1.0,0.0,ShAdDafrF,18.0,1125.0,17.0,1056.0,FTP
1720728331.920378,CToJs62hOpDGMxGUah,192.168.1.4,44968.0,192.168.1.1,53.0,udp,0.002253055572509,60.0,203.0,SF,1.0,1.0,0.0,Dd,1.0,88.0,1.0,231.0,DNS
1720731559.903451,C7vltT1R9jzcTst2pg,192.168.1.6,35634.0,192.168.1.4,21.0,tcp,9.956223011016846,142.0,188.0,SF,1.0,1.0,0.0,ShAdDafrF,18.0,1086.0,17.0,1056.0,FTP
1720729475.200746,CPRExb1QksqnbMTAEd,192.168.1.6,50006.0,192.168.1.4,21.0,tcp,10.51749300956726,114.0,188.0,SF,1.0,1.0,0.0,ShAdDafrF,18.0,1058.0,17.0,1056.0,FTP
1720728158.392395,CsKGVP2zKaejBa1M1j,192.168.1.6,47772.0,192.168.1.4,21.0,tcp,9.312829971313477,118.0,188.0,SF,1.0,1.0,0.0,ShAdDafFr,18.0,1062.0,17.0,1056.0,FTP
1720729595.925743,C809BM1VQe3uW6oDNa,192.168.1.6,51150.0,192.168.1.4,21.0,tcp,10.562433958053589,110.0,188.0,SF,1.0,1.0,0.0,ShAdDafFr,18.0,1054.0,17.0,1056.0,FTP
1720728125.090384,CvvD8p3POt9OQebCDg,192.168.1.4,48320.0,192.168.1.1,53.0,udp,0.003381967544555,52.0,113.0,SF,1.0,1.0,0.0,Dd,1.0,80.0,1.0,141.0,DNS
1720728963.691774,Chk7j04jNe5luBZPL4,192.168.1.6,43072.0,192.168.1.4,21.0,tcp,9.464636087417604,111.0,188.0,SF,1.0,1.0,0.0,ShAdDafrF,18.0,1055.0,17.0,1056.0,FTP
1720727823.378184,CrDLIf3tTOrPHknKEk,192.168.1.4,55446.0,44.196.6.106,80.0,tcp,30.014946937561035,0.0,0.0,SF,1.0,0.0,0.0,ShAfFa,4.0,216.0,3.0,164.0,HTTP
1720729400.158459,CS2Ggs1HvUPaRKAAmg,192.168.1.6,49170.0,192.168.1.4,21.0,tcp,10.508028030395508,125.0,188.0,SF,1.0,1.0,0.0,ShAdDafrF,18.0,1069.0,17.0,1056.0,FTP
1720730457.236899,C3P12vSf1dPSbUWOh,192.168.1.6,42206.0,192.168.1.4,21.0,tcp,9.35216212272644,120.0,188.0,SF,1.0,1.0,0.0,ShAdDafrF,18.0,1064.0,17.0,1056.0,FTP
1720729057.809191,C5Tt714QLJ9eNnWOkc,192.168.1.6,59926.0,192.168.1.4,21.0,tcp,10.325419902801514,129.0,188.0,SF,1.0,1.0,0.0,ShAdDafFr,18.0,1073.0,17.0,1056.0,FTP
1720728306.020566,CuwOqQG0sotFdPmc9,192.168.1.4,38350.0,146.75.36.84,443.0,tcp,10.325419902801514,129.0,188.0,SF,1.0,1.0,0.0,IIiishhhHHhH,18.0,1073.0,17.0,1056.0,HTTPS
1720727702.874406,CcKQbT2CF5xIgx74z9,192.168.1.4,40778.0,104.16.149.244,443.0,tcp,60.198168992996216,1813.0,5050.0,SF,1.0,0.0,0.0,ShADadFf,11.0,2393.0,8.0,5474.0,HTTPS
1720728096.473707,CZK5GW1BKBCwA0NEl2,192.168.1.4,35051.0,142.250.80.68,443.0,tcp,60.198168992996216,1813.0,5050.0,SF,1.0,0.0,0.0,IIiiiIhhhHHhH,11.0,2393.0,8.0,5474.0,HTTPS
1720730779.329466,CykPL52Q5gxP7ukiYg,192.168.1.6,58012.0,192.168.1.4,21.0,tcp,10.237290859222412,116.0,188.0,SF,1.0,1.0,0.0,ShAdDafrF,18.0,1060.0,17.0,1056.0,FTP
1720727915.09711,CpznlQCtt3VH64akk,192.168.1.4,42312.0,104.96.238.138,443.0,tcp,10.237290859222412,116.0,188.0,SF,1.0,1.0,0.0,ShAdDafrF,18.0,1060.0,17.0,1056.0,HTTPS
1720730006.542853,CF8GRB2pgBS0kGo4y7,192.168.1.6,41210.0,192.168.1.4,21.0,tcp,9.557127952575684,123.0,188.0,SF,1.0,1.0,0.0,ShAdDafFr,18.0,1067.0,17.0,1056.0,FTP
1720728186.316803,CgxXy61v2cb7V2QaFc,192.168.1.4,48613.0,192.168.1.1,53.0,udp,0.002820968627929,53.0,114.0,SF,1.0,1.0,0.0,Dd,1.0,81.0,1.0,142.0,DNS
1720728522.419339,CHLs271LI3fvpmfBw2,192.168.1.6,48420.0,192.168.1.4,21.0,tcp,10.042243957519531,115.0,188.0,SF,1.0,1.0,0.0,ShAdDafrF,18.0,1059.0,17.0,1056.0,FTP
1720730709.849076,CHzqPgQFA0R2mGt0i,192.168.1.6,57666.0,192.168.1.4,21.0,tcp,10.68108892440796,126.0,188.0,SF,1.0,1.0,0.0,ShAdDafrF,18.0,1070.0,17.0,1056.0,FTP
1720728275.585184,CsrriO2T9iof3zqrj4,192.168.1.4,47980.0,192.168.1.1,53.0,udp,10.68108892440796,126.0,188.0,SF,1.0,1.0,0.0,ShAdDafrF,18.0,1070.0,17.0,1056.0,DNS
1720729279.425675,CpiAhr4WM1kug43dAh,192.168.1.6,60082.0,192.168.1.4,21.0,tcp,9.34817099571228,119.0,188.0,SF,1.0,1.0,0.0,ShAdDafFr,18.0,1063.0,17.0,1056.0,FTP
1720727885.045622,CY9BsK1ik6sEZekxra,192.168.1.4,43210.0,192.168.1.1,53.0,udp,9.34817099571228,119.0,188.0,SF,1.0,1.0,0.0,ShAdDafFr,18.0,1063.0,17.0,1056.0,DNS
1720730961.378273,CBN4od1N81npnpmH7b,192.168.1.6,51542.0,192.168.1.4,21.0,tcp,10.06989598274231,125.0,188.0,SF,1.0,1.0,0.0,ShAdDafrF,18.0,1069.0,17.0,1056.0,FTP
1720727914.281722,CXL3781fdyqH1fwu3d,192.168.1.4,58082.0,192.168.1.1,53.0,udp,10.06989598274231,125.0,188.0,SF,1.0,1.0,0.0,ShAdDafrF,18.0,1069.0,17.0,1056.0,DNS
1720727676.094431,CI5QuMGBf6DO1qWOl,192.168.1.4,42148.0,104.17.208.240,443.0,tcp,400.3534469604492,2776.0,11835.0,SF,1.0,0.0,0.0,ShADadFf,26.0,4136.0,28.0,13299.0,HTTPS
1720730408.608744,C1wqIH2LK9sY4DAqT8,192.168.1.6,55428.0,192.168.1.4,21.0,tcp,9.314985036849976,124.0,188.0,SF,1.0,1.0,0.0,ShAdDafrF,18.0,1068.0,17.0,1056.0,FTP
1720728034.391682,CXcHhd1zzOSD3FKpZ6,192.168.1.4,35788.0,144.118.67.10,443.0,tcp,124.05643820762634,4908.0,149737.0,RSTR,1.0,0.0,0.0,ShADadr,58.0,7932.0,76.0,153685.0,HTTPS
1720728353.547454,CNwifn3Te48phpECZj,192.168.1.6,35962.0,192.168.1.4,21.0,tcp,9.758193969726562,118.0,188.0,SF,1.0,1.0,0.0,ShAdDafrF,18.0,1062.0,17.0,1056.0,FTP
1720727824.925605,CUCYvA1WEGu5DTDCu8,192.168.1.4,36882.0,142.251.40.238,443.0,udp,21.69484686851501,21425.0,19481.0,SF,1.0,0.0,0.0,Dd,33.0,22349.0,34.0,20433.0,HTTPS
1720729027.459742,CLFIdC3689DfXYZeWb,192.168.1.6,47672.0,192.168.1.4,21.0,tcp,10.35659384727478,118.0,188.0,SF,1.0,1.0,0.0,ShAdDafrF,18.0,1062.0,17.0,1056.0,FTP
1720728095.261032,CjsrM51MAaOzhHNsbh,192.168.1.4,37297.0,192.168.1.1,53.0,udp,10.35659384727478,118.0,188.0,SF,1.0,1.0,0.0,ShAdDafrF,18.0,1062.0,17.0,1056.0,DNS
1720730789.663028,CPHeGS12V7rSDw7Gp6,192.168.1.6,45480.0,192.168.1.4,21.0,tcp,9.506197929382324,140.0,188.0,SF,1.0,1.0,0.0,ShAdDafFr,18.0,1084.0,17.0,1056.0,FTP
1720731628.296936,C66r12tkfAzLPfyH6,192.168.1.6,35078.0,192.168.1.4,21.0,tcp,8.936599969863892,155.0,188.0,SF,1.0,1.0,0.0,ShAdDafrF,18.0,1099.0,17.0,1056.0,FTP
1720728524.494102,CtpZPU1fyPifqMBoof,192.168.1.6,54524.0,192.168.1.4,21.0,tcp,9.85951805114746,115.0,188.0,SF,1.0,1.0,0.0,ShAdDafFr,18.0,1059.0,17.0,1056.0,FTP
1720730615.117222,CNP4VGk80nLZozsth,192.168.1.6,38858.0,192.168.1.4,21.0,tcp,10.565470933914185,133.0,188.0,SF,1.0,1.0,0.0,ShAdDafFr,18.0,1077.0,17.0,1056.0,FTP
1720728245.226706,CfZyW71ydxQCM8X6kl,192.168.1.4,50596.0,20.50.80.210,443.0,tcp,10.565470933914185,133.0,188.0,SF,1.0,1.0,0.0,ShAdDafFr,18.0,1077.0,17.0,1056.0,HTTPS
1720729317.798319,Cjh84km76X70A7xT4,192.168.1.6,33570.0,192.168.1.4,21.0,tcp,9.598909854888916,123.0,188.0,SF,1.0,1.0,0.0,ShAdDafFr,18.0,1067.0,17.0,1056.0,FTP
1720729642.394057,CEOGdc3l73IXWvBMUb,192.168.1.6,47636.0,192.168.1.4,21.0,tcp,9.83774185180664,117.0,188.0,SF,1.0,1.0,0.0,ShAdDafrF,18.0,1061.0,17.0,1056.0,FTP
1720727764.154541,CdPuqJ2hV8zilKXgv1,192.168.1.4,36679.0,192.168.1.1,53.0,udp,0.002225875854492,63.0,123.0,SF,1.0,1.0,0.0,Dd,1.0,91.0,1.0,151.0,DNS
1720729892.291711,C1p7Vu3t29tsXzOxwi,192.168.1.6,52242.0,192.168.1.4,21.0,tcp,10.596272945404053,136.0,188.0,SF,1.0,1.0,0.0,ShAdDafFr,18.0,1080.0,17.0,1056.0,FTP
1720728705.704491,Cw79qV19KsvDR9p1s4,192.168.1.6,37356.0,192.168.1.4,21.0,tcp,10.212189197540283,138.0,188.0,SF,1.0,1.0,0.0,ShAdDafFr,18.0,1082.0,17.0,1056.0,FTP
1720729140.38808,C18LBQ3cLYnimAKTI4,192.168.1.6,47434.0,192.168.1.4,21.0,tcp,9.934625148773192,115.0,188.0,SF,1.0,1.0,0.0,ShAdDafFr,18.0,1059.0,17.0,1056.0,FTP
1720730908.075271,C1VJYV237g7emrq5m5,192.168.1.6,40166.0,192.168.1.4,21.0,tcp,10.10319209098816,129.0,188.0,SF,1.0,1.0,0.0,ShAdDafFr,18.0,1073.0,17.0,1056.0,FTP
1720728186.467782,CdWLDt22XAUhYIC1Fa,192.168.1.4,58605.0,192.168.1.1,53.0,udp,0.135164022445678,54.0,175.0,SF,1.0,1.0,0.0,Dd,1.0,82.0,1.0,203.0,DNS
1720731157.713231,CKOdqa3AeesPrU5Vm9,192.168.1.6,59908.0,192.168.1.4,21.0,tcp,9.716172933578491,108.0,188.0,SF,1.0,1.0,0.0,ShAdDafFr,18.0,1052.0,17.0,1056.0,FTP
1720731058.049513,Cj8QAd2ueigD5mJY7,192.168.1.6,56174.0,192.168.1.4,21.0,tcp,10.32594084739685,140.0,188.0,SF,1.0,1.0,0.0,ShAdDafrF,18.0,1084.0,17.0,1056.0,FTP
1720728052.977007,Cj692h1kM8E5cpAwWk,192.168.1.6,45998.0,192.168.1.4,21.0,tcp,9.59990906715393,118.0,188.0,SF,1.0,1.0,0.0,ShAdDafrF,18.0,1062.0,17.0,1056.0,FTP
1720731701.390839,CoRwTt1lEbuzRKy2pe,192.168.1.6,35604.0,192.168.1.4,21.0,tcp,9.359194993972778,174.0,188.0,SF,1.0,1.0,0.0,ShAdDafFr,18.0,1118.0,17.0,1056.0,FTP
1720727763.074917,Ce02ZkxH7Z9VaZwCc,192.168.1.4,54095.0,192.168.1.1,53.0,udp,0.015583038330078,36.0,120.0,SF,1.0,1.0,0.0,Dd,1.0,64.0,1.0,148.0,DNS
1720727884.737072,Cmp2Xf2dIMwNpgyhpg,192.168.1.4,45945.0,216.239.32.178,443.0,udp,66.631432056427,11066.0,11685.0,SF,1.0,0.0,0.0,Dd,36.0,12074.0,41.0,12833.0,HTTPS
1720730975.419871,CLbcbL3fnTFqzsnppl,192.168.1.6,36196.0,192.168.1.4,21.0,tcp,10.17079496383667,138.0,188.0,SF,1.0,1.0,0.0,ShAdDafrF,18.0,1082.0,17.0,1056.0,FTP
1720727872.828329,CVLlJYKegt7LpNGMl,192.168.1.6,47842.0,192.168.1.4,21.0,tcp,9.476553916931152,118.0,188.0,SF,1.0,1.0,0.0,ShAdDafrF,18.0,1062.0,17.0,1056.0,FTP
1720730160.499768,C1W1kE2cBWoClLgLr8,192.168.1.6,40634.0,192.168.1.4,21.0,tcp,10.312119007110596,131.0,188.0,SF,1.0,1.0,0.0,ShAdDafrF,18.0,1075.0,17.0,1056.0,FTP
1720727944.632139,CyuCM04nWzpVZuxkA3,192.168.1.4,60766.0,54.163.15.9,443.0,tcp,10.312119007110596,131.0,188.0,SF,1.0,1.0,0.0,ShAdDafrF,18.0,1075.0,17.0,1056.0,HTTPS
1720728306.231869,CUjlrm4OMLaBT2ssQ5,192.168.1.4,47066.0,142.251.41.2,443.0,tcp,10.312119007110596,131.0,188.0,SF,1.0,1.0,0.0,ShAdDafrF,18.0,1075.0,17.0,1056.0,HTTPS
1720730525.353788,CyOVm810Vrm9gesGQc,192.168.1.6,49548.0,192.168.1.4,21.0,tcp,9.345546007156372,128.0,188.0,SF,1.0,1.0,0.0,ShAdDafrF,18.0,1072.0,17.0,1056.0,FTP
1720728155.180784,C7KkBD4xCDKaGy3MMb,192.168.1.4,45652.0,104.19.229.57,443.0,tcp,53.56527090072632,3432.0,70770.0,SF,1.0,0.0,0.0,ShADadFf,36.0,5312.0,46.0,73170.0,HTTPS
1720727779.341297,CgC05W1Vk71RTfAxZ7,192.168.1.4,46474.0,192.168.1.1,53.0,udp,53.56527090072632,3432.0,70770.0,SF,1.0,0.0,0.0,ShADadFf,36.0,5312.0,46.0,73170.0,DNS
1720727884.331734,CpsSxN2O5PjnoXXIG5,192.168.1.4,44006.0,192.168.1.1,53.0,udp,53.56527090072632,3432.0,70770.0,SF,1.0,0.0,0.0,ShADadFf,36.0,5312.0,46.0,73170.0,DNS
1720729014.16206,CrEOzp4eLLJZQhC3ye,192.168.1.6,55674.0,192.168.1.4,21.0,tcp,10.332962989807127,107.0,188.0,SF,1.0,1.0,0.0,ShAdDafrF,18.0,1051.0,17.0,1056.0,FTP
1720727884.498247,CI4RgKxQ6Yq4BC2S1,192.168.1.4,41188.0,192.168.1.1,53.0,udp,0.002865076065063,42.0,89.0,SF,1.0,1.0,0.0,Dd,1.0,70.0,1.0,117.0,DNS
1720729576.238011,CM2f5x3jgVz6D7Wxy4,192.168.1.6,51886.0,192.168.1.4,21.0,tcp,9.998566150665283,112.0,188.0,SF,1.0,1.0,0.0,ShAdDafrF,18.0,1056.0,17.0,1056.0,FTP
1720730364.451759,CDmVy42bIEfiQGT9Ck,192.168.1.6,44780.0,192.168.1.4,21.0,tcp,10.986615896224976,118.0,188.0,SF,1.0,1.0,0.0,ShAdDafrF,18.0,1062.0,17.0,1056.0,FTP
1720729677.584596,CDeVpZ1MTmi3syWsH7,192.168.1.6,54664.0,192.168.1.4,21.0,tcp,9.859464168548584,176.0,188.0,SF,1.0,1.0,0.0,ShAdDafrF,18.0,1120.0,17.0,1056.0,FTP
1720731713.92623,CHB0bR2HCb47li1vlh,192.168.1.6,38552.0,192.168.1.4,21.0,tcp,10.846922159194946,158.0,188.0,SF,1.0,1.0,0.0,ShAdDafrF,18.0,1102.0,17.0,1056.0,FTP
1720728035.16744,C8W4df2EcVfNCpdPP2,192.168.1.4,51365.0,192.168.1.1,53.0,udp,0.033779144287109,48.0,192.0,SF,1.0,1.0,0.0,Dd,1.0,76.0,1.0,220.0,DNS
1720728389.566999,C4mBc429jAfufoGVtl,192.168.1.6,56604.0,192.168.1.4,21.0,tcp,10.722837924957275,117.0,188.0,SF,1.0,1.0,0.0,ShAdDafrF,18.0,1061.0,17.0,1056.0,FTP
1720730268.849575,CRYUDY11fRdNWe1ie4,192.168.1.6,45400.0,192.168.1.4,21.0,tcp,10.205196857452393,120.0,188.0,SF,1.0,1.0,0.0,ShAdDafFr,18.0,1064.0,17.0,1056.0,FTP
1720727854.235885,CK2e3i37h6OQGSZi2g,192.168.1.4,36353.0,192.168.1.1,53.0,udp,10.205196857452393,120.0,188.0,SF,1.0,1.0,0.0,ShAdDafFr,18.0,1064.0,17.0,1056.0,DNS
1720727937.141324,CnvFpIceB57WkEyC8,192.168.1.6,41518.0,192.168.1.4,21.0,tcp,10.292693853378296,118.0,188.0,SF,1.0,1.0,0.0,ShAdDafrF,18.0,1062.0,17.0,1056.0,FTP
1720727906.546581,Cjadwp39x9BEqpJ587,192.168.1.4,48440.0,142.251.40.238,443.0,tcp,10.292693853378296,118.0,188.0,SF,1.0,1.0,0.0,IIZiishH,18.0,1062.0,17.0,1056.0,HTTPS
1720727885.071798,CKWpCL3CAuxFIiDfM5,192.168.1.4,49948.0,192.168.1.1,53.0,udp,10.292693853378296,118.0,188.0,SF,1.0,1.0,0.0,IIZiishH,18.0,1062.0,17.0,1056.0,DNS
1720728500.715422,CG5H67YFbfpdp72u9,192.168.1.6,54860.0,192.168.1.4,21.0,tcp,9.777860164642334,118.0,188.0,SF,1.0,1.0,0.0,ShAdDafrF,18.0,1062.0,17.0,1056.0,FTP
1720729648.882703,CsGnfYqQwxeol6Zxj,192.168.1.6,46090.0,192.168.1.4,21.0,tcp,9.241127014160156,112.0,188.0,SF,1.0,1.0,0.0,ShAdDafrF,18.0,1056.0,17.0,1056.0,FTP
1720728124.738617,CjP8U8Vq1JKcvctu4,192.168.1.4,39118.0,18.238.4.35,443.0,tcp,9.241127014160156,112.0,188.0,SF,1.0,1.0,0.0,ShAdDafrF,18.0,1056.0,17.0,1056.0,HTTPS
1720730201.255946,Cz9altb5aI72djdf6,192.168.1.6,45132.0,192.168.1.4,21.0,tcp,10.200339078903198,123.0,188.0,SF,1.0,1.0,0.0,ShAdDafFr,18.0,1067.0,17.0,1056.0,FTP
1720728214.760021,CE4fMC3B3gCg7YPpee,192.168.1.4,46988.0,192.168.1.1,53.0,udp,10.200339078903198,123.0,188.0,SF,1.0,1.0,0.0,ShAdDafFr,18.0,1067.0,17.0,1056.0,DNS
1720728186.75844,CCvxkHWslaeaZ0vNl,192.168.1.4,59388.0,192.168.1.1,53.0,udp,10.200339078903198,123.0,188.0,SF,1.0,1.0,0.0,ShAdDafFr,18.0,1067.0,17.0,1056.0,DNS
1720727733.430516,COi32i3xDcdlhTyy62,192.168.1.4,42588.0,13.224.214.69,443.0,tcp,60.05359411239624,1885.0,6181.0,SF,1.0,0.0,0.0,ShADadFf,12.0,2517.0,12.0,6813.0,HTTPS
1720729410.632845,CzH4db2Kz34prwzJkc,192.168.1.6,36832.0,192.168.1.4,21.0,tcp,9.633687019348145,129.0,188.0,SF,1.0,1.0,0.0,ShAdDafrF,18.0,1073.0,17.0,1056.0,FTP
1720727913.995763,CQlBHFJJ9fgw9VGw8,192.168.1.4,56520.0,192.168.1.1,53.0,udp,0.072582006454467,47.0,379.0,SF,1.0,1.0,0.0,Dd,1.0,75.0,1.0,407.0,DNS
1720730279.054855,CAOL9d2HttK0lM5Xq,192.168.1.6,54100.0,192.168.1.4,21.0,tcp,10.9838387966156,125.0,188.0,SF,1.0,1.0,0.0,ShAdDafrF,18.0,1069.0,17.0,1056.0,FTP
1720729448.982779,C2yja43mMkp64oXjQ3,192.168.1.6,55618.0,192.168.1.4,21.0,tcp,11.023485898971558,142.0,188.0,SF,1.0,1.0,0.0,ShAdDafrF,18.0,1086.0,17.0,1056.0,FTP
1720730992.034834,CsWhqa4VeydEvW8eql,192.168.1.6,55698.0,192.168.1.4,21.0,tcp,10.819184064865112,128.0,188.0,SF,1.0,1.0,0.0,ShAdDafFr,18.0,1072.0,17.0,1056.0,FTP
1720728211.85697,Ch4BOQ1uyenBP7tRVa,192.168.1.4,60332.0,204.79.197.239,443.0,tcp,0.0,128.0,188.0,SF,0.0,1.0,0.0,ShAdDafFr,18.0,1072.0,17.0,1056.0,HTTPS
1720728034.66911,C5gLuB1qobpE8pouV4,192.168.1.4,58146.0,192.229.163.25,443.0,tcp,174.085834980011,3184.0,7128.0,SF,1.0,0.0,0.0,ShADadFf,15.0,3972.0,14.0,7864.0,HTTPS
1720731794.986952,CJq9rk4FjyKvIHqrWc,192.168.1.6,60820.0,192.168.1.4,21.0,tcp,11.194535970687866,146.0,188.0,SF,1.0,1.0,0.0,ShAdDafrF,18.0,1090.0,17.0,1056.0,FTP
1720730509.03503,CNt8fs29ghDj99Id5d,192.168.1.6,60890.0,192.168.1.4,21.0,tcp,9.572856187820436,127.0,188.0,SF,1.0,1.0,0.0,ShAdDafrF,18.0,1071.0,17.0,1056.0,FTP
1720727949.155313,CSwXbD3388wKeHkDs2,192.168.1.4,52330.0,216.239.38.178,443.0,tcp,9.572856187820436,127.0,188.0,SF,1.0,1.0,0.0,IIiiiIhhhHHhH,18.0,1071.0,17.0,1056.0,HTTPS
1720729460.006418,CJhSqw2Tg4bp2vLMrk,192.168.1.6,56456.0,192.168.1.4,21.0,tcp,10.057533979415894,144.0,188.0,SF,1.0,1.0,0.0,ShAdDafrF,18.0,1088.0,17.0,1056.0,FTP
1720728034.832191,CBZKbh4gWlkotuhC6l,192.168.1.4,56671.0,192.168.1.1,53.0,udp,10.057533979415894,144.0,188.0,SF,1.0,1.0,0.0,ShAdDafrF,18.0,1088.0,17.0,1056.0,DNS
1720727884.939927,CQHP422QL3SNVvtx1f,192.168.1.4,55996.0,146.75.36.84,443.0,udp,10.057533979415894,144.0,188.0,SF,1.0,1.0,0.0,IIiishhhHHhHH,18.0,1088.0,17.0,1056.0,HTTPS
1720728461.501243,CcMBj1FNkyBR1fEai,192.168.1.6,56048.0,192.168.1.4,21.0,tcp,9.916207790374756,118.0,188.0,SF,1.0,1.0,0.0,ShAdDafrF,18.0,1062.0,17.0,1056.0,FTP
1720728035.516495,CfN0Um2ysKGG2btgO1,192.168.1.4,43295.0,192.168.1.1,53.0,udp,9.916207790374756,118.0,188.0,SF,1.0,1.0,0.0,ShAdDafrF,18.0,1062.0,17.0,1056.0,DNS
1720731475.12622,C4jkoB15ivl3x5QGs2,192.168.1.6,42284.0,192.168.1.4,21.0,tcp,9.417886972427368,164.0,188.0,SF,1.0,1.0,0.0,ShAdDafrF,18.0,1108.0,17.0,1056.0,FTP
1720729951.52748,CyXlCX1lTmJhSplKe5,192.168.1.6,56104.0,192.168.1.4,21.0,tcp,9.23694920539856,125.0,188.0,SF,1.0,1.0,0.0,ShAdDafrF,18.0,1069.0,17.0,1056.0,FTP
1720728582.120943,C8ro2i2rFIOeDl3ic4,192.168.1.6,47652.0,192.168.1.4,21.0,tcp,10.14071798324585,112.0,188.0,SF,1.0,1.0,0.0,ShAdDafrF,18.0,1056.0,17.0,1056.0,FTP
1720729848.603892,Camr9j3BrzCgNYSKi,192.168.1.6,41816.0,192.168.1.4,21.0,tcp,9.678257942199709,141.0,188.0,SF,1.0,1.0,0.0,ShAdDafrF,18.0,1085.0,17.0,1056.0,FTP
1720728096.619408,CrVk6jHX9jlspqC6b,192.168.1.4,60599.0,192.168.1.1,53.0,udp,9.678257942199709,141.0,188.0,SF,1.0,1.0,0.0,ShAdDafrF,18.0,1085.0,17.0,1056.0,DNS
1720728154.564043,CzEXPk4oRsNdKWMe6c,192.168.1.4,45305.0,192.168.1.1,53.0,udp,9.678257942199709,141.0,188.0,SF,1.0,1.0,0.0,ShAdDafrF,18.0,1085.0,17.0,1056.0,DNS
1720731083.768114,C5HewJ1B9GQndttRvl,192.168.1.6,51484.0,192.168.1.4,21.0,tcp,10.721853971481323,117.0,188.0,SF,1.0,1.0,0.0,ShAdDafrF,18.0,1061.0,17.0,1056.0,FTP
1720731787.828653,CWLCrB39KAyplDAlUl,192.168.1.6,55048.0,192.168.1.4,21.0,tcp,10.690762996673584,160.0,188.0,SF,1.0,1.0,0.0,ShAdDafrF,18.0,1104.0,17.0,1056.0,FTP
1720728275.141889,CbaRJ73fARla6i9pw9,192.168.1.4,56952.0,18.238.4.97,443.0,tcp,76.30050683021545,2739.0,5880.0,SF,1.0,0.0,0.0,ShADadFf,16.0,3579.0,15.0,6668.0,HTTPS
1720728767.938275,C8fjJg4RgWDTlAfKmg,192.168.1.6,32998.0,192.168.1.4,21.0,tcp,10.385900974273682,123.0,188.0,SF,1.0,1.0,0.0,ShAdDafrF,18.0,1067.0,17.0,1056.0,FTP
1720731224.281389,CGHhyX3TIc4RpWILUa,192.168.1.6,48642.0,192.168.1.4,21.0,tcp,9.905213117599487,114.0,188.0,SF,1.0,1.0,0.0,ShAdDafFr,18.0,1058.0,17.0,1056.0,FTP
1720730767.984003,CQp9Li2IrLlGXWpTf9,192.168.1.6,37080.0,192.168.1.4,21.0,tcp,10.384651899337769,133.0,188.0,SF,1.0,1.0,0.0,ShAdDafrF,18.0,1077.0,17.0,1056.0,FTP
1720731841.551217,CLiTcj1CABgtgy4Sb7,192.168.1.6,51820.0,192.168.1.4,21.0,tcp,8.829253911972046,161.0,188.0,SF,1.0,1.0,0.0,ShAdDafrF,18.0,1105.0,17.0,1056.0,FTP
1720729335.735505,CPQtufsC7EYdiMvBc,192.168.1.6,50726.0,192.168.1.4,21.0,tcp,10.00913381576538,118.0,188.0,SF,1.0,1.0,0.0,ShAdDafFr,18.0,1062.0,17.0,1056.0,FTP
1720730254.008265,CyWCUE3aDbHAVod8og,192.168.1.6,40268.0,192.168.1.4,21.0,tcp,11.223901987075806,141.0,188.0,SF,1.0,1.0,0.0,ShAdDafrF,18.0,1085.0,17.0,1056.0,FTP
1720729228.567989,CJhf8N2CC6TrgJHoci,192.168.1.6,35022.0,192.168.1.4,21.0,tcp,9.477768898010254,127.0,188.0,SF,1.0,1.0,0.0,ShAdDafrF,18.0,1071.0,17.0,1056.0,FTP
1720729094.50991,Cn5uhS3MlROXE6PBj6,192.168.1.6,41546.0,192.168.1.4,21.0,tcp,10.276124000549316,112.0,188.0,SF,1.0,1.0,0.0,ShAdDafrF,18.0,1056.0,17.0,1056.0,FTP
1720728096.416605,CxvRd53pMtIIPN3Zm2,192.168.1.4,42618.0,23.212.249.69,443.0,tcp,10.276124000549316,112.0,188.0,SF,1.0,1.0,0.0,ShAdDafrF,18.0,1056.0,17.0,1056.0,HTTPS
1720729564.498317,CHvtUcOXPVblJQBmc,192.168.1.6,55642.0,192.168.1.4,21.0,tcp,10.18779993057251,112.0,188.0,SF,1.0,1.0,0.0,ShAdDafrF,18.0,1056.0,17.0,1056.0,FTP
1720727916.168905,CzgwF2LyiGyDOPfn4,192.168.1.4,46165.0,192.168.1.1,53.0,udp,10.18779993057251,112.0,188.0,SF,1.0,1.0,0.0,ShAdDafrF,18.0,1056.0,17.0,1056.0,DNS
1720728096.382557,C7zX4uzFDzrKZ9055,192.168.1.4,48074.0,192.168.1.1,53.0,udp,0.028522014617919,57.0,114.0,SF,1.0,1.0,0.0,Dd,1.0,85.0,1.0,142.0,DNS
1720727915.831608,CcJXJp1nw1hnV4V6A4,192.168.1.4,54408.0,192.168.1.1,53.0,udp,0.025084972381591,53.0,462.0,SF,1.0,1.0,0.0,Dd,1.0,81.0,1.0,490.0,DNS
1720729003.437468,CPr9JX2SBbr2Wy8z54,192.168.1.6,33844.0,192.168.1.4,21.0,tcp,10.600493907928469,125.0,188.0,SF,1.0,1.0,0.0,ShAdDafFr,18.0,1069.0,17.0,1056.0,FTP
1720727973.845656,Cz7Urn2dOM8McBwytl,192.168.1.4,41879.0,192.168.1.1,53.0,udp,0.002254009246826,46.0,95.0,SF,1.0,1.0,0.0,Dd,1.0,74.0,1.0,123.0,DNS
1720727915.064656,CmUEQm3DGP9G0bfpW,192.168.1.4,43523.0,192.168.1.1,53.0,udp,0.099586009979248,44.0,331.0,SF,1.0,1.0,0.0,Dd,1.0,72.0,1.0,359.0,DNS
1720728186.245893,CbJaqC3B01TCWdGR58,192.168.1.4,45341.0,192.168.1.1,53.0,udp,0.07278299331665,47.0,486.0,SF,1.0,1.0,0.0,Dd,1.0,75.0,1.0,514.0,DNS
1720731097.573155,C1S4GdXrAbn2rCaFb,192.168.1.6,43284.0,192.168.1.4,21.0,tcp,10.48395013809204,121.0,188.0,SF,1.0,1.0,0.0,ShAdDafrF,18.0,1065.0,17.0,1056.0,FTP
1720731187.64451,Co33FXedUDAJIeZtg,192.168.1.6,48948.0,192.168.1.4,21.0,tcp,10.076884984970093,114.0,188.0,SF,1.0,1.0,0.0,ShAdDafrF,18.0,1058.0,17.0,1056.0,FTP
1720730698.971565,C4oCyx4SqAH3iLfeI,192.168.1.6,39442.0,192.168.1.4,21.0,tcp,10.965749025344849,129.0,188.0,SF,1.0,1.0,0.0,ShAdDafrF,18.0,1073.0,17.0,1056.0,FTP
1720730730.493922,CvQtsg4X8fIwGuslvb,192.168.1.6,50944.0,192.168.1.4,21.0,tcp,10.383562088012695,133.0,188.0,SF,1.0,1.0,0.0,ShAdDafFr,18.0,1077.0,17.0,1056.0,FTP
1720727763.163743,CvnGT91YkYgsfv3g1k,192.168.1.4,40703.0,23.212.250.81,443.0,tcp,10.383562088012695,133.0,188.0,SF,1.0,1.0,0.0,IIiishH,18.0,1077.0,17.0,1056.0,HTTPS
1720731683.287896,Cz9Vwq4HnXwa6JNs3b,192.168.1.6,52560.0,192.168.1.4,21.0,tcp,10.423511028289797,156.0,188.0,SF,1.0,1.0,0.0,ShAdDafrF,18.0,1100.0,17.0,1056.0,FTP
1720729556.838457,CMsMFg4Zcjrr8sNfvb,192.168.1.6,56746.0,192.168.1.4,21.0,tcp,10.033914804458618,114.0,188.0,SF,1.0,1.0,0.0,ShAdDafrF,18.0,1058.0,17.0,1056.0,FTP
1720730078.523531,CPf6PFHxGCNGH90Fk,192.168.1.6,40206.0,192.168.1.4,21.0,tcp,9.404489994049072,134.0,188.0,SF,1.0,1.0,0.0,ShAdDafrF,18.0,1078.0,17.0,1056.0,FTP
1720730828.041956,CKpGGG1XipNKuI7Ph6,192.168.1.6,34288.0,192.168.1.4,21.0,tcp,9.828516960144045,129.0,188.0,SF,1.0,1.0,0.0,ShAdDafFr,18.0,1073.0,17.0,1056.0,FTP
1720729538.315671,CnRVj1h2TrlkUN4X1,192.168.1.6,37730.0,192.168.1.4,21.0,tcp,10.323328971862791,130.0,188.0,SF,1.0,1.0,0.0,ShAdDafFr,18.0,1074.0,17.0,1056.0,FTP
1720729262.96984,CJJUEd3puFSFJRU7yl,192.168.1.6,34350.0,192.168.1.4,21.0,tcp,9.934160947799684,116.0,188.0,SF,1.0,1.0,0.0,ShAdDafrF,18.0,1060.0,17.0,1056.0,FTP
1720727884.265014,CyWzTP3Dp9xCCSKYak,192.168.1.4,33776.0,192.168.1.1,53.0,udp,0.023843050003051,44.0,169.0,SF,1.0,1.0,0.0,Dd,1.0,72.0,1.0,197.0,DNS
1720727793.820911,Cl4L2K2TFullH6OQ37,192.168.1.4,56116.0,18.238.11.190,443.0,tcp,240.05116605758667,2669.0,430263.0,SF,1.0,0.0,0.0,ShADadtfF,127.0,9305.0,202.0,440775.0,HTTPS
1720727915.107304,C28qeo1v1VBFHCjR84,192.168.1.4,58830.0,142.251.32.104,443.0,tcp,240.05116605758667,2669.0,430263.0,SF,1.0,0.0,0.0,ShADadtfF,127.0,9305.0,202.0,440775.0,HTTPS
1720727884.862239,CPWAtN1iqf2HszWjsf,192.168.1.4,44896.0,192.168.1.1,53.0,udp,240.05116605758667,2669.0,430263.0,SF,1.0,0.0,0.0,ShADadtfF,127.0,9305.0,202.0,440775.0,DNS
1720731306.602726,CRO3ON2hfwblzBdoZ,192.168.1.6,55864.0,192.168.1.4,21.0,tcp,10.425525903701782,173.0,188.0,SF,1.0,1.0,0.0,ShAdDafFr,18.0,1117.0,17.0,1056.0,FTP
1720727734.216522,CUCPu98edixhZ0X,192.168.1.4,41786.0,142.250.80.34,443.0,tcp,10.425525903701782,173.0,188.0,SF,1.0,1.0,0.0,IIiiiIhhhHHhH,18.0,1117.0,17.0,1056.0,HTTPS
1720728306.049712,CHjY7M24UPg9uknxyb,192.168.1.4,35439.0,31.13.71.36,443.0,udp,0.07072901725769,3575.0,4724.0,SF,1.0,0.0,0.0,Dd,10.0,3855.0,13.0,5088.0,HTTPS
1720730118.174844,CDwEvg1gwTg736kpp4,192.168.1.6,48256.0,192.168.1.4,21.0,tcp,10.682008981704712,138.0,188.0,SF,1.0,1.0,0.0,ShAdDafrF,18.0,1082.0,17.0,1056.0,FTP
1720728184.685358,CHt0Wl26krTJJs9Hc6,192.168.1.4,43479.0,192.168.1.1,53.0,udp,10.682008981704712,138.0,188.0,SF,1.0,1.0,0.0,ShAdDafrF,18.0,1082.0,17.0,1056.0,DNS
1720728071.665675,C7sLTF1etYgxY4xS61,192.168.1.6,56250.0,192.168.1.4,21.0,tcp,10.098137140274048,118.0,188.0,SF,1.0,1.0,0.0,ShAdDafrF,18.0,1062.0,17.0,1056.0,FTP
1720727670.754254,C6cusl4FGbGnoYpYge,192.168.1.4,57412.0,204.79.197.237,443.0,tcp,336.7698178291321,35193.0,29999.0,RSTR,1.0,0.0,0.0,ShADadr,75.0,38213.0,96.0,33851.0,HTTPS
1720729295.405198,CIr8H3rVbSU5bIuZ2,192.168.1.6,45680.0,192.168.1.4,21.0,tcp,10.400355815887451,134.0,188.0,SF,1.0,1.0,0.0,ShAdDafrF,18.0,1078.0,17.0,1056.0,FTP
1720727793.160878,CxmlPh3nVxIa9zlK8e,192.168.1.4,52336.0,192.168.1.1,53.0,udp,0.063289165496826,41.0,123.0,SF,1.0,1.0,0.0,Dd,1.0,69.0,1.0,151.0,DNS
1720727914.281522,CeY975xvqlmYggYDi,192.168.1.4,55030.0,192.168.1.1,53.0,udp,0.04709506034851,47.0,168.0,SF,1.0,1.0,0.0,Dd,1.0,75.0,1.0,196.0,DNS
1720728186.723407,C8Daf94wtQclAoesE9,192.168.1.4,45658.0,142.251.40.196,443.0,udp,0.04709506034851,47.0,168.0,SF,1.0,1.0,0.0,IIiiiIhhhHHhH,1.0,75.0,1.0,196.0,HTTPS
1720728245.137138,C4nHh73ne3GtDDlV53,192.168.1.4,47920.0,192.168.1.1,53.0,udp,0.04709506034851,47.0,168.0,SF,1.0,1.0,0.0,IIiiiIhhhHHhH,1.0,75.0,1.0,196.0,DNS
1720728155.310135,CHgzV214aBzKb0mNM5,192.168.1.4,59490.0,13.224.214.2,443.0,udp,0.04709506034851,47.0,168.0,SF,1.0,1.0,0.0,IIiiiIhhhHHhH,1.0,75.0,1.0,196.0,HTTPS
1720731690.813882,C2988Y1mh2Bi8WzlH6,192.168.1.6,52686.0,192.168.1.4,21.0,tcp,10.576732873916626,166.0,188.0,SF,1.0,1.0,0.0,ShAdDafrF,18.0,1110.0,17.0,1056.0,FTP
1720731107.808445,CpGS6g2LJsEoKaM3fc,192.168.1.6,40402.0,192.168.1.4,21.0,tcp,10.605170011520386,117.0,188.0,SF,1.0,1.0,0.0,ShAdDafrF,18.0,1061.0,17.0,1056.0,FTP
1720727794.662542,CQGTAj2Y2Zmj1MU0p4,192.168.1.4,35815.0,192.168.1.1,53.0,udp,10.605170011520386,117.0,188.0,SF,1.0,1.0,0.0,ShAdDafrF,18.0,1061.0,17.0,1056.0,DNS
1720727905.671458,Corq4S2c84Dk5fZi5b,192.168.1.6,47620.0,192.168.1.4,21.0,tcp,10.06480097770691,118.0,188.0,SF,1.0,1.0,0.0,ShAdDafFr,18.0,1062.0,17.0,1056.0,FTP
1720727914.804341,CUF91mNv1pVznCIQg,192.168.1.4,40081.0,192.168.1.1,53.0,udp,0.068434000015258,56.0,143.0,SF,1.0,1.0,0.0,Dd,1.0,84.0,1.0,171.0,DNS
1720728273.388971,ChTktg4fCz03VmPn4k,192.168.1.6,57456.0,192.168.1.4,21.0,tcp,10.463177919387816,118.0,188.0,SF,1.0,1.0,0.0,ShAdDafrF,18.0,1062.0,17.0,1056.0,FTP
1720728124.819857,CLgSpo2Hn2NXejfdqh,192.168.1.4,39122.0,18.238.4.35,443.0,tcp,30.131564140319824,2039.0,395.0,SF,1.0,0.0,0.0,ShADadfF,9.0,2515.0,9.0,871.0,HTTPS
1720731097.641712,CNNTF94nAWRorsooDb,192.168.1.6,43328.0,192.168.1.4,21.0,tcp,10.156388998031616,119.0,188.0,SF,1.0,1.0,0.0,ShAdDafrF,18.0,1063.0,17.0,1056.0,FTP
1720727915.331925,CePovl1N5lyBgQpned,192.168.1.4,41073.0,142.251.32.104,443.0,tcp,10.156388998031616,119.0,188.0,SF,1.0,1.0,0.0,ShAdDafrF,18.0,1063.0,17.0,1056.0,HTTPS
1720727824.769216,CSFLZT1oPGpTEY3qKh,192.168.1.4,51899.0,192.168.1.1,53.0,udp,10.156388998031616,119.0,188.0,SF,1.0,1.0,0.0,ShAdDafrF,18.0,1063.0,17.0,1056.0,DNS
1720729598.145826,C4yn1eYMQDsi3kF5h,192.168.1.6,51196.0,192.168.1.4,21.0,tcp,10.193604946136476,109.0,188.0,SF,1.0,1.0,0.0,ShAdDafrF,18.0,1053.0,17.0,1056.0,FTP
1720729535.831428,Cbcbks39lU868HKeb2,192.168.1.6,37692.0,192.168.1.4,21.0,tcp,10.36872696876526,139.0,188.0,SF,1.0,1.0,0.0,ShAdDafrF,18.0,1083.0,17.0,1056.0,FTP
1720730254.032303,CGyEsDT6T7TfkRxP7,192.168.1.6,40294.0,192.168.1.4,21.0,tcp,11.2132568359375,128.0,188.0,SF,1.0,1.0,0.0,ShAdDafrF,18.0,1072.0,17.0,1056.0,FTP
1720731603.272666,CPwMeK3wk4KxPKqF9j,192.168.1.6,37890.0,192.168.1.4,21.0,tcp,10.250180006027222,153.0,188.0,SF,1.0,1.0,0.0,ShAdDafrF,18.0,1097.0,17.0,1056.0,FTP
1720727884.869883,C2vlLm2qSUwMqUMjXa,192.168.1.4,36222.0,192.168.1.1,53.0,udp,10.250180006027222,153.0,188.0,SF,1.0,1.0,0.0,ShAdDafrF,18.0,1097.0,17.0,1056.0,DNS
1720727915.525965,CLG6sKzxH2FWpoYV8,192.168.1.4,42338.0,34.128.128.0,443.0,tcp,293.22563791275024,3283.0,17982.0,SF,1.0,0.0,0.0,ShADadFf,28.0,4747.0,31.0,19602.0,HTTPS
1720728071.844317,CoSX8Y2uoMZHdBB1r2,192.168.1.6,56316.0,192.168.1.4,21.0,tcp,10.109817028045654,118.0,188.0,SF,1.0,1.0,0.0,ShAdDafrF,18.0,1062.0,17.0,1056.0,FTP
1720729150.385465,Cxo3zB4hRFdhdBGL16,192.168.1.6,38992.0,192.168.1.4,21.0,tcp,9.403547048568726,120.0,188.0,SF,1.0,1.0,0.0,ShAdDafrF,18.0,1064.0,17.0,1056.0,FTP
1720731187.806644,CwaHZD3ttTV6no0RU1,192.168.1.6,49020.0,192.168.1.4,21.0,tcp,10.082625150680542,120.0,188.0,SF,1.0,1.0,0.0,ShAdDafFr,18.0,1064.0,17.0,1056.0,FTP
1720728275.02806,CR228W1UjbWNOCb5v2,192.168.1.4,33882.0,144.80.128.34,443.0,tcp,10.082625150680542,120.0,188.0,SF,1.0,1.0,0.0,ShAdDafFr,18.0,1064.0,17.0,1056.0,HTTPS
1720731308.131941,CxJcnD1re7UvfacQja,192.168.1.6,55894.0,192.168.1.4,21.0,tcp,10.29979395866394,179.0,188.0,SF,1.0,1.0,0.0,ShAdDafrF,18.0,1123.0,17.0,1056.0,FTP
1720728336.316026,Cxljbz3asuYgbWeaLf,192.168.1.6,38744.0,192.168.1.4,21.0,tcp,11.107785940170288,118.0,188.0,SF,1.0,1.0,0.0,ShAdDafrF,18.0,1062.0,17.0,1056.0,FTP
1720728245.135862,CeblaF31PFaRL4Sxm6,192.168.1.4,35350.0,192.168.1.1,53.0,udp,11.107785940170288,118.0,188.0,SF,1.0,1.0,0.0,ShAdDafrF,18.0,1062.0,17.0,1056.0,DNS
1720728034.934953,ChKEc8ReCr69shXXb,192.168.1.4,33096.0,192.168.1.1,53.0,udp,11.107785940170288,118.0,188.0,SF,1.0,1.0,0.0,ShAdDafrF,18.0,1062.0,17.0,1056.0,DNS
1720728125.095023,C4m3J92f9saGCLfcyk,192.168.1.4,49528.0,13.107.21.237,443.0,tcp,83.6539511680603,4101.0,8857.0,SF,1.0,0.0,0.0,ShADadFf,23.0,5041.0,27.0,9949.0,HTTPS
1720731823.535953,C3Dkuw3YUvGXz6sw6g,192.168.1.6,45322.0,192.168.1.4,21.0,tcp,9.54678201675415,155.0,188.0,SF,1.0,1.0,0.0,ShAdDafrF,18.0,1099.0,17.0,1056.0,FTP
1720728594.263176,CzV3yX1cufjq1uAP6g,192.168.1.6,35510.0,192.168.1.4,21.0,tcp,10.081620931625366,115.0,188.0,SF,1.0,1.0,0.0,ShAdDafrF,18.0,1059.0,17.0,1056.0,FTP
1720727764.105226,CLlWfY238D1Jp2kBUj,192.168.1.4,45568.0,130.211.23.194,443.0,tcp,10.081620931625366,115.0,188.0,SF,1.0,1.0,0.0,IIiishhhHH,18.0,1059.0,17.0,1056.0,HTTPS
1720731066.601069,C6b1yx4t8ZLKFszyja,192.168.1.6,38590.0,192.168.1.4,21.0,tcp,10.238178014755247,121.0,188.0,SF,1.0,1.0,0.0,ShAdDafrF,18.0,1065.0,17.0,1056.0,FTP
1720728021.285061,C3mCv51oCIGHCpilc7,192.168.1.6,55428.0,192.168.1.4,21.0,tcp,9.900291204452516,118.0,188.0,SF,1.0,1.0,0.0,ShAdDafFr,18.0,1062.0,17.0,1056.0,FTP
1720728247.018508,CIWb5g15zYfik7rVhk,192.168.1.6,50874.0,192.168.1.4,21.0,tcp,10.774811029434204,118.0,188.0,SF,1.0,1.0,0.0,ShAdDafrF,18.0,1062.0,17.0,1056.0,FTP
1720730648.709986,CJV0X84GeVyD3b8Qbe,192.168.1.6,32982.0,192.168.1.4,21.0,tcp,10.085477113723757,129.0,188.0,SF,1.0,1.0,0.0,ShAdDafFr,18.0,1073.0,17.0,1056.0,FTP
1720728934.280545,C2ZQeC3DsEcUeiDG0g,192.168.1.6,42364.0,192.168.1.4,21.0,tcp,9.1126708984375,160.0,188.0,SF,1.0,1.0,0.0,ShAdDafrF,18.0,1104.0,17.0,1056.0,FTP
1720728096.414677,CPBJp11EpkvKRR8Ing,192.168.1.4,34548.0,31.13.71.36,443.0,udp,0.075169086456298,3851.0,4907.0,SF,1.0,0.0,0.0,Dd,11.0,4159.0,15.0,5327.0,HTTPS
1720730992.331957,C2zny21B8qb4zbI4ei,192.168.1.6,55780.0,192.168.1.4,21.0,tcp,10.648098945617676,133.0,188.0,SF,1.0,1.0,0.0,ShAdDafrF,18.0,1077.0,17.0,1056.0,FTP
1720729912.564729,CiVBbmHiqfg4xH436,192.168.1.6,43546.0,192.168.1.4,21.0,tcp,10.170798063278198,133.0,188.0,SF,1.0,1.0,0.0,ShAdDafrF,18.0,1077.0,17.0,1056.0,FTP
1720729743.924139,C25eLO1REQXprMrPQf,192.168.1.6,60676.0,192.168.1.4,21.0,tcp,9.38890790939331,115.0,188.0,SF,1.0,1.0,0.0,ShAdDafrF,18.0,1059.0,17.0,1056.0,FTP
1720728034.657003,COlw1X2zCS3lSISfLe,192.168.1.4,32969.0,192.168.1.1,53.0,udp,0.001424074172973,51.0,116.0,SF,1.0,1.0,0.0,Dd,1.0,79.0,1.0,144.0,DNS
1720727923.269243,CiXebq4TdatOyqFlei,192.168.1.6,33990.0,192.168.1.4,21.0,tcp,10.347541093826294,117.0,188.0,SF,1.0,1.0,0.0,ShAdDafFr,18.0,1061.0,17.0,1056.0,FTP
1720728350.572637,CvDJ792hbBzrGnJvZ2,192.168.1.6,46298.0,192.168.1.4,21.0,tcp,10.014734029769896,118.0,188.0,SF,1.0,1.0,0.0,ShAdDafrF,18.0,1062.0,17.0,1056.0,FTP
1720731848.903535,CUJ6Ef3jdJavwrUCR3,192.168.1.6,35398.0,192.168.1.4,21.0,tcp,10.14635419845581,125.0,188.0,SF,1.0,1.0,0.0,ShAdDafrF,18.0,1069.0,17.0,1056.0,FTP
1720730961.30545,Cr5IAO26lbv3SpTJrl,192.168.1.6,51472.0,192.168.1.4,21.0,tcp,10.05370306968689,125.0,188.0,SF,1.0,1.0,0.0,ShAdDafrF,18.0,1069.0,17.0,1056.0,FTP
1720730841.377495,CrtLkJ2d9FOTmaNIa5,192.168.1.6,40866.0,192.168.1.4,21.0,tcp,9.643259048461914,124.0,188.0,SF,1.0,1.0,0.0,ShAdDafrF,18.0,1068.0,17.0,1056.0,FTP
1720731217.136204,CpsYaZCFWRUaSeHJ5,192.168.1.6,51972.0,192.168.1.4,21.0,tcp,10.283747911453249,113.0,188.0,SF,1.0,1.0,0.0,ShAdDafrF,18.0,1057.0,17.0,1056.0,FTP
1720727854.259743,CFJLL84J3wvzItKsvh,192.168.1.4,56060.0,142.250.65.163,443.0,tcp,60.18296194076538,1801.0,6352.0,SF,1.0,0.0,0.0,ShADadFf,12.0,2433.0,10.0,6880.0,HTTPS
1720730740.877648,CmuPGs2PpxFlEDnJEb,192.168.1.6,52540.0,192.168.1.4,21.0,tcp,9.985312938690186,136.0,188.0,SF,1.0,1.0,0.0,ShAdDafFr,18.0,1080.0,17.0,1056.0,FTP
1720727825.271859,CwkXdI35vNsvBa6fUk,192.168.1.4,44271.0,142.250.72.106,443.0,udp,0.263652086257934,5805.0,9661.0,SF,1.0,0.0,0.0,Dd,13.0,6169.0,16.0,10109.0,HTTPS
1720727975.924546,CQYynM1bSFed4ImHNd,192.168.1.6,55048.0,192.168.1.4,21.0,tcp,9.897886991500854,119.0,188.0,SF,1.0,1.0,0.0,ShAdDafrF,18.0,1063.0,17.0,1056.0,FTP
1720727874.803998,Cdm8Mn418XR0QiJ3X8,192.168.1.6,46300.0,192.168.1.4,21.0,tcp,10.63672399520874,118.0,188.0,SF,1.0,1.0,0.0,ShAdDafFr,18.0,1062.0,17.0,1056.0,FTP
1720728035.482921,Cnd4kH2SynvCdh2KY1,192.168.1.4,54954.0,54.145.222.88,443.0,tcp,10.63672399520874,118.0,188.0,SF,1.0,1.0,0.0,ShAdDafFr,18.0,1062.0,17.0,1056.0,HTTPS
1720728106.834263,C29eCRm5o2ooj5ll3,192.168.1.4,56994.0,162.247.243.29,443.0,tcp,101.92071080207825,4561.0,5099.0,SF,1.0,0.0,0.0,ShADadFfR,16.0,5377.0,16.0,5939.0,HTTPS
1720729027.383097,CLJ3FR3Ol7gf5bS6Wg,192.168.1.6,47654.0,192.168.1.4,21.0,tcp,10.353418111801147,140.0,188.0,SF,1.0,1.0,0.0,ShAdDafrF,18.0,1084.0,17.0,1056.0,FTP
1720727895.661857,ChlKLy3D8bGubEzl5k,192.168.1.6,46098.0,192.168.1.4,21.0,tcp,10.42005705833435,117.0,188.0,SF,1.0,1.0,0.0,ShAdDafrF,18.0,1061.0,17.0,1056.0,FTP
1720728435.777036,CxYsyR3PqeoloPUIj5,192.168.1.6,44202.0,192.168.1.4,21.0,tcp,10.002561092376707,118.0,188.0,SF,1.0,1.0,0.0,ShAdDafrF,18.0,1062.0,17.0,1056.0,FTP
1720731025.044018,CfoLiq1bEsZbuRAORe,192.168.1.6,43528.0,192.168.1.4,21.0,tcp,10.75617790222168,133.0,188.0,SF,1.0,1.0,0.0,ShAdDafrF,18.0,1077.0,17.0,1056.0,FTP
1720727825.116523,C04q0M1DwR6VEylHD,192.168.1.4,42500.0,142.250.80.34,443.0,tcp,10.75617790222168,133.0,188.0,SF,1.0,1.0,0.0,IIiiiIhhhHHhH,18.0,1077.0,17.0,1056.0,HTTPS
1720730417.913664,CuwWOi42KSDfUI7tj5,192.168.1.6,49656.0,192.168.1.4,21.0,tcp,9.641494989395142,129.0,188.0,SF,1.0,1.0,0.0,ShAdDafrF,18.0,1073.0,17.0,1056.0,FTP
1720730436.26777,CFj0dd2hnJEx2Gdgqi,192.168.1.6,42654.0,192.168.1.4,21.0,tcp,9.738409996032717,129.0,188.0,SF,1.0,1.0,0.0,ShAdDafrF,18.0,1073.0,17.0,1056.0,FTP
1720730539.591054,Cowlx64zBEiC7J2Wq8,192.168.1.6,58764.0,192.168.1.4,21.0,tcp,9.54557204246521,126.0,188.0,SF,1.0,1.0,0.0,ShAdDafrF,18.0,1070.0,17.0,1056.0,FTP
1720728502.107135,CUvlrVaGCXhVPey2h,192.168.1.6,54878.0,192.168.1.4,21.0,tcp,9.524011850357056,118.0,188.0,SF,1.0,1.0,0.0,ShAdDafrF,18.0,1062.0,17.0,1056.0,FTP
1720728125.367303,CCzwtg1JaYdT3E5mq6,192.168.1.4,38322.0,104.106.162.18,443.0,tcp,83.39149498939514,2666.0,4398.0,SF,1.0,0.0,0.0,ShADadFfR,13.0,3326.0,13.0,5082.0,HTTPS
1720728780.781396,CwrtQD2w4WNBb7QBZj,192.168.1.6,41556.0,192.168.1.4,21.0,tcp,11.048295974731444,138.0,188.0,SF,1.0,1.0,0.0,ShAdDafrF,18.0,1082.0,17.0,1056.0,FTP
1720729991.600834,CDpsYN16AEMLu3t8Vh,192.168.1.6,44568.0,192.168.1.4,21.0,tcp,9.705108165740969,123.0,188.0,SF,1.0,1.0,0.0,ShAdDafFr,18.0,1067.0,17.0,1056.0,FTP
1720729285.946412,CXve0tcbOhMzG5KMd,192.168.1.6,38120.0,192.168.1.4,21.0,tcp,9.423846960067747,115.0,188.0,SF,1.0,1.0,0.0,ShAdDafrF,18.0,1059.0,17.0,1056.0,FTP
1720728739.887463,CBnA2edLBndFm0UHh,192.168.1.6,49750.0,192.168.1.4,21.0,tcp,10.879946947097778,120.0,188.0,SF,1.0,1.0,0.0,ShAdDafFr,18.0,1064.0,17.0,1056.0,FTP
1720730606.387476,C6u25N1lIjjdX5qN96,192.168.1.6,41770.0,192.168.1.4,21.0,tcp,10.334850072860718,119.0,188.0,SF,1.0,1.0,0.0,ShAdDafrF,18.0,1063.0,17.0,1056.0,FTP
1720731577.100856,CazakB1TMTBfJCndWk,192.168.1.6,57238.0,192.168.1.4,21.0,tcp,9.27813482284546,170.0,188.0,SF,1.0,1.0,0.0,ShAdDafrF,18.0,1114.0,17.0,1056.0,FTP
1720731767.155997,CegyY47fAUcznzh1f,192.168.1.6,47980.0,192.168.1.4,21.0,tcp,10.13196086883545,165.0,188.0,SF,1.0,1.0,0.0,ShAdDafFr,18.0,1109.0,17.0,1056.0,FTP
1720729084.772607,CkuLRY3j22oH9ThwA,192.168.1.6,50524.0,192.168.1.4,21.0,tcp,11.43588399887085,120.0,188.0,SF,1.0,1.0,0.0,ShAdDafFr,18.0,1064.0,17.0,1056.0,FTP
1720727805.836898,CKqC74oeg8ZJFG4q1,192.168.1.6,41918.0,192.168.1.4,21.0,tcp,9.885814905166626,118.0,188.0,SF,1.0,1.0,0.0,ShAdDafrF,18.0,1062.0,17.0,1056.0,FTP
1720728237.484045,CriT0ZcFCWzyM0Kva,192.168.1.6,39210.0,192.168.1.4,21.0,tcp,9.393325090408323,117.0,188.0,SF,1.0,1.0,0.0,ShAdDafrF,18.0,1061.0,17.0,1056.0,FTP
1720727854.232385,Cflkka2CGDp0ZOSH37,192.168.1.4,45793.0,104.18.11.207,443.0,udp,0.068269968032836,4106.0,9553.0,SF,1.0,0.0,0.0,Dd,8.0,4330.0,13.0,9917.0,HTTPS
1720730436.288175,CyCLFG1XAiIgL1KUg,192.168.1.6,42684.0,192.168.1.4,21.0,tcp,9.718029975891112,129.0,188.0,SF,1.0,1.0,0.0,ShAdDafrF,18.0,1073.0,17.0,1056.0,FTP
1720729624.094082,CD24Pe4ATCDGkoE087,192.168.1.6,32876.0,192.168.1.4,21.0,tcp,9.292150974273682,112.0,188.0,SF,1.0,1.0,0.0,ShAdDafrF,18.0,1056.0,17.0,1056.0,FTP
1720728837.449884,CV19Mq33pMb9pJAvfk,192.168.1.6,51704.0,192.168.1.4,21.0,tcp,8.813687086105347,120.0,188.0,SF,1.0,1.0,0.0,ShAdDafrF,18.0,1064.0,17.0,1056.0,FTP
1720727914.188911,Crze572bUH8NtuMxF9,192.168.1.4,48222.0,192.168.1.1,53.0,udp,8.813687086105347,120.0,188.0,SF,1.0,1.0,0.0,ShAdDafrF,18.0,1064.0,17.0,1056.0,DNS
1720731174.371519,CibcUt3GVRYsoxwI0b,192.168.1.6,44564.0,192.168.1.4,21.0,tcp,10.246824026107788,113.0,188.0,SF,1.0,1.0,0.0,ShAdDafFr,18.0,1057.0,17.0,1056.0,FTP
1720728594.25134,C5hBzw4W4AVAQm8zf,192.168.1.6,35500.0,192.168.1.4,21.0,tcp,10.083208084106444,115.0,188.0,SF,1.0,1.0,0.0,ShAdDafrF,18.0,1059.0,17.0,1056.0,FTP
1720728194.307428,ClaZ9x4OxrwdAijFC4,192.168.1.4,42497.0,192.168.1.1,53.0,udp,10.083208084106444,115.0,188.0,SF,1.0,1.0,0.0,ShAdDafrF,18.0,1059.0,17.0,1056.0,DNS
1720731604.408962,CDkgiR3v5U2PI8hT4e,192.168.1.6,37932.0,192.168.1.4,21.0,tcp,9.4115788936615,164.0,188.0,SF,1.0,1.0,0.0,ShAdDafrF,18.0,1108.0,17.0,1056.0,FTP
1720729891.463137,Copvpj1EszeUeq8SA4,192.168.1.6,52206.0,192.168.1.4,21.0,tcp,10.99703311920166,140.0,188.0,SF,1.0,1.0,0.0,ShAdDafrF,18.0,1084.0,17.0,1056.0,FTP
1720729599.634718,CUOGls2EgrCX0cYUFl,192.168.1.6,51198.0,192.168.1.4,21.0,tcp,9.724390029907228,110.0,188.0,SF,1.0,1.0,0.0,ShAdDafrF,18.0,1054.0,17.0,1056.0,FTP
1720730864.770972,CJuwp92i2cbjDzft9g,192.168.1.6,39106.0,192.168.1.4,21.0,tcp,9.375266075134276,123.0,188.0,SF,1.0,1.0,0.0,ShAdDafFr,18.0,1067.0,17.0,1056.0,FTP
1720728216.252672,Co6AwHhSWBGDwbxde,192.168.1.4,53929.0,192.168.1.1,53.0,udp,0.002187013626098,47.0,443.0,SF,1.0,1.0,0.0,Dd,1.0,75.0,1.0,471.0,DNS
1720729228.525651,CrqhK82srhzFMjx6R7,192.168.1.6,35016.0,192.168.1.4,21.0,tcp,9.680809020996094,137.0,188.0,SF,1.0,1.0,0.0,ShAdDafFr,18.0,1081.0,17.0,1056.0,FTP
1720730802.739924,CaaiEP10gQshz2yakl,192.168.1.6,47934.0,192.168.1.4,21.0,tcp,10.318725109100342,127.0,188.0,SF,1.0,1.0,0.0,ShAdDafrF,18.0,1071.0,17.0,1056.0,FTP
1720728216.27307,CzzvD03WwHID9KP1Wc,192.168.1.4,55186.0,162.159.133.233,443.0,tcp,10.318725109100342,127.0,188.0,SF,1.0,1.0,0.0,ShAdDafrF,18.0,1071.0,17.0,1056.0,HTTPS
1720728091.343619,CoIRkL2MvgtWZ07Vfe,192.168.1.6,35108.0,192.168.1.4,21.0,tcp,9.539617776870728,118.0,188.0,SF,1.0,1.0,0.0,ShAdDafrF,18.0,1062.0,17.0,1056.0,FTP
1720728373.854341,CS571yCOeoOa4zY79,192.168.1.6,56886.0,192.168.1.4,21.0,tcp,9.824647903442385,118.0,188.0,SF,1.0,1.0,0.0,ShAdDafrF,18.0,1062.0,17.0,1056.0,FTP
1720727927.064864,CqHstdm8nvsMWrtq3,192.168.1.6,34046.0,192.168.1.4,21.0,tcp,10.051125049591064,118.0,188.0,SF,1.0,1.0,0.0,ShAdDafFr,18.0,1062.0,17.0,1056.0,FTP
1720730971.419497,Cp4DRp1g0aN6YLNOGf,192.168.1.6,48976.0,192.168.1.4,21.0,tcp,10.664879083633425,136.0,188.0,SF,1.0,1.0,0.0,ShAdDafrF,18.0,1080.0,17.0,1056.0,FTP
1720730759.789366,C18a4C4bfccDbRAU76,192.168.1.6,50942.0,192.168.1.4,21.0,tcp,9.474975109100342,139.0,188.0,SF,1.0,1.0,0.0,ShAdDafrF,18.0,1083.0,17.0,1056.0,FTP
1720729507.608404,CaZn8O3qcIdNs2Juhh,192.168.1.6,39572.0,192.168.1.4,21.0,tcp,10.326668977737429,122.0,188.0,SF,1.0,1.0,0.0,ShAdDafrF,18.0,1066.0,17.0,1056.0,FTP
1720728645.779958,Cmf0s12OGccdRJgCi1,192.168.1.6,35440.0,192.168.1.4,21.0,tcp,10.294558048248293,146.0,188.0,SF,1.0,1.0,0.0,ShAdDafrF,18.0,1090.0,17.0,1056.0,FTP
1720729213.143848,CM5uYD311iBIkRXIpb,192.168.1.6,40132.0,192.168.1.4,21.0,tcp,9.82607913017273,119.0,188.0,SF,1.0,1.0,0.0,ShAdDafrF,18.0,1063.0,17.0,1056.0,FTP
1720728219.935895,Ca9X5z3pbHAjx6bWRh,192.168.1.4,55758.0,192.168.1.1,53.0,udp,0.02035903930664,40.0,609.0,SF,1.0,1.0,0.0,Dd,1.0,68.0,1.0,637.0,DNS
1720730295.354558,CeQnvL2occhO8z40d8,192.168.1.6,44600.0,192.168.1.4,21.0,tcp,10.5818190574646,125.0,188.0,SF,1.0,1.0,0.0,ShAdDafrF,18.0,1069.0,17.0,1056.0,FTP
1720731300.117465,CAlUPY7zUAQZvftz4,192.168.1.6,44938.0,192.168.1.4,21.0,tcp,10.209850072860718,191.0,188.0,SF,1.0,1.0,0.0,ShAdDafFr,18.0,1135.0,17.0,1056.0,FTP
1720729818.42571,CelvPS2r4ssQGhDpR3,192.168.1.6,34380.0,192.168.1.4,21.0,tcp,10.91934299468994,137.0,188.0,SF,1.0,1.0,0.0,ShAdDafrF,18.0,1081.0,17.0,1056.0,FTP
1720730202.661281,Cm2dBu2WVhApLwaUt1,192.168.1.6,45180.0,192.168.1.4,21.0,tcp,10.904517889022827,119.0,188.0,SF,1.0,1.0,0.0,ShAdDafrF,18.0,1063.0,17.0,1056.0,FTP
1720727884.88749,CqV72g4Tx3PWyrnd28,192.168.1.4,48094.0,13.224.214.98,443.0,tcp,10.904517889022827,119.0,188.0,SF,1.0,1.0,0.0,ShAdDafrF,18.0,1063.0,17.0,1056.0,HTTPS
1720728305.697104,Cw9OE42zZ7PFM6swBa,192.168.1.4,54126.0,13.224.207.4,443.0,tcp,45.745880126953125,2474.0,6709.0,SF,1.0,0.0,0.0,ShADadFf,15.0,3262.0,12.0,7341.0,HTTPS
1720728347.434275,CgHOyf2lV72EclLQd5,192.168.1.6,46270.0,192.168.1.4,21.0,tcp,10.62220311164856,118.0,188.0,SF,1.0,1.0,0.0,ShAdDafrF,18.0,1062.0,17.0,1056.0,FTP
1720729427.664052,CfA6h42jwwEvL3oF16,192.168.1.6,47270.0,192.168.1.4,21.0,tcp,10.369725942611694,126.0,188.0,SF,1.0,1.0,0.0,ShAdDafrF,18.0,1070.0,17.0,1056.0,FTP
1720727914.281522,CeY975xvqlmYggYDi,192.168.1.4,55030.0,192.168.1.1,53.0,udp,10.369725942611694,126.0,188.0,SF,1.0,1.0,0.0,ShAdDafrF,18.0,1070.0,17.0,1056.0,DNS
1720729841.589094,CzU7NG3iPXOfxQZda9,192.168.1.6,43488.0,192.168.1.4,21.0,tcp,10.212604999542236,128.0,188.0,SF,1.0,1.0,0.0,ShAdDafrF,18.0,1072.0,17.0,1056.0,FTP
1720728006.364239,CbIiN42MXr5HIVUkgj,192.168.1.6,38252.0,192.168.1.4,21.0,tcp,10.387279987335203,118.0,188.0,SF,1.0,1.0,0.0,ShAdDafrF,18.0,1062.0,17.0,1056.0,FTP
1720728096.430767,CPkGiw3j7fp2vLx6Zc,192.168.1.4,53786.0,142.250.81.238,443.0,tcp,10.387279987335203,118.0,188.0,SF,1.0,1.0,0.0,ShAdDafrF,18.0,1062.0,17.0,1056.0,HTTPS
1720728574.389153,CearUQ3gqDbdatajeb,192.168.1.6,47574.0,192.168.1.4,21.0,tcp,10.63607406616211,116.0,188.0,SF,1.0,1.0,0.0,ShAdDafFr,18.0,1060.0,17.0,1056.0,FTP
1720731715.048164,CpWERI2dX4YHdtSBn3,192.168.1.6,38578.0,192.168.1.4,21.0,tcp,10.452389001846312,176.0,188.0,SF,1.0,1.0,0.0,ShAdDafrF,18.0,1120.0,17.0,1056.0,FTP
1720731308.142134,C6ZCMjLmTRLbTtnzg,192.168.1.6,55904.0,192.168.1.4,21.0,tcp,10.109485149383543,160.0,188.0,SF,1.0,1.0,0.0,ShAdDafrF,18.0,1104.0,17.0,1056.0,FTP
1720728305.777898,Cjd9E7QfivHRNAb26,192.168.1.4,40508.0,34.149.158.18,443.0,tcp,10.109485149383543,160.0,188.0,SF,1.0,1.0,0.0,ShAdDafrF,18.0,1104.0,17.0,1056.0,HTTPS
1720728413.646428,CazhVt164pdQC9efd7,192.168.1.6,47000.0,192.168.1.4,21.0,tcp,10.155011892318726,117.0,188.0,SF,1.0,1.0,0.0,ShAdDafrF,18.0,1061.0,17.0,1056.0,FTP
1720728976.625765,CXbT4j3iLhUZSrdX2g,192.168.1.6,57610.0,192.168.1.4,21.0,tcp,9.807793855667114,130.0,188.0,SF,1.0,1.0,0.0,ShAdDafrF,18.0,1074.0,17.0,1056.0,FTP
1720727854.232686,ChJQTy2JYyYlf42Sp9,192.168.1.4,55996.0,192.168.1.1,53.0,udp,9.807793855667114,130.0,188.0,SF,1.0,1.0,0.0,ShAdDafrF,18.0,1074.0,17.0,1056.0,DNS
1720731411.160462,CJzkmeh934D9qi9Oh,192.168.1.6,47740.0,192.168.1.4,21.0,tcp,9.927932024002075,140.0,188.0,SF,1.0,1.0,0.0,ShAdDafrF,18.0,1084.0,17.0,1056.0,FTP
1720728154.592995,CCnN5w1WlcGrm9RDqh,192.168.1.4,39970.0,192.168.1.1,53.0,udp,9.927932024002075,140.0,188.0,SF,1.0,1.0,0.0,ShAdDafrF,18.0,1084.0,17.0,1056.0,DNS
1720729814.046829,CpYi7U3uDGqFQBMRy3,192.168.1.6,34298.0,192.168.1.4,21.0,tcp,9.539981126785278,123.0,188.0,SF,1.0,1.0,0.0,ShAdDafrF,18.0,1067.0,17.0,1056.0,FTP
1720727884.87187,CoZLjv3DJ41fdX5dc7,192.168.1.4,41905.0,192.168.1.1,53.0,udp,0.007668018341064,45.0,343.0,SF,1.0,1.0,0.0,Dd,1.0,73.0,1.0,371.0,DNS
1720728666.753284,CP6U0n3nBALOxpgqx7,192.168.1.6,34304.0,192.168.1.4,21.0,tcp,10.813554048538208,142.0,188.0,SF,1.0,1.0,0.0,ShAdDafrF,18.0,1086.0,17.0,1056.0,FTP
1720728064.595415,CSGHr04YcsGhmc77j,192.168.1.4,56210.0,142.250.65.202,443.0,tcp,10.813554048538208,142.0,188.0,SF,1.0,1.0,0.0,ShAdDafrF,18.0,1086.0,17.0,1056.0,HTTPS
1720731868.637509,CUcqPp32jlYco53YQh,192.168.1.6,58074.0,192.168.1.4,21.0,tcp,10.235306978225708,112.0,188.0,SF,1.0,1.0,0.0,ShAdDafFr,18.0,1056.0,17.0,1056.0,FTP
1720728245.140319,CjMyVa3BfeQXKMrIdl,192.168.1.4,60458.0,192.168.1.1,53.0,udp,0.003891944885253,55.0,119.0,SF,1.0,1.0,0.0,Dd,1.0,83.0,1.0,147.0,DNS
1720729163.094923,CKiboi24pbwiD9PURi,192.168.1.6,38216.0,192.168.1.4,21.0,tcp,10.077641010284424,112.0,188.0,SF,1.0,1.0,0.0,ShAdDafrF,18.0,1056.0,17.0,1056.0,FTP
1720729952.998878,CKRPPc3dCzpLVTW9td,192.168.1.6,48414.0,192.168.1.4,21.0,tcp,9.926199913024902,132.0,188.0,SF,1.0,1.0,0.0,ShAdDafrF,18.0,1076.0,17.0,1056.0,FTP
1720729925.22785,COmMKj4o2IrBTtljLa,192.168.1.6,52084.0,192.168.1.4,21.0,tcp,9.9217529296875,138.0,188.0,SF,1.0,1.0,0.0,ShAdDafFr,18.0,1082.0,17.0,1056.0,FTP
1720727943.73602,CxPaqUvPJJ7EpvG7,192.168.1.4,32770.0,34.120.195.249,443.0,tcp,9.9217529296875,138.0,188.0,SF,1.0,1.0,0.0,ShAdDafFr,18.0,1082.0,17.0,1056.0,HTTPS
1720728276.137553,CyJ53e3ZJL0q3jiZZe,192.168.1.4,35129.0,192.168.1.1,53.0,udp,0.002177000045776,41.0,252.0,SF,1.0,1.0,0.0,Dd,1.0,69.0,1.0,280.0,DNS
1720728245.692153,CppUNc3b02PHi5QTQ9,192.168.1.4,33591.0,192.168.1.1,53.0,udp,0.001159906387329,38.0,122.0,SF,1.0,1.0,0.0,Dd,1.0,66.0,1.0,150.0,DNS
1720727884.957814,CpWuBM2qvVhtTPCcXe,192.168.1.4,53519.0,192.168.1.1,53.0,udp,0.006977081298828,86.0,168.0,SF,1.0,1.0,0.0,Dd,1.0,114.0,1.0,196.0,DNS
1720730625.067036,Ce59bU3YzXjuNQfv99,192.168.1.6,45040.0,192.168.1.4,21.0,tcp,10.690858125686646,128.0,188.0,SF,1.0,1.0,0.0,ShAdDafrF,18.0,1072.0,17.0,1056.0,FTP
1720728052.946412,CxhDF13Gd9CfrpOTM9,192.168.1.6,51058.0,192.168.1.4,21.0,tcp,9.60615587234497,117.0,188.0,SF,1.0,1.0,0.0,ShAdDafrF,18.0,1061.0,17.0,1056.0,FTP
1720727957.800821,Cx1EMB49luKZOHKcci,192.168.1.6,56490.0,192.168.1.4,21.0,tcp,10.965632915496826,117.0,188.0,SF,1.0,1.0,0.0,ShAdDafrF,18.0,1061.0,17.0,1056.0,FTP
1720728216.223167,Cd4vrI1OxxeaxxsM74,192.168.1.6,42404.0,192.168.1.4,21.0,tcp,10.680076122283936,118.0,188.0,SF,1.0,1.0,0.0,ShAdDafrF,18.0,1062.0,17.0,1056.0,FTP
1720731013.614845,C0mD9o27qNMlovrXUj,192.168.1.6,35464.0,192.168.1.4,21.0,tcp,11.366955041885376,127.0,188.0,SF,1.0,1.0,0.0,ShAdDafrF,18.0,1071.0,17.0,1056.0,FTP
1720731737.622063,CVNOsuG58FzuS92M5,192.168.1.6,52672.0,192.168.1.4,21.0,tcp,10.406005144119264,158.0,188.0,SF,1.0,1.0,0.0,ShAdDafrF,18.0,1102.0,17.0,1056.0,FTP
1720727914.257909,CcybnE3gHSOMzXISq4,192.168.1.4,42515.0,192.168.1.1,53.0,udp,0.017580032348632,42.0,299.0,SF,1.0,1.0,0.0,Dd,1.0,70.0,1.0,327.0,DNS
1720728414.974419,CpYje52Hj9yZiqOpzf,192.168.1.6,47040.0,192.168.1.4,21.0,tcp,10.843465805053713,118.0,188.0,SF,1.0,1.0,0.0,ShAdDafrF,18.0,1062.0,17.0,1056.0,FTP
1720729645.002915,CHBupI2ygFsbR9yfQ,192.168.1.6,46062.0,192.168.1.4,21.0,tcp,9.272207021713257,115.0,188.0,SF,1.0,1.0,0.0,ShAdDafrF,18.0,1059.0,17.0,1056.0,FTP
1720730515.6477,ChwfBs19RMIy50RLQ2,192.168.1.6,46262.0,192.168.1.4,21.0,tcp,9.705878019332886,126.0,188.0,SF,1.0,1.0,0.0,ShAdDafrF,18.0,1070.0,17.0,1056.0,FTP
1720728819.755651,CPrQjz3cUlqBungfg2,192.168.1.6,57318.0,192.168.1.4,21.0,tcp,10.161379098892212,128.0,188.0,SF,1.0,1.0,0.0,ShAdDafrF,18.0,1072.0,17.0,1056.0,FTP
1720730929.365138,Cq3WCe36QEPOsiOVr5,192.168.1.6,43496.0,192.168.1.4,21.0,tcp,11.37062692642212,160.0,188.0,SF,1.0,1.0,0.0,ShAdDafrF,18.0,1104.0,17.0,1056.0,FTP
1720731592.796081,CGwKrd33CxYIF6Vkgd,192.168.1.6,47760.0,192.168.1.4,21.0,tcp,9.54853582382202,148.0,188.0,SF,1.0,1.0,0.0,ShAdDafrF,18.0,1092.0,17.0,1056.0,FTP
1720731006.146297,CsONwp3SuzeCAB8Qhk,192.168.1.6,35390.0,192.168.1.4,21.0,tcp,10.743597030639648,140.0,188.0,SF,1.0,1.0,0.0,ShAdDafrF,18.0,1084.0,17.0,1056.0,FTP
1720728034.178429,CVIIaS1NtLM3wjo8ze,192.168.1.4,35776.0,144.118.67.10,443.0,tcp,10.743597030639648,140.0,188.0,SF,1.0,1.0,0.0,ShAdDafrF,18.0,1084.0,17.0,1056.0,HTTPS
1720728186.316803,CgxXy61v2cb7V2QaFc,192.168.1.4,48613.0,192.168.1.1,53.0,udp,10.743597030639648,140.0,188.0,SF,1.0,1.0,0.0,ShAdDafrF,18.0,1084.0,17.0,1056.0,DNS
1720727915.923097,CpVWZ62yZLgZZftMJj,192.168.1.4,49434.0,192.168.1.1,53.0,udp,10.743597030639648,140.0,188.0,SF,1.0,1.0,0.0,ShAdDafrF,18.0,1084.0,17.0,1056.0,DNS
1720731848.89347,C1icZ54G4mLxZ1YdKa,192.168.1.6,35384.0,192.168.1.4,21.0,tcp,10.146255016326904,121.0,188.0,SF,1.0,1.0,0.0,ShAdDafrF,18.0,1065.0,17.0,1056.0,FTP
1720727735.999237,ClHVAn1jUsX6qXtvGf,192.168.1.4,51859.0,13.224.214.69,443.0,tcp,10.146255016326904,121.0,188.0,SF,1.0,1.0,0.0,IIishhhhHHHH,18.0,1065.0,17.0,1056.0,HTTPS
1720728973.156526,CmYkS32IaAgJV61CY5,192.168.1.6,57562.0,192.168.1.4,21.0,tcp,9.977559804916382,128.0,188.0,SF,1.0,1.0,0.0,ShAdDafrF,18.0,1072.0,17.0,1056.0,FTP
1720727765.680794,C9wC7m4h1PVuBA8LEa,192.168.1.4,41766.0,192.168.1.1,53.0,udp,0.084053039550781,127.0,127.0,SF,1.0,1.0,0.0,Dd,3.0,211.0,3.0,211.0,DNS
1720731133.235327,CNrlyP6RNhUkngWPb,192.168.1.4,44818.0,91.189.91.49,80.0,tcp,0.041074037551879,88.0,189.0,SF,1.0,0.0,0.0,ShADdFfa,6.0,408.0,4.0,405.0,HTTP
1720729528.52557,Cp87jh4KC0WAM0rlJ3,192.168.1.6,56946.0,192.168.1.4,21.0,tcp,10.699748039245604,133.0,188.0,SF,1.0,1.0,0.0,ShAdDafrF,18.0,1077.0,17.0,1056.0,FTP
1720728342.44894,Cbe4ab25HGF0xVvYde,192.168.1.6,38820.0,192.168.1.4,21.0,tcp,11.050535917282104,118.0,188.0,SF,1.0,1.0,0.0,ShAdDafrF,18.0,1062.0,17.0,1056.0,FTP
1720730943.950306,CsEImA2N5gFcpgES5,192.168.1.6,56800.0,192.168.1.4,21.0,tcp,9.910484075546265,139.0,188.0,SF,1.0,1.0,0.0,ShAdDafrF,18.0,1083.0,17.0,1056.0,FTP
1720728017.308838,CsblIZ2aYqgrYEMIzj,192.168.1.4,41928.0,192.168.1.1,53.0,udp,9.910484075546265,139.0,188.0,SF,1.0,1.0,0.0,ShAdDafrF,18.0,1083.0,17.0,1056.0,DNS
1720728096.500245,C9HmOl1E05RzoCRJh2,192.168.1.4,42284.0,192.168.1.1,53.0,udp,0.001595973968505,51.0,111.0,SF,1.0,1.0,0.0,Dd,1.0,79.0,1.0,139.0,DNS
1720728186.199682,C8QKYuINbAPjtGGq5,192.168.1.4,50942.0,192.168.1.1,53.0,udp,0.001595973968505,51.0,111.0,SF,1.0,1.0,0.0,Dd,1.0,79.0,1.0,139.0,DNS
1720728155.152747,CKBGq72SvqnZU25VUd,192.168.1.4,60354.0,192.168.1.1,53.0,udp,0.079459190368652,43.0,376.0,SF,1.0,1.0,0.0,Dd,1.0,71.0,1.0,404.0,DNS
1720727824.769882,CMOmoY3DwgTzEv2hfg,192.168.1.4,55243.0,192.168.1.1,53.0,udp,0.016499996185302,54.0,354.0,SF,1.0,1.0,0.0,Dd,1.0,82.0,1.0,382.0,DNS
1720731899.150873,C4h9204lo1BwJiazhk,192.168.1.6,37042.0,192.168.1.4,21.0,tcp,9.92827296257019,170.0,188.0,SF,1.0,1.0,0.0,ShAdDafFr,18.0,1114.0,17.0,1056.0,FTP
1720728211.933962,C9kFxP3LcZXHUo3AR1,192.168.1.4,52034.0,192.168.1.1,53.0,udp,9.92827296257019,170.0,188.0,SF,1.0,1.0,0.0,ShAdDafFr,18.0,1114.0,17.0,1056.0,DNS
1720730087.89022,CKuv1Y23tKwrKH02gh,192.168.1.6,33620.0,192.168.1.4,21.0,tcp,10.840939044952393,175.0,188.0,SF,1.0,1.0,0.0,ShAdDafrF,18.0,1119.0,17.0,1056.0,FTP
1720729792.153041,CP8zwH3nKgo47PAqnb,192.168.1.6,60836.0,192.168.1.4,21.0,tcp,10.75548815727234,120.0,188.0,SF,1.0,1.0,0.0,ShAdDafrF,18.0,1064.0,17.0,1056.0,FTP
1720728614.474715,CE9v8D3IxXHquJaSsj,192.168.1.6,37290.0,192.168.1.4,21.0,tcp,9.931499004364014,131.0,188.0,SF,1.0,1.0,0.0,ShAdDafrF,18.0,1075.0,17.0,1056.0,FTP
1720729243.23381,Csh2S13UV4FHVmc1jc,192.168.1.4,38505.0,192.168.1.1,53.0,udp,0.000640153884887,58.0,394.0,SF,1.0,1.0,0.0,Dd,1.0,86.0,1.0,422.0,DNS
1720731844.066531,CncbE73nWfyUWHzfh8,192.168.1.6,35324.0,192.168.1.4,21.0,tcp,9.58780312538147,157.0,188.0,SF,1.0,1.0,0.0,ShAdDafrF,18.0,1101.0,17.0,1056.0,FTP
1720730447.586822,CEpoGn2p8pJz75nbbg,192.168.1.6,44184.0,192.168.1.4,21.0,tcp,9.64981985092163,134.0,188.0,SF,1.0,1.0,0.0,ShAdDafrF,18.0,1078.0,17.0,1056.0,FTP
1720731889.372169,C3sSXw3uvy37o5lqr7,192.168.1.6,59810.0,192.168.1.4,21.0,tcp,9.861870050430298,167.0,188.0,SF,1.0,1.0,0.0,ShAdDafFr,18.0,1111.0,17.0,1056.0,FTP
1720728946.841665,CpxPft1eO4qd70QYUa,192.168.1.6,37576.0,192.168.1.4,21.0,tcp,10.133167028427124,123.0,188.0,SF,1.0,1.0,0.0,ShAdDafrF,18.0,1067.0,17.0,1056.0,FTP
1720730172.958537,Ck92NG385WVH9i6GOi,192.168.1.6,44896.0,192.168.1.4,21.0,tcp,10.6560218334198,128.0,188.0,SF,1.0,1.0,0.0,ShAdDafrF,18.0,1072.0,17.0,1056.0,FTP
1720730898.341755,Cze98K3F0Tr55co4Qi,192.168.1.6,46452.0,192.168.1.4,21.0,tcp,9.791373014450071,126.0,188.0,SF,1.0,1.0,0.0,ShAdDafrF,18.0,1070.0,17.0,1056.0,FTP
1720730971.157168,CcORhE3RSdwIj38N7c,192.168.1.6,48926.0,192.168.1.4,21.0,tcp,10.653443098068236,126.0,188.0,SF,1.0,1.0,0.0,ShAdDafrF,18.0,1070.0,17.0,1056.0,FTP
1720727883.539081,CdEgW439QekgOdtQIg,192.168.1.4,59878.0,192.168.1.1,53.0,udp,10.653443098068236,126.0,188.0,SF,1.0,1.0,0.0,ShAdDafrF,18.0,1070.0,17.0,1056.0,DNS
1720730274.320135,CJfB5f4CLLQ3vm3v4a,192.168.1.6,54038.0,192.168.1.4,21.0,tcp,10.913465976715088,133.0,188.0,SF,1.0,1.0,0.0,ShAdDafFr,18.0,1077.0,17.0,1056.0,FTP
1720728198.307464,Cvab5r4cqGAcK5n8U8,192.168.1.4,52155.0,192.168.1.1,53.0,udp,0.016125202178955,45.0,263.0,SF,1.0,1.0,0.0,Dd,1.0,73.0,1.0,291.0,DNS
1720728185.195174,Crwa0wOQ1sWvncH65,192.168.1.4,54159.0,192.168.1.1,53.0,udp,0.144277095794677,47.0,184.0,SF,1.0,1.0,0.0,Dd,1.0,75.0,1.0,212.0,DNS
1720727763.35414,CC9NCC3ivAcsbSZUBl,192.168.1.4,55501.0,192.168.1.1,53.0,udp,0.01668906211853,56.0,243.0,SF,1.0,1.0,0.0,Dd,1.0,84.0,1.0,271.0,DNS
1720728155.134022,CgLPMk43MhA2J6EQX1,192.168.1.4,34542.0,142.251.32.104,443.0,udp,0.01668906211853,56.0,243.0,SF,1.0,1.0,0.0,Dd,1.0,84.0,1.0,271.0,HTTPS
1720727793.830876,CSZVhx3948k53EbT3,192.168.1.4,55452.0,192.168.1.1,53.0,udp,0.0691819190979,48.0,130.0,SF,1.0,1.0,0.0,Dd,1.0,76.0,1.0,158.0,DNS
1720729603.810239,CEMo6u3ThA6Vdhvpn9,192.168.1.6,48504.0,192.168.1.4,21.0,tcp,10.05463480949402,109.0,188.0,SF,1.0,1.0,0.0,ShAdDafrF,18.0,1053.0,17.0,1056.0,FTP
1720728272.001126,CwoDHB2AgctQC5XFq3,192.168.1.4,57283.0,192.168.1.1,53.0,udp,10.05463480949402,109.0,188.0,SF,1.0,1.0,0.0,ShAdDafrF,18.0,1053.0,17.0,1056.0,DNS
1720728034.68609,CYPf0g1C12m6ofUfJa,192.168.1.4,43012.0,104.96.220.114,443.0,tcp,0.04387092590332,1789.0,5011.0,SF,1.0,0.0,0.0,ShADFadRRf,9.0,2205.0,8.0,5435.0,HTTPS
1720728950.82351,Cy3x5z9dituuNb4Ba,192.168.1.6,37632.0,192.168.1.4,21.0,tcp,9.28015112876892,134.0,188.0,SF,1.0,1.0,0.0,ShAdDafFr,18.0,1078.0,17.0,1056.0,FTP
1720727734.395689,COAHx81SaIFgS1yKe8,192.168.1.4,38258.0,146.75.29.229,443.0,tcp,9.28015112876892,134.0,188.0,SF,1.0,1.0,0.0,ShAdDafFr,18.0,1078.0,17.0,1056.0,HTTPS
1720731128.472506,CI7PMJ36eJOJyCGzj3,192.168.1.6,38890.0,192.168.1.4,21.0,tcp,9.520920991897585,108.0,188.0,SF,1.0,1.0,0.0,ShAdDafrF,18.0,1052.0,17.0,1056.0,FTP
1720727763.130488,CLY2QQEjB6L3JIrsh,192.168.1.4,53378.0,13.107.21.237,443.0,tcp,135.42839312553406,12079.0,283450.0,RSTR,1.0,0.0,0.0,ShADadr,154.0,18259.0,183.0,290782.0,HTTPS
1720728064.385508,CxYBsQ3a7yqiRLApMf,192.168.1.4,41026.0,52.206.163.162,443.0,tcp,21.15474486351013,2958.0,9267.0,SF,1.0,0.0,0.0,ShADadfF,15.0,3746.0,17.0,10159.0,HTTPS
1720727914.29831,CCxzme3uFXDE0WoGBb,192.168.1.4,49534.0,192.168.1.1,53.0,udp,21.15474486351013,2958.0,9267.0,SF,1.0,0.0,0.0,ShADadfF,15.0,3746.0,17.0,10159.0,DNS
1720729946.016184,C8bgCA1wv9Q16PMjL4,192.168.1.6,56050.0,192.168.1.4,21.0,tcp,10.377683877944946,126.0,188.0,SF,1.0,1.0,0.0,ShAdDafrF,18.0,1070.0,17.0,1056.0,FTP
1720731899.140628,CpBGPd36SaQljrW7H2,192.168.1.6,37040.0,192.168.1.4,21.0,tcp,9.911418914794922,175.0,188.0,SF,1.0,1.0,0.0,ShAdDafrF,18.0,1119.0,17.0,1056.0,FTP
1720728125.147493,Cnc6wt2I0XVOLabgv6,192.168.1.4,33185.0,142.250.81.238,443.0,tcp,9.911418914794922,175.0,188.0,SF,1.0,1.0,0.0,IIiiiIhhhHHhH,18.0,1119.0,17.0,1056.0,HTTPS
1720727643.03756,COl5Wi3UotFISIwbFe,192.168.1.4,36508.0,23.205.106.144,443.0,tcp,300.7160589694977,3323.0,7923.0,SF,1.0,0.0,0.0,ShADadFRf,21.0,4399.0,20.0,8971.0,HTTPS
1720728186.745968,CkwHbD3Wea10t5zdgf,192.168.1.4,52946.0,142.251.41.2,443.0,tcp,300.7160589694977,3323.0,7923.0,SF,1.0,0.0,0.0,IIiiiIhhhHHhH,21.0,4399.0,20.0,8971.0,HTTPS
1720729605.02327,CDRe8D4eWeV7mYctsf,192.168.1.6,48524.0,192.168.1.4,21.0,tcp,10.461518049240112,109.0,188.0,SF,1.0,1.0,0.0,ShAdDafFr,18.0,1053.0,17.0,1056.0,FTP
1720729785.431498,CfxQxM3oR7cs0rdQ0l,192.168.1.6,60740.0,192.168.1.4,21.0,tcp,10.40217399597168,113.0,188.0,SF,1.0,1.0,0.0,ShAdDafFr,18.0,1057.0,17.0,1056.0,FTP
1720727764.009077,CNioME1e0HRkEKD2hf,192.168.1.4,50726.0,192.168.1.1,53.0,udp,0.002876996994018,44.0,453.0,SF,1.0,1.0,0.0,Dd,1.0,72.0,1.0,481.0,DNS
1720728034.167176,Ca4GB0425IyoYstuc4,192.168.1.4,35758.0,144.118.67.10,443.0,tcp,125.42602705955504,6838.0,677171.0,RSTR,1.0,0.0,0.0,ShADadr,175.0,15946.0,283.0,691883.0,HTTPS
1720727786.794963,Cn4Cll1OdU6PtLLjch,192.168.1.6,45764.0,192.168.1.4,21.0,tcp,9.239405155181885,118.0,188.0,SF,1.0,1.0,0.0,ShAdDafrF,18.0,1062.0,17.0,1056.0,FTP
1720728120.351818,CUUjpV19VmmdPaW0va,192.168.1.6,53812.0,192.168.1.4,21.0,tcp,9.857651948928831,118.0,188.0,SF,1.0,1.0,0.0,ShAdDafFr,18.0,1062.0,17.0,1056.0,FTP
1720727884.528504,CrCpMVQNw1CQmkEud,192.168.1.4,57530.0,216.239.32.178,443.0,tcp,240.249971151352,4506.0,7857.0,SF,1.0,0.0,0.0,ShADadFf,31.0,6126.0,30.0,9425.0,HTTPS
1720730068.956295,CuMbsr9l6bZjIeKRl,192.168.1.6,51276.0,192.168.1.4,21.0,tcp,9.567068099975586,132.0,188.0,SF,1.0,1.0,0.0,ShAdDafrF,18.0,1076.0,17.0,1056.0,FTP
1720730710.942611,CgjlSYeuxgSoiHWNj,192.168.1.6,57740.0,192.168.1.4,21.0,tcp,10.424761056900024,132.0,188.0,SF,1.0,1.0,0.0,ShAdDafrF,18.0,1076.0,17.0,1056.0,FTP
1720731742.269268,CC3SBK2VsC46zG8wtk,192.168.1.6,52724.0,192.168.1.4,21.0,tcp,9.92101788520813,144.0,188.0,SF,1.0,1.0,0.0,ShAdDafrF,18.0,1088.0,17.0,1056.0,FTP
1720728154.592995,CCnN5w1WlcGrm9RDqh,192.168.1.4,39970.0,192.168.1.1,53.0,udp,0.028488159179687,43.0,393.0,SF,1.0,1.0,0.0,Dd,1.0,71.0,1.0,421.0,DNS
1720729881.329501,CFf6xg17SSlY4zirP9,192.168.1.6,46334.0,192.168.1.4,21.0,tcp,10.389963150024414,123.0,188.0,SF,1.0,1.0,0.0,ShAdDafrF,18.0,1067.0,17.0,1056.0,FTP
1720728155.64081,CkOUJ847ZLYOppdJf6,192.168.1.4,39877.0,192.168.1.1,53.0,udp,0.11030888557434,99.0,566.0,SF,1.0,1.0,0.0,Dd,1.0,127.0,1.0,594.0,DNS
1720727793.449975,CG365D2oYs08wDJP29,192.168.1.4,54415.0,192.168.1.1,53.0,udp,0.11030888557434,99.0,566.0,SF,1.0,1.0,0.0,Dd,1.0,127.0,1.0,594.0,DNS
1720729003.373838,CrG7OE2znDKD7YD0lf,192.168.1.6,33840.0,192.168.1.4,21.0,tcp,10.788073062896729,133.0,188.0,SF,1.0,1.0,0.0,ShAdDafFr,18.0,1077.0,17.0,1056.0,FTP
1720731554.852059,C4HDzQ3wXragvhr2a6,192.168.1.6,35584.0,192.168.1.4,21.0,tcp,9.87250304222107,142.0,188.0,SF,1.0,1.0,0.0,ShAdDafFr,18.0,1086.0,17.0,1056.0,FTP
1720728031.069233,C8Cdmq2MI2Yy4aY6da,192.168.1.4,48377.0,192.168.1.1,53.0,udp,0.001245021820068,66.0,126.0,SF,1.0,1.0,0.0,Dd,1.0,94.0,1.0,154.0,DNS
1720728404.113538,CO48o31d3Pe6RNKFN4,192.168.1.6,38496.0,192.168.1.4,21.0,tcp,10.9710590839386,118.0,188.0,SF,1.0,1.0,0.0,ShAdDafrF,18.0,1062.0,17.0,1056.0,FTP
1720728275.811955,CUorDcPxKMm2K6Ld1,192.168.1.4,52978.0,192.168.1.1,53.0,udp,10.9710590839386,118.0,188.0,SF,1.0,1.0,0.0,ShAdDafrF,18.0,1062.0,17.0,1056.0,DNS
1720728921.492639,CppN8jcVLirxgAouj,192.168.1.6,50602.0,192.168.1.4,21.0,tcp,9.096427917480469,129.0,188.0,SF,1.0,1.0,0.0,ShAdDafrF,18.0,1073.0,17.0,1056.0,FTP
1720727824.770001,CIrUuD4POlcKqAe6Pj,192.168.1.4,43696.0,192.168.1.1,53.0,udp,9.096427917480469,129.0,188.0,SF,1.0,1.0,0.0,ShAdDafrF,18.0,1073.0,17.0,1056.0,DNS
1720729470.074379,CrCmoi2SeT1Kouwcma,192.168.1.6,35338.0,192.168.1.4,21.0,tcp,10.482254981994627,126.0,188.0,SF,1.0,1.0,0.0,ShAdDafFr,18.0,1070.0,17.0,1056.0,FTP
1720730098.705425,C2I8q4eMncQQAylj6,192.168.1.6,48946.0,192.168.1.4,21.0,tcp,9.923094987869264,120.0,188.0,SF,1.0,1.0,0.0,ShAdDafrF,18.0,1064.0,17.0,1056.0,FTP
1720730087.776854,CQgOFc1avv2TJ8HWBg,192.168.1.6,33590.0,192.168.1.4,21.0,tcp,10.862510919570925,173.0,188.0,SF,1.0,1.0,0.0,ShAdDafrF,18.0,1117.0,17.0,1056.0,FTP
1720731056.891802,Cv6Skv3JJp6PooMYSf,192.168.1.6,56166.0,192.168.1.4,21.0,tcp,9.809759855270386,132.0,188.0,SF,1.0,1.0,0.0,ShAdDafrF,18.0,1076.0,17.0,1056.0,FTP
1720728186.918147,CEh6zNZuCJDbX4Dw4,192.168.1.4,59112.0,23.205.106.81,443.0,tcp,21.84300398826599,14621.0,8358.0,SF,1.0,0.0,0.0,ShADadFfR,21.0,15697.0,25.0,9666.0,HTTPS
1720731848.698483,CqeeXi5cNtBdilepj,192.168.1.6,35360.0,192.168.1.4,21.0,tcp,10.320763111114502,143.0,188.0,SF,1.0,1.0,0.0,ShAdDafrF,18.0,1087.0,17.0,1056.0,FTP
1720729148.267636,CXf6ZQ3XR2nzBYbSa2,192.168.1.6,38942.0,192.168.1.4,21.0,tcp,9.844238996505736,127.0,188.0,SF,1.0,1.0,0.0,ShAdDafrF,18.0,1071.0,17.0,1056.0,FTP
1720731035.790105,Cc4JA02tc1gFsaVF1h,192.168.1.6,56830.0,192.168.1.4,21.0,tcp,10.336878776550291,130.0,188.0,SF,1.0,1.0,0.0,ShAdDafrF,18.0,1074.0,17.0,1056.0,FTP
1720729691.099189,CGuH9g2qJyqrPutPp4,192.168.1.6,56072.0,192.168.1.4,21.0,tcp,9.54065990447998,125.0,188.0,SF,1.0,1.0,0.0,ShAdDafFr,18.0,1069.0,17.0,1056.0,FTP
1720730068.887017,CzY1kD1sJBZHNWp187,192.168.1.6,51262.0,192.168.1.4,21.0,tcp,9.55332088470459,137.0,188.0,SF,1.0,1.0,0.0,ShAdDafrF,18.0,1081.0,17.0,1056.0,FTP
1720728477.358603,ClWyPv3aydTCb2gZPg,192.168.1.6,53190.0,192.168.1.4,21.0,tcp,10.17050004005432,118.0,188.0,SF,1.0,1.0,0.0,ShAdDafrF,18.0,1062.0,17.0,1056.0,FTP
1720728031.067203,CrFaNA4KNpqyuVf6ib,192.168.1.4,37796.0,192.168.1.1,53.0,udp,0.001877069473266,41.0,195.0,SF,1.0,1.0,0.0,Dd,1.0,69.0,1.0,223.0,DNS
1720728190.308693,CFWGDh2jqGU8MGC116,192.168.1.4,60963.0,192.168.1.1,53.0,udp,0.015568017959594,41.0,176.0,SF,1.0,1.0,0.0,Dd,1.0,69.0,1.0,204.0,DNS
1720730078.513292,Cj48k6PAyzgA9X4Gf,192.168.1.6,40190.0,192.168.1.4,21.0,tcp,9.404852867126465,122.0,188.0,SF,1.0,1.0,0.0,ShAdDafFr,18.0,1066.0,17.0,1056.0,FTP
1720728125.147493,Cnc6wt2I0XVOLabgv6,192.168.1.4,33185.0,142.250.81.238,443.0,tcp,9.404852867126465,122.0,188.0,SF,1.0,1.0,0.0,ShAdDafFr,18.0,1066.0,17.0,1056.0,HTTPS
1720728219.978843,CjU5eRDfN36niW7dl,192.168.1.4,34254.0,204.79.197.203,443.0,tcp,9.404852867126465,122.0,188.0,SF,1.0,1.0,0.0,ShAdDafFr,18.0,1066.0,17.0,1056.0,HTTPS
1720728237.39626,CP5r3jlZRhZPx6n0g,192.168.1.6,39182.0,192.168.1.4,21.0,tcp,9.388762950897217,116.0,188.0,SF,1.0,1.0,0.0,ShAdDafFr,18.0,1060.0,17.0,1056.0,FTP
1720731384.684151,C4SK0w22sWYX2ipjWg,192.168.1.6,40366.0,192.168.1.4,21.0,tcp,10.203123092651367,159.0,188.0,SF,1.0,1.0,0.0,ShAdDafrF,18.0,1103.0,17.0,1056.0,FTP
1720727916.257698,CvmK7h4BcyF3CPU3R3,192.168.1.4,49096.0,142.251.32.98,443.0,tcp,10.203123092651367,159.0,188.0,SF,1.0,1.0,0.0,ShAdDafrF,18.0,1103.0,17.0,1056.0,HTTPS
1720728404.000091,CvcMHF4l2jxJzxRlej,192.168.1.6,38472.0,192.168.1.4,21.0,tcp,10.97421383857727,116.0,188.0,SF,1.0,1.0,0.0,ShAdDafrF,18.0,1060.0,17.0,1056.0,FTP
1720728480.872607,CKaWwb1WiDumX8dFJ4,192.168.1.6,53196.0,192.168.1.4,21.0,tcp,10.21096897125244,118.0,188.0,SF,1.0,1.0,0.0,ShAdDafrF,18.0,1062.0,17.0,1056.0,FTP
1720728219.935694,CnptyA1BSZv9vXD9xk,192.168.1.4,60183.0,192.168.1.1,53.0,udp,10.21096897125244,118.0,188.0,SF,1.0,1.0,0.0,ShAdDafrF,18.0,1062.0,17.0,1056.0,DNS
1720729162.892198,Cgfgkb4EC5Dv7qBN69,192.168.1.6,45890.0,192.168.1.4,21.0,tcp,10.315587997436523,109.0,188.0,SF,1.0,1.0,0.0,ShAdDafrF,18.0,1053.0,17.0,1056.0,FTP
1720728580.112997,C0Fp9raB2QK3soHsh,192.168.1.6,47602.0,192.168.1.4,21.0,tcp,9.786815881729126,115.0,188.0,SF,1.0,1.0,0.0,ShAdDafrF,18.0,1059.0,17.0,1056.0,FTP
1720728677.566952,CdYDcP2YjTAOR40ghk,192.168.1.6,41532.0,192.168.1.4,21.0,tcp,10.345293045043944,139.0,188.0,SF,1.0,1.0,0.0,ShAdDafrF,18.0,1083.0,17.0,1056.0,FTP
1720727786.709659,CuMdJn1hRHAZeY48Y,192.168.1.6,45730.0,192.168.1.4,21.0,tcp,9.25101089477539,115.0,188.0,SF,1.0,1.0,0.0,ShAdDafrF,18.0,1059.0,17.0,1056.0,FTP
1720728287.968759,CfHSIR2F44iJwooQqk,192.168.1.6,43492.0,192.168.1.4,21.0,tcp,10.874202966690063,118.0,188.0,SF,1.0,1.0,0.0,ShAdDafrF,18.0,1062.0,17.0,1056.0,FTP
1720728856.212727,CahMR6tCShYJNTkmi,192.168.1.6,50636.0,192.168.1.4,21.0,tcp,9.306318044662476,137.0,188.0,SF,1.0,1.0,0.0,ShAdDafrF,18.0,1081.0,17.0,1056.0,FTP
1720729874.943436,C5mMDd3o2c7rkvx0Dc,192.168.1.6,46242.0,192.168.1.4,21.0,tcp,9.99676513671875,132.0,188.0,SF,1.0,1.0,0.0,ShAdDafrF,18.0,1076.0,17.0,1056.0,FTP
1720727795.978066,CChG802vYc5joHfAah,192.168.1.6,57512.0,192.168.1.4,21.0,tcp,9.908014059066772,118.0,188.0,SF,1.0,1.0,0.0,ShAdDafrF,18.0,1062.0,17.0,1056.0,FTP
1720730982.08455,CPxsYwVj4lflulCIi,192.168.1.6,36290.0,192.168.1.4,21.0,tcp,10.237173080444336,139.0,188.0,SF,1.0,1.0,0.0,ShAdDafFr,18.0,1083.0,17.0,1056.0,FTP
1720729724.971642,C8Lowf11BaLMBrJmW3,192.168.1.6,37932.0,192.168.1.4,21.0,tcp,9.542587041854858,115.0,188.0,SF,1.0,1.0,0.0,ShAdDafFr,18.0,1059.0,17.0,1056.0,FTP
1720731828.69617,CWOTs02XCBBMIVWEk6,192.168.1.6,45368.0,192.168.1.4,21.0,tcp,9.619180917739868,164.0,188.0,SF,1.0,1.0,0.0,ShAdDafrF,18.0,1108.0,17.0,1056.0,FTP
1720727884.44454,C9uWPq3UbrvTsMKbOa,192.168.1.4,50424.0,104.18.32.90,443.0,tcp,9.619180917739868,164.0,188.0,SF,1.0,1.0,0.0,ShAdDafrF,18.0,1108.0,17.0,1056.0,HTTPS
1720730466.589269,CmgGKmW9y5lMPOjbj,192.168.1.6,36316.0,192.168.1.4,21.0,tcp,10.14904499053955,131.0,188.0,SF,1.0,1.0,0.0,ShAdDafrF,18.0,1075.0,17.0,1056.0,FTP
1720728545.312154,CzBDTo4MqTjbfvBtkb,192.168.1.6,33040.0,192.168.1.4,21.0,tcp,9.37531304359436,117.0,188.0,SF,1.0,1.0,0.0,ShAdDafrF,18.0,1061.0,17.0,1056.0,FTP
1720729337.50446,CVogr84NjkLj5P09kf,192.168.1.6,50800.0,192.168.1.4,21.0,tcp,10.339787006378174,111.0,188.0,SF,1.0,1.0,0.0,ShAdDafFr,18.0,1055.0,17.0,1056.0,FTP
1720730307.647746,CAxubL3LoAQYA3ccj9,192.168.1.6,50266.0,192.168.1.4,21.0,tcp,10.191303968429564,134.0,188.0,SF,1.0,1.0,0.0,ShAdDafrF,18.0,1078.0,17.0,1056.0,FTP
1720728109.307736,CZ0Mev4Jsvd1XmEw7j,192.168.1.4,55049.0,192.168.1.1,53.0,udp,0.001840114593505,45.0,127.0,SF,1.0,1.0,0.0,Dd,1.0,73.0,1.0,155.0,DNS
1720731318.25177,CYF5wd1OCtQAnFgm77,192.168.1.6,34628.0,192.168.1.4,21.0,tcp,10.894428968429564,181.0,188.0,SF,1.0,1.0,0.0,ShAdDafrF,18.0,1125.0,17.0,1056.0,FTP
1720727841.301835,CnU4j34gptpe19in51,192.168.1.6,42444.0,192.168.1.4,21.0,tcp,9.769582986831663,118.0,188.0,SF,1.0,1.0,0.0,ShAdDafrF,18.0,1062.0,17.0,1056.0,FTP
1720730769.274803,Cexopv2EICl1RufVJ,192.168.1.6,37150.0,192.168.1.4,21.0,tcp,10.129081964492798,135.0,188.0,SF,1.0,1.0,0.0,ShAdDafrF,18.0,1079.0,17.0,1056.0,FTP
1720730256.096812,CmPKGy3GPiXnhMJBda,192.168.1.6,40318.0,192.168.1.4,21.0,tcp,10.647451877593994,125.0,188.0,SF,1.0,1.0,0.0,ShAdDafrF,18.0,1069.0,17.0,1056.0,FTP
1720728245.114167,ChlbYl3eFjFC4iZOpl,192.168.1.4,45762.0,13.107.253.40,443.0,tcp,10.647451877593994,125.0,188.0,SF,1.0,1.0,0.0,ShAdDafrF,18.0,1069.0,17.0,1056.0,HTTPS
1720728151.17914,ClpnyE1w9iz3lzXql,192.168.1.4,50018.0,192.168.1.1,53.0,udp,0.001263856887817,53.0,113.0,SF,1.0,1.0,0.0,Dd,1.0,81.0,1.0,141.0,DNS
1720730940.680314,CvzpzQvReZNEnmp5f,192.168.1.6,40716.0,192.168.1.4,21.0,tcp,10.368988037109377,129.0,188.0,SF,1.0,1.0,0.0,ShAdDafrF,18.0,1073.0,17.0,1056.0,FTP
1720731899.266507,C65TBV3ymgD4qhZnRj,192.168.1.6,37074.0,192.168.1.4,21.0,tcp,9.908215999603271,153.0,188.0,SF,1.0,1.0,0.0,ShAdDafFr,18.0,1097.0,17.0,1056.0,FTP
1720730132.780445,CszTIP0BLNna6jTa8,192.168.1.6,52860.0,192.168.1.4,21.0,tcp,9.93057894706726,123.0,188.0,SF,1.0,1.0,0.0,ShAdDafrF,18.0,1067.0,17.0,1056.0,FTP
1720729655.290436,CFnlAn4vJCbFlMTjce,192.168.1.6,55764.0,192.168.1.4,21.0,tcp,9.383935928344728,110.0,188.0,SF,1.0,1.0,0.0,ShAdDafrF,18.0,1054.0,17.0,1056.0,FTP
1720727733.96023,CUUm021uSUDkYPHJwd,192.168.1.4,45763.0,142.251.40.196,443.0,tcp,9.383935928344728,110.0,188.0,SF,1.0,1.0,0.0,IIiiiIhhhHHhH,18.0,1054.0,17.0,1056.0,HTTPS
1720729210.260286,CFhtKyn5SpcjqjtNb,192.168.1.6,56444.0,192.168.1.4,21.0,tcp,9.78430986404419,124.0,188.0,SF,1.0,1.0,0.0,ShAdDafrF,18.0,1068.0,17.0,1056.0,FTP
1720729841.547179,CrgYmMKIXxEJuzczf,192.168.1.6,43476.0,192.168.1.4,21.0,tcp,10.20492696762085,131.0,188.0,SF,1.0,1.0,0.0,ShAdDafFr,18.0,1075.0,17.0,1056.0,FTP
1720728035.007494,CriwQl2TeIPdsfCPuc,192.168.1.4,41790.0,192.168.1.1,53.0,udp,0.001585960388183,92.0,174.0,SF,1.0,1.0,0.0,Dd,1.0,120.0,1.0,202.0,DNS
1720727793.454656,CMmq3a3b8zKUCX6m19,192.168.1.4,47787.0,192.168.1.1,53.0,udp,0.001585960388183,92.0,174.0,SF,1.0,1.0,0.0,Dd,1.0,120.0,1.0,202.0,DNS
1720728245.15943,CR8IVl1ImdbBipRrHj,192.168.1.4,60596.0,192.168.1.1,53.0,udp,0.002372026443481,62.0,62.0,SF,1.0,1.0,0.0,Dd,1.0,90.0,1.0,90.0,DNS
1720727954.688949,Cj4nYCdFJuAC94Z73,192.168.1.6,56444.0,192.168.1.4,21.0,tcp,10.572508811950684,117.0,188.0,SF,1.0,1.0,0.0,ShAdDafrF,18.0,1061.0,17.0,1056.0,FTP
1720728963.979417,CQwKgVHBWCOpUExeg,192.168.1.6,43088.0,192.168.1.4,21.0,tcp,9.46624994277954,142.0,188.0,SF,1.0,1.0,0.0,ShAdDafrF,18.0,1086.0,17.0,1056.0,FTP
1720728124.988853,CJclxn2LJmekYWCDYg,192.168.1.4,46788.0,172.64.154.159,443.0,tcp,9.46624994277954,142.0,188.0,SF,1.0,1.0,0.0,ShAdDafrF,18.0,1086.0,17.0,1056.0,HTTPS
1720729432.098379,CiMXtD3b2zIImEgj7e,192.168.1.4,44470.0,192.168.1.1,53.0,udp,0.295351028442382,43.0,234.0,SF,1.0,1.0,0.0,Dd,1.0,71.0,1.0,262.0,DNS
1720728275.610166,C7WBkc3ZNf1zzeZA7k,192.168.1.4,53478.0,40.126.24.146,443.0,udp,0.295351028442382,43.0,234.0,SF,1.0,1.0,0.0,Dd,1.0,71.0,1.0,262.0,HTTPS
1720730080.845201,CxG2z33CT3UNsGLVV7,192.168.1.6,40222.0,192.168.1.4,21.0,tcp,9.499058961868286,124.0,188.0,SF,1.0,1.0,0.0,ShAdDafrF,18.0,1068.0,17.0,1056.0,FTP
1720727910.961078,Cvt5rS2q4X0dE7ymil,192.168.1.4,60580.0,192.168.1.1,53.0,udp,9.499058961868286,124.0,188.0,SF,1.0,1.0,0.0,ShAdDafrF,18.0,1068.0,17.0,1056.0,DNS
1720728305.150866,CCIMcw4BXceEgfoY9h,192.168.1.4,53475.0,146.75.36.84,443.0,udp,9.499058961868286,124.0,188.0,SF,1.0,1.0,0.0,IIiishhhHHhH,18.0,1068.0,17.0,1056.0,HTTPS
1720728534.013664,CVEKW34qjDDZip4xp4,192.168.1.6,36550.0,192.168.1.4,21.0,tcp,9.983575105667114,117.0,188.0,SF,1.0,1.0,0.0,ShAdDafrF,18.0,1061.0,17.0,1056.0,FTP
1720729810.765618,CQFWhq2kiWsb75OR3c,192.168.1.6,40498.0,192.168.1.4,21.0,tcp,10.274353981018066,134.0,188.0,SF,1.0,1.0,0.0,ShAdDafrF,18.0,1078.0,17.0,1056.0,FTP
1720730064.401969,CkyVoU16XZMDBk18k4,192.168.1.6,51206.0,192.168.1.4,21.0,tcp,9.773316144943236,135.0,188.0,SF,1.0,1.0,0.0,ShAdDafrF,18.0,1079.0,17.0,1056.0,FTP
1720728027.244063,CMek644Hl5NILVa849,192.168.1.6,43132.0,192.168.1.4,21.0,tcp,10.357398986816406,118.0,188.0,SF,1.0,1.0,0.0,ShAdDafrF,18.0,1062.0,17.0,1056.0,FTP
1720728807.845974,CggH5vBXRwDufKOtk,192.168.1.6,37390.0,192.168.1.4,21.0,tcp,10.541768074035645,126.0,188.0,SF,1.0,1.0,0.0,ShAdDafFr,18.0,1070.0,17.0,1056.0,FTP
1720728155.063438,CzcNhxQS7pnOARxu2,192.168.1.4,50638.0,192.168.1.1,53.0,udp,0.00297212600708,45.0,374.0,SF,1.0,1.0,0.0,Dd,1.0,73.0,1.0,402.0,DNS
1720727835.106578,CePhjLfSbMYTl5fA3,192.168.1.6,42346.0,192.168.1.4,21.0,tcp,9.958966970443726,116.0,188.0,SF,1.0,1.0,0.0,ShAdDafFr,18.0,1060.0,17.0,1056.0,FTP
1720728096.083132,CAazK62VHDGD1Lg2ha,192.168.1.4,55072.0,192.168.1.1,53.0,udp,9.958966970443726,116.0,188.0,SF,1.0,1.0,0.0,ShAdDafFr,18.0,1060.0,17.0,1056.0,DNS
1720727734.975473,CgJzGr3A8cUAqkjhk5,192.168.1.4,54038.0,18.238.4.12,443.0,tcp,240.0991370677948,2615.0,7176.0,SF,1.0,0.0,0.0,ShADadfF,22.0,3767.0,23.0,8380.0,HTTPS
1720727775.308356,C3wquy2IJyQAr7hxm5,192.168.1.6,35242.0,192.168.1.4,21.0,tcp,9.889397859573364,118.0,188.0,SF,1.0,1.0,0.0,ShAdDafFr,18.0,1062.0,17.0,1056.0,FTP
1720729775.781056,CrANxGylx3xYIUet3,192.168.1.6,46732.0,192.168.1.4,21.0,tcp,9.877356052398682,124.0,188.0,SF,1.0,1.0,0.0,ShAdDafrF,18.0,1068.0,17.0,1056.0,FTP
1720728391.713967,Ca6LX42mAZ5zTX0MSi,192.168.1.6,56618.0,192.168.1.4,21.0,tcp,10.545789957046509,118.0,188.0,SF,1.0,1.0,0.0,ShAdDafrF,18.0,1062.0,17.0,1056.0,FTP
1720727971.013104,Cl8TlJ9CLt5j3AwWi,192.168.1.4,51592.0,192.168.1.1,53.0,udp,0.00197696685791,41.0,252.0,SF,1.0,1.0,0.0,Dd,1.0,69.0,1.0,280.0,DNS
1720731056.881582,CEySo33XMVZ5iDy3Bl,192.168.1.6,56162.0,192.168.1.4,21.0,tcp,9.80378794670105,131.0,188.0,SF,1.0,1.0,0.0,ShAdDafrF,18.0,1075.0,17.0,1056.0,FTP
1720728927.542928,C50Pjg2jMV2EejllH9,192.168.1.6,56370.0,192.168.1.4,21.0,tcp,10.031760931015016,146.0,188.0,SF,1.0,1.0,0.0,ShAdDafrF,18.0,1090.0,17.0,1056.0,FTP
1720727915.188288,CUCl3g3A2L49zYNsO3,192.168.1.4,45643.0,192.168.1.1,53.0,udp,10.031760931015016,146.0,188.0,SF,1.0,1.0,0.0,ShAdDafrF,18.0,1090.0,17.0,1056.0,DNS
1720729357.760063,CYkD1N1ib5ZH71SNz5,192.168.1.6,48554.0,192.168.1.4,21.0,tcp,10.53742504119873,125.0,188.0,SF,1.0,1.0,0.0,ShAdDafrF,18.0,1069.0,17.0,1056.0,FTP
1720728353.765538,CVdHU68MDpbDFZAog,192.168.1.6,35974.0,192.168.1.4,21.0,tcp,10.245858907699583,118.0,188.0,SF,1.0,1.0,0.0,ShAdDafrF,18.0,1062.0,17.0,1056.0,FTP
1720728219.958157,Ccv8Rf1UO3NqBkBSBa,192.168.1.4,52148.0,13.107.21.237,443.0,tcp,85.18020987510681,2424.0,7853.0,RSTR,1.0,0.0,0.0,ShADadFr,10.0,2844.0,14.0,8425.0,HTTPS
1720727825.298572,CuSdNt3wo5f2jNT981,192.168.1.4,45524.0,142.250.176.206,443.0,tcp,85.18020987510681,2424.0,7853.0,RSTR,1.0,0.0,0.0,ShADadFr,10.0,2844.0,14.0,8425.0,HTTPS
1720729444.065137,C55MDZWILPzOrkvzf,192.168.1.6,55550.0,192.168.1.4,21.0,tcp,10.13477611541748,128.0,188.0,SF,1.0,1.0,0.0,ShAdDafFr,18.0,1072.0,17.0,1056.0,FTP
1720728031.175348,CRu9M11lAOdSqM9jF7,192.168.1.6,43186.0,192.168.1.4,21.0,tcp,10.970399856567385,117.0,188.0,SF,1.0,1.0,0.0,ShAdDafFr,18.0,1061.0,17.0,1056.0,FTP
1720728305.987661,CVFbGk4Cy82IVQN0z5,192.168.1.4,40712.0,192.168.1.1,53.0,udp,0.008077144622802,51.0,111.0,SF,1.0,1.0,0.0,Dd,1.0,79.0,1.0,139.0,DNS
1720728350.538067,CAUaAqowDKACdVPKg,192.168.1.6,46284.0,192.168.1.4,21.0,tcp,10.202873945236206,118.0,188.0,SF,1.0,1.0,0.0,ShAdDafrF,18.0,1062.0,17.0,1056.0,FTP
1720727914.50204,COOqvL3rzRCnAqXAs,192.168.1.4,38191.0,192.168.1.1,53.0,udp,10.202873945236206,118.0,188.0,SF,1.0,1.0,0.0,ShAdDafrF,18.0,1062.0,17.0,1056.0,DNS
1720729071.677685,Cyyegs3onohPLYyNbe,192.168.1.6,37054.0,192.168.1.4,21.0,tcp,9.8053719997406,121.0,188.0,SF,1.0,1.0,0.0,ShAdDafFr,18.0,1065.0,17.0,1056.0,FTP
1720728245.070815,CjX90n2DsiPM0PjoHi,192.168.1.4,51999.0,192.168.1.1,53.0,udp,0.02130103111267,46.0,130.0,SF,1.0,1.0,0.0,Dd,1.0,74.0,1.0,158.0,DNS
1720728003.972831,CwWcBk0VaL3Q4YOF4,192.168.1.4,45454.0,104.16.148.244,443.0,udp,0.02130103111267,46.0,130.0,SF,1.0,1.0,0.0,Dd,1.0,74.0,1.0,158.0,HTTPS
1720729014.038148,CataO23uw1uyhPMmtk,192.168.1.6,55640.0,192.168.1.4,21.0,tcp,9.722290992736816,113.0,188.0,SF,1.0,1.0,0.0,ShAdDafrF,18.0,1057.0,17.0,1056.0,FTP
1720727793.95302,CeGkOi17QpIIJtA4Gg,192.168.1.4,57888.0,44.207.14.248,443.0,tcp,9.722290992736816,113.0,188.0,SF,1.0,1.0,0.0,ShAdDafrF,18.0,1057.0,17.0,1056.0,HTTPS
1720729080.488084,CavhNY1WbOT3eHcenh,192.168.1.6,49062.0,192.168.1.4,21.0,tcp,11.18485689163208,112.0,188.0,SF,1.0,1.0,0.0,ShAdDafrF,18.0,1056.0,17.0,1056.0,FTP
1720727786.626087,C0bMaf2fFsHMaoLtUb,192.168.1.4,37261.0,35.190.80.1,443.0,tcp,11.18485689163208,112.0,188.0,SF,1.0,1.0,0.0,IIiishhHH,18.0,1056.0,17.0,1056.0,HTTPS
1720731340.179248,CnHFKp4lYMoFoiHUHf,192.168.1.6,38428.0,192.168.1.4,21.0,tcp,9.671194791793823,159.0,188.0,SF,1.0,1.0,0.0,ShAdDafFr,18.0,1103.0,17.0,1056.0,FTP
1720731670.17324,Coxvqf1wuBRbtCeth5,192.168.1.6,43432.0,192.168.1.4,21.0,tcp,9.590975046157835,160.0,188.0,SF,1.0,1.0,0.0,ShAdDafFr,18.0,1104.0,17.0,1056.0,FTP
1720728125.056527,C97tyk2uAgHj4LmmVg,192.168.1.4,54251.0,192.168.1.1,53.0,udp,9.590975046157835,160.0,188.0,SF,1.0,1.0,0.0,ShAdDafFr,18.0,1104.0,17.0,1056.0,DNS
1720728035.150636,CRT1pO3CngB3w3yCWb,192.168.1.4,50036.0,23.212.249.80,443.0,tcp,120.68650698661804,6425.0,150823.0,SF,1.0,0.0,0.0,ShADadfF,69.0,10021.0,103.0,156187.0,HTTPS
1720727915.38855,CDka613UH6NaNeiGC3,192.168.1.4,53685.0,216.239.34.178,443.0,udp,0.164268970489501,5376.0,9088.0,SF,1.0,0.0,0.0,Dd,10.0,5656.0,13.0,9452.0,HTTPS
1720730908.065134,C4uWQK3A0wGP56Zihf,192.168.1.6,40154.0,192.168.1.4,21.0,tcp,10.099076986312866,128.0,188.0,SF,1.0,1.0,0.0,ShAdDafrF,18.0,1072.0,17.0,1056.0,FTP
1720727825.271859,CwkXdI35vNsvBa6fUk,192.168.1.4,44271.0,142.250.72.106,443.0,tcp,10.099076986312866,128.0,188.0,SF,1.0,1.0,0.0,IIiiiIhhhHHhH,18.0,1072.0,17.0,1056.0,HTTPS
1720730953.860901,C7zZwc3VfGaEhVUlMd,192.168.1.6,51426.0,192.168.1.4,21.0,tcp,10.181058883666992,137.0,188.0,SF,1.0,1.0,0.0,ShAdDafrF,18.0,1081.0,17.0,1056.0,FTP
1720728034.653929,CHpBxm1JpLODZyoLPj,192.168.1.4,37354.0,192.168.1.1,53.0,udp,0.002849102020263,44.0,185.0,SF,1.0,1.0,0.0,Dd,1.0,72.0,1.0,213.0,DNS
1720728091.120979,CA6xn8CJjJ9Hnp4e4,192.168.1.4,48830.0,192.168.1.1,53.0,udp,0.002043962478637,41.0,209.0,SF,1.0,1.0,0.0,Dd,1.0,69.0,1.0,237.0,DNS
1720727915.286171,CSbINy4mjkFx4UmWP2,192.168.1.4,35330.0,216.239.34.178,443.0,udp,0.002043962478637,41.0,209.0,SF,1.0,1.0,0.0,Dd,1.0,69.0,1.0,237.0,HTTPS
1720729429.695891,CbsZbg3LbtouDFCIjg,192.168.1.6,47280.0,192.168.1.4,21.0,tcp,9.724768161773682,126.0,188.0,SF,1.0,1.0,0.0,ShAdDafrF,18.0,1070.0,17.0,1056.0,FTP
1720729764.35974,CGbDKU2eOc1Z6U96v1,192.168.1.6,59032.0,192.168.1.4,21.0,tcp,9.94720697402954,115.0,188.0,SF,1.0,1.0,0.0,ShAdDafFr,18.0,1059.0,17.0,1056.0,FTP
1720728957.245101,Cn4niz3xqcopHHmW7,192.168.1.6,60932.0,192.168.1.4,21.0,tcp,9.704519987106323,117.0,188.0,SF,1.0,1.0,0.0,ShAdDafrF,18.0,1061.0,17.0,1056.0,FTP
1720727809.131336,Cw0i8tFwq7GIgduh4,144.80.110.68,49997.0,192.168.1.4,22.0,tcp,9.704519987106323,117.0,188.0,SF,1.0,1.0,0.0,ShAdDafrF,18.0,1061.0,17.0,1056.0,SSH
1720728186.74425,CkdY9h439MdiCt1hih,192.168.1.4,33356.0,192.168.1.1,53.0,udp,9.704519987106323,117.0,188.0,SF,1.0,1.0,0.0,ShAdDafrF,18.0,1061.0,17.0,1056.0,DNS
1720727815.482987,CQDQJA2bPGmSqiCbU5,192.168.1.6,44850.0,192.168.1.4,21.0,tcp,9.86198616027832,118.0,188.0,SF,1.0,1.0,0.0,ShAdDafrF,18.0,1062.0,17.0,1056.0,FTP
1720728186.199602,CYDCZS2GqfdpT7p0tg,192.168.1.4,60932.0,192.168.1.1,53.0,udp,9.86198616027832,118.0,188.0,SF,1.0,1.0,0.0,ShAdDafrF,18.0,1062.0,17.0,1056.0,DNS
1720730579.986778,C3H7ap2HvkdoI02uOh,192.168.1.6,39556.0,192.168.1.4,21.0,tcp,10.821994066238403,126.0,188.0,SF,1.0,1.0,0.0,ShAdDafrF,18.0,1070.0,17.0,1056.0,FTP
1720728186.430428,CcQUM92Nw2o89VLMTi,192.168.1.4,38133.0,192.168.1.1,53.0,udp,10.821994066238403,126.0,188.0,SF,1.0,1.0,0.0,ShAdDafrF,18.0,1070.0,17.0,1056.0,DNS
1720727845.198714,CppQV8DNorKmxS6L4,192.168.1.6,39366.0,192.168.1.4,21.0,tcp,9.757494926452637,117.0,188.0,SF,1.0,1.0,0.0,ShAdDafrF,18.0,1061.0,17.0,1056.0,FTP
1720729699.046335,CIFIyq1LSrwCiwrfMh,192.168.1.6,36674.0,192.168.1.4,21.0,tcp,9.509526014328005,154.0,188.0,SF,1.0,1.0,0.0,ShAdDafFr,18.0,1098.0,17.0,1056.0,FTP
1720728094.527769,Cnw6yh3bUUqTCh6bZe,192.168.1.4,47110.0,192.168.1.1,53.0,udp,0.035571813583374,46.0,332.0,SF,1.0,1.0,0.0,Dd,1.0,74.0,1.0,360.0,DNS
1720730011.873312,CWI2Yz273C6VdsthR5,192.168.1.6,41276.0,192.168.1.4,21.0,tcp,9.410916090011597,135.0,188.0,SF,1.0,1.0,0.0,ShAdDafrF,18.0,1079.0,17.0,1056.0,FTP
1720730799.100992,Cw8A021JWM10Ph00v,192.168.1.6,47882.0,192.168.1.4,21.0,tcp,9.20735001564026,125.0,188.0,SF,1.0,1.0,0.0,ShAdDafFr,18.0,1069.0,17.0,1056.0,FTP
1720727790.856063,Cdix3b0VU0RxuZELb,192.168.1.4,49161.0,192.168.1.1,53.0,udp,9.20735001564026,125.0,188.0,SF,1.0,1.0,0.0,ShAdDafFr,18.0,1069.0,17.0,1056.0,DNS
1720728096.566939,Cn7RtC2WtJh6odUzwc,192.168.1.4,46996.0,64.233.180.156,443.0,udp,9.20735001564026,125.0,188.0,SF,1.0,1.0,0.0,ShAdDafFr,18.0,1069.0,17.0,1056.0,HTTPS
1720727853.894724,Cjp6jm3vQBq4Aju8W3,192.168.1.4,44790.0,146.75.30.208,443.0,udp,0.0,125.0,188.0,SF,0.0,1.0,0.0,ShAdDafFr,18.0,1069.0,17.0,1056.0,HTTPS
1720729107.005793,Cixnh82VrpdTiLI2q7,192.168.1.6,46640.0,192.168.1.4,21.0,tcp,9.69866394996643,116.0,188.0,SF,1.0,1.0,0.0,ShAdDafrF,18.0,1060.0,17.0,1056.0,FTP
1720731930.720274,CHZoNWczUmtMeIuvd,192.168.1.6,37674.0,192.168.1.4,21.0,tcp,9.127893924713137,180.0,188.0,SF,1.0,1.0,0.0,ShAdDafrF,18.0,1124.0,17.0,1056.0,FTP
1720729432.098379,CiMXtD3b2zIImEgj7e,192.168.1.4,44470.0,192.168.1.1,53.0,udp,9.127893924713137,180.0,188.0,SF,1.0,1.0,0.0,ShAdDafrF,18.0,1124.0,17.0,1056.0,DNS
1720730453.395413,CWbuE13PlTbCh0O06k,192.168.1.6,42122.0,192.168.1.4,21.0,tcp,9.984876155853271,141.0,188.0,SF,1.0,1.0,0.0,ShAdDafrF,18.0,1085.0,17.0,1056.0,FTP
1720728096.703735,C0WLxE26Nu9gdIUBRk,192.168.1.4,51196.0,140.86.220.209,443.0,tcp,9.984876155853271,141.0,188.0,SF,1.0,1.0,0.0,ShAdDafrF,18.0,1085.0,17.0,1056.0,HTTPS
1720727733.393159,ClToBg2xUf1fTF0sdb,192.168.1.4,38520.0,13.224.214.13,443.0,tcp,240.0926780700684,2626.0,199936.0,SF,1.0,0.0,0.0,ShADadFf,74.0,6482.0,106.0,205456.0,HTTPS
1720727902.420018,CzpDna3sUZC527nNdc,192.168.1.6,46162.0,192.168.1.4,21.0,tcp,10.027661085128784,118.0,188.0,SF,1.0,1.0,0.0,ShAdDafrF,18.0,1062.0,17.0,1056.0,FTP
1720731013.655783,ChnGg44vrB0FZahfO4,192.168.1.6,35494.0,192.168.1.4,21.0,tcp,11.36771297454834,123.0,188.0,SF,1.0,1.0,0.0,ShAdDafrF,18.0,1067.0,17.0,1056.0,FTP
1720727916.426818,CKL9OpSqy1xc7uUwh,192.168.1.4,46846.0,142.250.65.161,443.0,tcp,11.36771297454834,123.0,188.0,SF,1.0,1.0,0.0,ShAdDafrF,18.0,1067.0,17.0,1056.0,HTTPS
1720728206.185897,Ct4SILcKafjnmyF9l,192.168.1.6,43784.0,192.168.1.4,21.0,tcp,9.305929899215698,116.0,188.0,SF,1.0,1.0,0.0,ShAdDafrF,18.0,1060.0,17.0,1056.0,FTP
1720730628.382442,CNqEKSwMFQt7Pf5Q1,192.168.1.6,45106.0,192.168.1.4,21.0,tcp,10.729615926742554,133.0,188.0,SF,1.0,1.0,0.0,ShAdDafrF,18.0,1077.0,17.0,1056.0,FTP
1720731221.310108,CsjddC3eSXimKNZyig,192.168.1.6,51990.0,192.168.1.4,21.0,tcp,10.147566080093384,112.0,188.0,SF,1.0,1.0,0.0,ShAdDafrF,18.0,1056.0,17.0,1056.0,FTP
1720727801.779175,CeCBuw1xFnwGKvNvt7,192.168.1.6,57588.0,192.168.1.4,21.0,tcp,10.237627029418944,118.0,188.0,SF,1.0,1.0,0.0,ShAdDafrF,18.0,1062.0,17.0,1056.0,FTP
1720729719.689673,Cg9Cy13aUYcb9voryh,192.168.1.6,56560.0,192.168.1.4,21.0,tcp,9.83484411239624,132.0,188.0,SF,1.0,1.0,0.0,ShAdDafrF,18.0,1076.0,17.0,1056.0,FTP
1720731863.105202,CWvt1lyPQgMkFIvd4,192.168.1.6,57988.0,192.168.1.4,21.0,tcp,9.396487951278688,108.0,188.0,SF,1.0,1.0,0.0,ShAdDafrF,18.0,1052.0,17.0,1056.0,FTP
1720731097.702736,C8hu9h1B2756zXzHRf,192.168.1.6,43358.0,192.168.1.4,21.0,tcp,10.15543508529663,122.0,188.0,SF,1.0,1.0,0.0,ShAdDafrF,18.0,1066.0,17.0,1056.0,FTP
1720731838.50529,Cstf021CnXpQV5iG6d,192.168.1.6,51778.0,192.168.1.4,21.0,tcp,10.398151874542236,129.0,188.0,SF,1.0,1.0,0.0,ShAdDafrF,18.0,1073.0,17.0,1056.0,FTP
1720730961.35802,Clcw6C2OKRDX2ynBkk,192.168.1.6,51526.0,192.168.1.4,21.0,tcp,10.061342000961304,136.0,188.0,SF,1.0,1.0,0.0,ShAdDafrF,18.0,1080.0,17.0,1056.0,FTP
1720727854.264494,CQdmWv3JmOn2Dj4Ad,192.168.1.4,59428.0,192.168.1.1,53.0,udp,0.003566980361938,58.0,143.0,SF,1.0,1.0,0.0,Dd,1.0,86.0,1.0,171.0,DNS
1720730414.87839,CyJsPR36JKMLUTX3wf,192.168.1.6,49600.0,192.168.1.4,21.0,tcp,9.386998891830444,138.0,188.0,SF,1.0,1.0,0.0,ShAdDafrF,18.0,1082.0,17.0,1056.0,FTP
1720730670.346665,COgUI2o9bUBv5sOQi,192.168.1.6,45680.0,192.168.1.4,21.0,tcp,9.734305143356323,131.0,188.0,SF,1.0,1.0,0.0,ShAdDafrF,18.0,1075.0,17.0,1056.0,FTP
1720731056.850779,C59apn2EmGB0SpPVng,192.168.1.6,56130.0,192.168.1.4,21.0,tcp,9.812527894973757,129.0,188.0,SF,1.0,1.0,0.0,ShAdDafrF,18.0,1073.0,17.0,1056.0,FTP
1720728802.749445,CYJlLG2SGpQAD0VjHh,192.168.1.6,45232.0,192.168.1.4,21.0,tcp,10.15296196937561,127.0,188.0,SF,1.0,1.0,0.0,ShAdDafrF,18.0,1071.0,17.0,1056.0,FTP
1720728186.430582,Ca07IW3FGgM0YwJyB8,192.168.1.4,58256.0,192.168.1.1,53.0,udp,0.016784906387329,52.0,112.0,SF,1.0,1.0,0.0,Dd,1.0,80.0,1.0,140.0,DNS
1720730058.300244,Cjd6bV1XhiZrjuu8w4,192.168.1.6,54798.0,192.168.1.4,21.0,tcp,10.655887842178345,123.0,188.0,SF,1.0,1.0,0.0,ShAdDafrF,18.0,1067.0,17.0,1056.0,FTP
1720727914.199167,CeEJCR1pq4Uf4JFEJc,192.168.1.4,54893.0,192.168.1.1,53.0,udp,10.655887842178345,123.0,188.0,SF,1.0,1.0,0.0,ShAdDafrF,18.0,1067.0,17.0,1056.0,DNS
1720727822.188976,CltALE1hfUpL5ecfad,192.168.1.6,44998.0,192.168.1.4,21.0,tcp,9.142256021499634,118.0,188.0,SF,1.0,1.0,0.0,ShAdDafrF,18.0,1062.0,17.0,1056.0,FTP
1720731298.169161,C1AtkM3JlnuS3dMuEi,192.168.1.6,44920.0,192.168.1.4,21.0,tcp,10.173463821411133,182.0,188.0,SF,1.0,1.0,0.0,ShAdDafrF,18.0,1126.0,17.0,1056.0,FTP
1720728363.293785,CDtH9e1m6PHzt8djs1,192.168.1.6,46674.0,192.168.1.4,21.0,tcp,10.394368886947632,118.0,188.0,SF,1.0,1.0,0.0,ShAdDafrF,18.0,1062.0,17.0,1056.0,FTP
1720730982.032216,CqWbGElds0ojWJSob,192.168.1.6,36230.0,192.168.1.4,21.0,tcp,10.256716012954712,128.0,188.0,SF,1.0,1.0,0.0,ShAdDafrF,18.0,1072.0,17.0,1056.0,FTP
1720728621.562675,CpPgM44GE8g6DZ3lde,192.168.1.6,37382.0,192.168.1.4,21.0,tcp,9.935237884521484,114.0,188.0,SF,1.0,1.0,0.0,ShAdDafrF,18.0,1058.0,17.0,1056.0,FTP
1720728017.308838,CsblIZ2aYqgrYEMIzj,192.168.1.4,41928.0,192.168.1.1,53.0,udp,0.01499605178833,41.0,410.0,SF,1.0,1.0,0.0,Dd,1.0,69.0,1.0,438.0,DNS
1720728911.765328,CqFj0aFSNv0zd5NNb,192.168.1.6,43542.0,192.168.1.4,21.0,tcp,9.727175951004028,175.0,188.0,SF,1.0,1.0,0.0,ShAdDafrF,18.0,1119.0,17.0,1056.0,FTP
1720728155.589801,CwUWRjCp9nTJ5qFqb,192.168.1.4,46330.0,23.205.106.146,443.0,tcp,9.727175951004028,175.0,188.0,SF,1.0,1.0,0.0,ShAdDafrF,18.0,1119.0,17.0,1056.0,HTTPS
1720728185.119581,CXuUFp4fS70ZdJeAL4,192.168.1.4,46541.0,192.168.1.1,53.0,udp,0.069301128387451,58.0,205.0,SF,1.0,1.0,0.0,Dd,1.0,86.0,1.0,233.0,DNS
1720727835.179302,Cu3Mf02AGcvRiCY7n9,192.168.1.6,42410.0,192.168.1.4,21.0,tcp,9.95108699798584,118.0,188.0,SF,1.0,1.0,0.0,ShAdDafrF,18.0,1062.0,17.0,1056.0,FTP
1720727914.28179,Cgg7wEEVZdaeTG2Ya,192.168.1.4,60161.0,192.168.1.1,53.0,udp,9.95108699798584,118.0,188.0,SF,1.0,1.0,0.0,ShAdDafrF,18.0,1062.0,17.0,1056.0,DNS
1720730992.244419,CglWiowIks7do979b,192.168.1.6,55710.0,192.168.1.4,21.0,tcp,10.643876791000366,125.0,188.0,SF,1.0,1.0,0.0,ShAdDafFr,18.0,1069.0,17.0,1056.0,FTP
1720728154.577373,CWCZRq4nCq8YchEW25,192.168.1.4,58530.0,192.168.1.1,53.0,udp,0.014230012893676,42.0,395.0,SF,1.0,1.0,0.0,Dd,1.0,70.0,1.0,423.0,DNS
1720728177.341397,CVmuU62Mg8J0TByx1d,192.168.1.6,37098.0,192.168.1.4,21.0,tcp,9.80552101135254,117.0,188.0,SF,1.0,1.0,0.0,ShAdDafrF,18.0,1061.0,17.0,1056.0,FTP
1720731381.905356,CkPGOi2DfkSE9a9Au4,192.168.1.6,46344.0,192.168.1.4,21.0,tcp,9.316063165664673,167.0,188.0,SF,1.0,1.0,0.0,ShAdDafFr,18.0,1111.0,17.0,1056.0,FTP
1720728065.051001,CP4mrU2vhNcMN4gKZ6,192.168.1.4,45546.0,142.250.65.163,443.0,tcp,9.316063165664673,167.0,188.0,SF,1.0,1.0,0.0,ShAdDafFr,18.0,1111.0,17.0,1056.0,HTTPS
1720727914.221642,Cd4rld1Oidj73tk2Mg,192.168.1.4,51712.0,13.224.214.32,443.0,tcp,9.316063165664673,167.0,188.0,SF,1.0,1.0,0.0,ShAdDafFr,18.0,1111.0,17.0,1056.0,HTTPS
1720728446.494008,CJ8QTE11aLnw77pWd7,192.168.1.6,37916.0,192.168.1.4,21.0,tcp,10.067832946777344,118.0,188.0,SF,1.0,1.0,0.0,ShAdDafrF,18.0,1062.0,17.0,1056.0,FTP
1720731025.013166,Czn3Yh12TlbxvIphA,192.168.1.6,43474.0,192.168.1.4,21.0,tcp,10.736935138702393,129.0,188.0,SF,1.0,1.0,0.0,ShAdDafrF,18.0,1073.0,17.0,1056.0,FTP
1720730074.17541,CsQG1B3wl1ACOTa58,192.168.1.6,40118.0,192.168.1.4,21.0,tcp,10.086103916168211,125.0,188.0,SF,1.0,1.0,0.0,ShAdDafrF,18.0,1069.0,17.0,1056.0,FTP
1720727853.486176,C4SF5c4MFcpofbilNa,192.168.1.4,34382.0,192.96.159.127,443.0,tcp,10.086103916168211,125.0,188.0,SF,1.0,1.0,0.0,ShAdDafrF,18.0,1069.0,17.0,1056.0,HTTPS
1720728125.393305,CgBwfo2xsp8CI7AGrb,192.168.1.4,46070.0,142.250.65.202,443.0,tcp,10.086103916168211,125.0,188.0,SF,1.0,1.0,0.0,ShAdDafrF,18.0,1069.0,17.0,1056.0,HTTPS
1720728155.072023,CxwIol2GQ1KuKNg2K,192.168.1.4,50364.0,152.199.0.214,443.0,tcp,0.053001165390014,2404.0,4815.0,SF,1.0,0.0,0.0,ShADadFRfR,12.0,2988.0,10.0,5343.0,HTTPS
1720727916.016148,CTgw3np8owW3Loos8,192.168.1.6,39918.0,192.168.1.4,21.0,tcp,11.112221002578735,118.0,188.0,SF,1.0,1.0,0.0,ShAdDafFr,18.0,1062.0,17.0,1056.0,FTP
1720728415.05851,CyF60X2o7gzOe3z8u7,192.168.1.6,47050.0,192.168.1.4,21.0,tcp,10.827107906341553,118.0,188.0,SF,1.0,1.0,0.0,ShAdDafFr,18.0,1062.0,17.0,1056.0,FTP
1720728614.830663,CRQcNcUMblwnHKT2i,192.168.1.6,37296.0,192.168.1.4,21.0,tcp,9.464837074279783,116.0,188.0,SF,1.0,1.0,0.0,ShAdDafrF,18.0,1060.0,17.0,1056.0,FTP
1720727914.08212,CvkHTf3TuiOb2IIy2d,192.168.1.4,39768.0,13.224.214.94,443.0,tcp,9.464837074279783,116.0,188.0,SF,1.0,1.0,0.0,ShAdDafrF,18.0,1060.0,17.0,1056.0,HTTPS
1720728186.446329,Cdskbd2QQgCcJeqMx,192.168.1.4,35810.0,192.168.1.1,53.0,udp,9.464837074279783,116.0,188.0,SF,1.0,1.0,0.0,ShAdDafrF,18.0,1060.0,17.0,1056.0,DNS
1720730021.844281,CyCQyd4lWc9rg6IpB7,192.168.1.6,51636.0,192.168.1.4,21.0,tcp,10.687015056610107,129.0,188.0,SF,1.0,1.0,0.0,ShAdDafFr,18.0,1073.0,17.0,1056.0,FTP
1720731493.78581,C8ENRJ3AL90rBibzMl,192.168.1.6,37890.0,192.168.1.4,21.0,tcp,10.37653112411499,159.0,188.0,SF,1.0,1.0,0.0,ShAdDafrF,18.0,1103.0,17.0,1056.0,FTP
1720728245.194247,CTLGQa2XopzprEckb3,192.168.1.4,44450.0,13.79.186.4,443.0,tcp,10.37653112411499,159.0,188.0,SF,1.0,1.0,0.0,ShAdDafrF,18.0,1103.0,17.0,1056.0,HTTPS
1720729861.332419,CMZLLA1OiBtpTdfnzb,192.168.1.6,47940.0,192.168.1.4,21.0,tcp,10.052955150604248,125.0,188.0,SF,1.0,1.0,0.0,ShAdDafFr,18.0,1069.0,17.0,1056.0,FTP
1720731513.748205,CT7IQMW8opAK2dS3,192.168.1.6,47154.0,192.168.1.4,21.0,tcp,10.33213710784912,169.0,188.0,SF,1.0,1.0,0.0,ShAdDafrF,18.0,1113.0,17.0,1056.0,FTP
1720730688.451123,ChPDFF4qIHeWRetnfc,192.168.1.6,33154.0,192.168.1.4,21.0,tcp,10.436094045639038,133.0,188.0,SF,1.0,1.0,0.0,ShAdDafFr,18.0,1077.0,17.0,1056.0,FTP
1720728185.232391,CflaKoujyDmKoFLWe,192.168.1.4,54570.0,104.106.176.237,443.0,tcp,10.436094045639038,133.0,188.0,SF,1.0,1.0,0.0,ShAdDafFr,18.0,1077.0,17.0,1056.0,HTTPS
1720731583.368398,CRG0Fu3IjQYumzJqW7,192.168.1.6,47618.0,192.168.1.4,21.0,tcp,9.42759394645691,162.0,188.0,SF,1.0,1.0,0.0,ShAdDafFr,18.0,1106.0,17.0,1056.0,FTP
1720731266.405417,CaS57CqQ8GWCoML44,192.168.1.6,60974.0,192.168.1.4,21.0,tcp,9.868040084838867,163.0,188.0,SF,1.0,1.0,0.0,ShAdDafrF,18.0,1107.0,17.0,1056.0,FTP
1720730857.236836,C1ayLh4AjqFFuOtLpa,192.168.1.6,41964.0,192.168.1.4,21.0,tcp,10.580913066864014,143.0,188.0,SF,1.0,1.0,0.0,ShAdDafFr,18.0,1087.0,17.0,1056.0,FTP
1720728167.695163,C9SmHP1UsusdwG8w86,192.168.1.6,46996.0,192.168.1.4,21.0,tcp,9.6564040184021,118.0,188.0,SF,1.0,1.0,0.0,ShAdDafrF,18.0,1062.0,17.0,1056.0,FTP
1720728973.217713,CsGqTa33e12gPhJNJa,192.168.1.6,57578.0,192.168.1.4,21.0,tcp,9.97257399559021,132.0,188.0,SF,1.0,1.0,0.0,ShAdDafrF,18.0,1076.0,17.0,1056.0,FTP
1720727793.830876,CSZVhx3948k53EbT3,192.168.1.4,55452.0,192.168.1.1,53.0,udp,9.97257399559021,132.0,188.0,SF,1.0,1.0,0.0,ShAdDafrF,18.0,1076.0,17.0,1056.0,DNS
1720730128.6603,CfLseJ2xlPxaI5oMK7,192.168.1.6,52716.0,192.168.1.4,21.0,tcp,10.13538908958435,123.0,188.0,SF,1.0,1.0,0.0,ShAdDafrF,18.0,1067.0,17.0,1056.0,FTP
1720727851.462962,CoNEvf3YfGhSF3Otte,192.168.1.6,39382.0,192.168.1.4,21.0,tcp,10.484271049499512,117.0,188.0,SF,1.0,1.0,0.0,ShAdDafFr,18.0,1061.0,17.0,1056.0,FTP
1720731452.472824,C8yr323LbfKpvWsjZe,192.168.1.6,58956.0,192.168.1.4,21.0,tcp,10.74682879447937,147.0,188.0,SF,1.0,1.0,0.0,ShAdDafrF,18.0,1091.0,17.0,1056.0,FTP
1720731390.255411,CaohL73Ia323hiic2,192.168.1.6,40430.0,192.168.1.4,21.0,tcp,10.225790977478027,168.0,188.0,SF,1.0,1.0,0.0,ShAdDafrF,18.0,1112.0,17.0,1056.0,FTP
1720731622.633444,CbjZm4puCogmtF47f,192.168.1.6,45218.0,192.168.1.4,21.0,tcp,9.897280931472778,173.0,188.0,SF,1.0,1.0,0.0,ShAdDafrF,18.0,1117.0,17.0,1056.0,FTP
1720729074.687688,CJzYwtr5ATBee7FE3,192.168.1.6,49016.0,192.168.1.4,21.0,tcp,10.505484819412231,119.0,188.0,SF,1.0,1.0,0.0,ShAdDafrF,18.0,1063.0,17.0,1056.0,FTP
1720731795.047095,CXvmmsLWkkv7vVwS5,192.168.1.6,60826.0,192.168.1.4,21.0,tcp,11.215322017669678,150.0,188.0,SF,1.0,1.0,0.0,ShAdDafrF,18.0,1094.0,17.0,1056.0,FTP
1720729368.256427,Cp0yr22DmtYzXR5X28,192.168.1.6,44498.0,192.168.1.4,21.0,tcp,10.94751787185669,138.0,188.0,SF,1.0,1.0,0.0,ShAdDafrF,18.0,1082.0,17.0,1056.0,FTP
1720728061.359302,ClxTKr3OMYy3GEZWg1,192.168.1.4,38416.0,20.114.189.135,443.0,tcp,10.94751787185669,138.0,188.0,SF,1.0,1.0,0.0,ShAdDafrF,18.0,1082.0,17.0,1056.0,HTTPS
1720731841.628841,CVd7ad2xoinPOIzZLl,192.168.1.6,51832.0,192.168.1.4,21.0,tcp,8.814179182052612,123.0,188.0,SF,1.0,1.0,0.0,ShAdDafFr,18.0,1067.0,17.0,1056.0,FTP
1720729688.059176,CxVy9SMqDBNr2wJm3,192.168.1.6,56012.0,192.168.1.4,21.0,tcp,9.313002109527588,123.0,188.0,SF,1.0,1.0,0.0,ShAdDafrF,18.0,1067.0,17.0,1056.0,FTP
1720730658.655352,CYie7taZ7Lv5uRKXl,192.168.1.6,44680.0,192.168.1.4,21.0,tcp,10.221377849578856,135.0,188.0,SF,1.0,1.0,0.0,ShAdDafFr,18.0,1079.0,17.0,1056.0,FTP
1720727913.995763,CQlBHFJJ9fgw9VGw8,192.168.1.4,56520.0,192.168.1.1,53.0,udp,10.221377849578856,135.0,188.0,SF,1.0,1.0,0.0,ShAdDafFr,18.0,1079.0,17.0,1056.0,DNS
1720728064.189832,CuK5ek25KEOimAEDBj,192.168.1.4,41153.0,192.168.1.1,53.0,udp,10.221377849578856,135.0,188.0,SF,1.0,1.0,0.0,ShAdDafFr,18.0,1079.0,17.0,1056.0,DNS
1720729706.129525,CgGZeJ1ZWq0UrYoE6l,192.168.1.6,47900.0,192.168.1.4,21.0,tcp,8.72554612159729,127.0,188.0,SF,1.0,1.0,0.0,ShAdDafFr,18.0,1071.0,17.0,1056.0,FTP
1720727767.861761,CAeCdBjKy5GPMWsH3,192.168.1.4,36124.0,52.168.117.171,443.0,tcp,135.31587886810303,26357.0,7068.0,RSTR,1.0,0.0,0.0,ShADadTr,27.0,27804.0,23.0,8272.0,HTTPS
1720730148.701625,C8WiPO2QBX5Hq7iQZg,192.168.1.6,55516.0,192.168.1.4,21.0,tcp,10.641885995864868,125.0,188.0,SF,1.0,1.0,0.0,ShAdDafrF,18.0,1069.0,17.0,1056.0,FTP
1720729473.512654,CTGply0cQKh4Bkvu7,192.168.1.6,49982.0,192.168.1.4,21.0,tcp,10.37884283065796,125.0,188.0,SF,1.0,1.0,0.0,ShAdDafrF,18.0,1069.0,17.0,1056.0,FTP
1720729957.030299,CjyO9f3DMq0zwXHA0f,192.168.1.6,48504.0,192.168.1.4,21.0,tcp,11.362987041473389,131.0,188.0,SF,1.0,1.0,0.0,ShAdDafrF,18.0,1075.0,17.0,1056.0,FTP
1720729814.114509,C2eYin13vz8XHlvEsf,192.168.1.6,34324.0,192.168.1.4,21.0,tcp,9.535729885101318,121.0,188.0,SF,1.0,1.0,0.0,ShAdDafrF,18.0,1065.0,17.0,1056.0,FTP
1720728065.051001,CP4mrU2vhNcMN4gKZ6,192.168.1.4,45546.0,142.250.65.163,443.0,tcp,9.535729885101318,121.0,188.0,SF,1.0,1.0,0.0,IIiiiIhhhHH,18.0,1065.0,17.0,1056.0,HTTPS
1720731244.218884,Chpe6C1MzcaeT2MOFi,192.168.1.6,36252.0,192.168.1.4,21.0,tcp,9.95065689086914,156.0,188.0,SF,1.0,1.0,0.0,ShAdDafrF,18.0,1100.0,17.0,1056.0,FTP
1720728011.86384,CG8XYo1oR2fC7vMKS,192.168.1.6,38398.0,192.168.1.4,21.0,tcp,9.709173917770386,117.0,188.0,SF,1.0,1.0,0.0,ShAdDafFr,18.0,1061.0,17.0,1056.0,FTP
1720729315.464031,CJLrpt23XtQ3tC2G86,192.168.1.6,33544.0,192.168.1.4,21.0,tcp,9.82998013496399,121.0,188.0,SF,1.0,1.0,0.0,ShAdDafFr,18.0,1065.0,17.0,1056.0,FTP
1720731359.977798,Cac56F3cy65gF60vwc,192.168.1.6,35764.0,192.168.1.4,21.0,tcp,11.058069944381714,172.0,188.0,SF,1.0,1.0,0.0,ShAdDafrF,18.0,1116.0,17.0,1056.0,FTP
1720727733.323831,CoH2uc4wipyKJEJTb2,192.168.1.4,40870.0,104.19.178.52,443.0,tcp,400.61831188201904,2809.0,145803.0,SF,1.0,0.0,0.0,ShADadFf,86.0,7289.0,88.0,150387.0,HTTPS
1720727906.540929,ClwGbs3ibpI83RXWvi,192.168.1.4,42017.0,192.168.1.1,53.0,udp,0.015172004699707,45.0,95.0,SF,1.0,1.0,0.0,Dd,1.0,73.0,1.0,123.0,DNS
1720731787.745718,CtsFLN33bBgW9aQu11,192.168.1.6,55040.0,192.168.1.4,21.0,tcp,10.67801809310913,151.0,188.0,SF,1.0,1.0,0.0,ShAdDafrF,18.0,1095.0,17.0,1056.0,FTP
1720730837.917082,CXWLQb3NguMfbYiD01,192.168.1.6,40822.0,192.168.1.4,21.0,tcp,9.92906904220581,122.0,188.0,SF,1.0,1.0,0.0,ShAdDafrF,18.0,1066.0,17.0,1056.0,FTP
1720731412.932237,CRmVDJd9hhDbBDN16,192.168.1.6,47772.0,192.168.1.4,21.0,tcp,10.212477207183838,122.0,188.0,SF,1.0,1.0,0.0,ShAdDafrF,18.0,1066.0,17.0,1056.0,FTP
1720728245.103676,CdpbfD2FQllp8ZTdn9,192.168.1.4,52435.0,192.168.1.1,53.0,udp,10.212477207183838,122.0,188.0,SF,1.0,1.0,0.0,ShAdDafrF,18.0,1066.0,17.0,1056.0,DNS
1720727853.879194,Cjp6jm3vQBq4Aju8W3,192.168.1.4,44790.0,146.75.30.208,443.0,udp,10.212477207183838,122.0,188.0,SF,1.0,1.0,0.0,ShAdDafrF,18.0,1066.0,17.0,1056.0,HTTPS
1720729799.579918,CC67OB1jrO7LQ9z6f9,192.168.1.6,54344.0,192.168.1.4,21.0,tcp,11.09326720237732,121.0,188.0,SF,1.0,1.0,0.0,ShAdDafrF,18.0,1065.0,17.0,1056.0,FTP
1720728792.136917,CpPwtxiv1fzTUhXUg,192.168.1.6,33988.0,192.168.1.4,21.0,tcp,10.56771183013916,118.0,188.0,SF,1.0,1.0,0.0,ShAdDafFr,18.0,1062.0,17.0,1056.0,FTP
1720727885.295353,CMlLfO1Qii3sjQQHB7,192.168.1.4,54040.0,146.75.36.84,443.0,tcp,71.04517912864685,1822.0,5821.0,SF,1.0,0.0,0.0,ShADadFRf,13.0,2482.0,13.0,6505.0,HTTPS
1720728034.951231,CCuoOB1hUvtCjvnk1,192.168.1.4,39586.0,192.168.1.1,53.0,udp,0.05565595626831,68.0,354.0,SF,1.0,1.0,0.0,Dd,1.0,96.0,1.0,382.0,DNS
1720728257.672413,CXqekE1ia7w8NbS6n7,192.168.1.6,46758.0,192.168.1.4,21.0,tcp,11.177831888198853,117.0,188.0,SF,1.0,1.0,0.0,ShAdDafrF,18.0,1061.0,17.0,1056.0,FTP
1720731337.606002,CiX89w45wJikghEl78,192.168.1.6,38330.0,192.168.1.4,21.0,tcp,11.19071888923645,172.0,188.0,SF,1.0,1.0,0.0,ShAdDafrF,18.0,1116.0,17.0,1056.0,FTP
1720728335.953717,CDnSXi1d1UvdhelqH8,192.168.1.4,33699.0,192.168.1.1,53.0,udp,0.001775026321411,43.0,396.0,SF,1.0,1.0,0.0,Dd,1.0,71.0,1.0,424.0,DNS
1720728096.316818,CSDaM64YtyiWNz5LR1,192.168.1.4,42366.0,3.163.245.4,443.0,udp,0.001775026321411,43.0,396.0,SF,1.0,1.0,0.0,Dd,1.0,71.0,1.0,424.0,HTTPS
1720731076.923509,Cwxcj43vFUP2X1tcAb,192.168.1.6,56952.0,192.168.1.4,21.0,tcp,10.84091019630432,115.0,188.0,SF,1.0,1.0,0.0,ShAdDafrF,18.0,1059.0,17.0,1056.0,FTP
1720728217.864783,Cssjif3FT8Fp36L9Lc,192.168.1.4,52968.0,13.107.21.239,443.0,tcp,10.84091019630432,115.0,188.0,SF,1.0,1.0,0.0,ShAdDafrF,18.0,1059.0,17.0,1056.0,HTTPS
1720730383.297804,CW3OVp2ey0g5Bmh1p7,192.168.1.6,35104.0,192.168.1.4,21.0,tcp,10.61624789237976,128.0,188.0,SF,1.0,1.0,0.0,ShAdDafrF,18.0,1072.0,17.0,1056.0,FTP
1720727794.240268,CsOPsm24oibUyHYue8,192.168.1.4,45872.0,142.251.41.3,443.0,tcp,10.61624789237976,128.0,188.0,SF,1.0,1.0,0.0,ShAdDafrF,18.0,1072.0,17.0,1056.0,HTTPS
1720728211.819949,Cw5mZR2YTsnTzMCVE4,192.168.1.4,46083.0,192.168.1.1,53.0,udp,0.111520051956176,56.0,388.0,SF,1.0,1.0,0.0,Dd,1.0,84.0,1.0,416.0,DNS
1720730929.279707,CW1Bmi1S4IdM27q1wg,192.168.1.6,43448.0,192.168.1.4,21.0,tcp,11.362515926361084,150.0,188.0,SF,1.0,1.0,0.0,ShAdDafrF,18.0,1094.0,17.0,1056.0,FTP
1720731177.84197,CBvC8u2BANCp1PoDpc,192.168.1.6,44680.0,192.168.1.4,21.0,tcp,9.964595079421995,118.0,188.0,SF,1.0,1.0,0.0,ShAdDafFr,18.0,1062.0,17.0,1056.0,FTP
1720730297.381394,C5iKGa1cm7OpfaGROc,192.168.1.6,44640.0,192.168.1.4,21.0,tcp,10.266232013702393,128.0,188.0,SF,1.0,1.0,0.0,ShAdDafFr,18.0,1072.0,17.0,1056.0,FTP
1720731466.939087,CXGXtm4oGczPkSzyKf,192.168.1.6,56694.0,192.168.1.4,21.0,tcp,9.027968168258669,159.0,188.0,SF,1.0,1.0,0.0,ShAdDafrF,18.0,1103.0,17.0,1056.0,FTP
1720728474.195571,Csjecudj3SZd8sNj5,192.168.1.6,53128.0,192.168.1.4,21.0,tcp,10.11029601097107,118.0,188.0,SF,1.0,1.0,0.0,ShAdDafFr,18.0,1062.0,17.0,1056.0,FTP
1720728400.183788,CAA2Ph1KfK6EWEa8q3,192.168.1.6,60278.0,192.168.1.4,21.0,tcp,11.125612020492554,117.0,188.0,SF,1.0,1.0,0.0,ShAdDafrF,18.0,1061.0,17.0,1056.0,FTP
1720729603.522326,C7g0Dq21X3QBP7wl63,192.168.1.6,48502.0,192.168.1.4,21.0,tcp,8.63692307472229,109.0,188.0,SF,1.0,1.0,0.0,ShAdDafrF,18.0,1053.0,17.0,1056.0,FTP
1720728580.102809,Cx60Ru0Ho7A8Imyc2,192.168.1.6,47594.0,192.168.1.4,21.0,tcp,9.779157161712646,115.0,188.0,SF,1.0,1.0,0.0,ShAdDafFr,18.0,1059.0,17.0,1056.0,FTP
1720729216.377471,Crp3G4N6PcvPSKNN9,192.168.1.6,40180.0,192.168.1.4,21.0,tcp,9.866477012634276,119.0,188.0,SF,1.0,1.0,0.0,ShAdDafrF,18.0,1063.0,17.0,1056.0,FTP
1720730482.621707,C1xAvr13XeAkorhIbh,192.168.1.6,50570.0,192.168.1.4,21.0,tcp,9.598854064941406,126.0,188.0,SF,1.0,1.0,0.0,ShAdDafrF,18.0,1070.0,17.0,1056.0,FTP
1720727825.274991,CbmG5D1UBMHzwcX42j,192.168.1.4,42063.0,192.168.1.1,53.0,udp,9.598854064941406,126.0,188.0,SF,1.0,1.0,0.0,ShAdDafrF,18.0,1070.0,17.0,1056.0,DNS
1720728257.793473,CAxEecOuwQXIPsRSh,192.168.1.6,46760.0,192.168.1.4,21.0,tcp,11.161459922790527,118.0,188.0,SF,1.0,1.0,0.0,ShAdDafrF,18.0,1062.0,17.0,1056.0,FTP
1720727990.605929,Cf3Qz7dJgyKLMOvqc,192.168.1.6,48612.0,192.168.1.4,21.0,tcp,10.085350036621094,117.0,188.0,SF,1.0,1.0,0.0,ShAdDafrF,18.0,1061.0,17.0,1056.0,FTP
1720727765.816075,C3AILd101BoxqLaO23,192.168.1.4,59012.0,192.168.1.1,53.0,udp,10.085350036621094,117.0,188.0,SF,1.0,1.0,0.0,ShAdDafrF,18.0,1061.0,17.0,1056.0,DNS
1720728214.911678,CCerFJ2ABBZejdVTF4,192.168.1.4,42991.0,172.67.132.190,443.0,udp,0.97063398361206,14021.0,981881.0,SF,1.0,0.0,0.0,Dd,140.0,17941.0,839.0,1005373.0,HTTPS
1720727855.708279,CjoMcy1RJ1bQCLV9mk,192.168.1.6,42268.0,192.168.1.4,21.0,tcp,10.115068197250366,116.0,188.0,SF,1.0,1.0,0.0,ShAdDafrF,18.0,1060.0,17.0,1056.0,FTP
1720730058.324498,Ctk0LAsdYabjslvD,192.168.1.6,54824.0,192.168.1.4,21.0,tcp,10.631618976593018,121.0,188.0,SF,1.0,1.0,0.0,ShAdDafrF,18.0,1065.0,17.0,1056.0,FTP
1720730708.990411,CDw9Ob3xq9yorstRb,192.168.1.6,57660.0,192.168.1.4,21.0,tcp,9.667990922927856,126.0,188.0,SF,1.0,1.0,0.0,ShAdDafrF,18.0,1070.0,17.0,1056.0,FTP
1720729725.758572,C0D4eN3OBnK4rFrINf,192.168.1.6,37934.0,192.168.1.4,21.0,tcp,9.627529859542848,112.0,188.0,SF,1.0,1.0,0.0,ShAdDafFr,18.0,1056.0,17.0,1056.0,FTP
1720728245.226109,CX1W961UXvUe1STnp4,192.168.1.4,55920.0,192.168.1.1,53.0,udp,0.002243995666503,58.0,58.0,SF,1.0,1.0,0.0,Dd,1.0,86.0,1.0,86.0,DNS
1720728563.84574,C46L0i1EGxFba9baTl,192.168.1.6,38058.0,192.168.1.4,21.0,tcp,9.730095863342283,118.0,188.0,SF,1.0,1.0,0.0,ShAdDafrF,18.0,1062.0,17.0,1056.0,FTP
1720728256.952917,CGUqOZ3uwGF9X8fpyj,192.168.1.6,46678.0,192.168.1.4,21.0,tcp,9.9465069770813,117.0,188.0,SF,1.0,1.0,0.0,ShAdDafrF,18.0,1061.0,17.0,1056.0,FTP
1720729088.777898,CyeBIs1HQYsY4tDwj1,192.168.1.6,50574.0,192.168.1.4,21.0,tcp,9.963104009628296,130.0,188.0,SF,1.0,1.0,0.0,ShAdDafrF,18.0,1074.0,17.0,1056.0,FTP
1720730516.182575,CiHqUv4Qubk51UjTYe,192.168.1.6,46288.0,192.168.1.4,21.0,tcp,9.655035018920898,131.0,188.0,SF,1.0,1.0,0.0,ShAdDafrF,18.0,1075.0,17.0,1056.0,FTP
1720729376.308909,CoNGtp30RsVPUzNaPa,192.168.1.6,47800.0,192.168.1.4,21.0,tcp,10.300002098083496,132.0,188.0,SF,1.0,1.0,0.0,ShAdDafrF,18.0,1076.0,17.0,1056.0,FTP
1720727980.729064,CCAASM3RpVypvIzBV2,192.168.1.6,55186.0,192.168.1.4,21.0,tcp,10.607666015625,116.0,188.0,SF,1.0,1.0,0.0,ShAdDafFr,18.0,1060.0,17.0,1056.0,FTP
1720730349.022394,C8WSGd29GSmy1T8fB8,192.168.1.6,48988.0,192.168.1.4,21.0,tcp,10.353479146957396,144.0,188.0,SF,1.0,1.0,0.0,ShAdDafrF,18.0,1088.0,17.0,1056.0,FTP
1720730498.842887,CoCtb31ZG44d1yFdE4,192.168.1.6,58764.0,192.168.1.4,21.0,tcp,10.105607986450195,125.0,188.0,SF,1.0,1.0,0.0,ShAdDafrF,18.0,1069.0,17.0,1056.0,FTP
1720731710.261606,CE6eWmGWHRP6QRZf9,192.168.1.6,52936.0,192.168.1.4,21.0,tcp,10.673495054244995,163.0,188.0,SF,1.0,1.0,0.0,ShAdDafrF,18.0,1107.0,17.0,1056.0,FTP
1720731498.169437,CpfHL94LJUCdC8E8ma,192.168.1.6,37980.0,192.168.1.4,21.0,tcp,9.076852083206177,147.0,188.0,SF,1.0,1.0,0.0,ShAdDafFr,18.0,1091.0,17.0,1056.0,FTP
1720728789.288747,CVddJ71Hs04CIBGt1b,192.168.1.6,33948.0,192.168.1.4,21.0,tcp,10.18547797203064,114.0,188.0,SF,1.0,1.0,0.0,ShAdDafrF,18.0,1058.0,17.0,1056.0,FTP
1720729010.492159,CLqbKu1QAxhDYDLNFd,192.168.1.6,33922.0,192.168.1.4,21.0,tcp,9.679766178131104,117.0,188.0,SF,1.0,1.0,0.0,ShAdDafrF,18.0,1061.0,17.0,1056.0,FTP
1720731493.763908,CBXR2r0a0YieMi0ac,192.168.1.6,37874.0,192.168.1.4,21.0,tcp,10.382198095321655,181.0,188.0,SF,1.0,1.0,0.0,ShAdDafrF,18.0,1125.0,17.0,1056.0,FTP
1720728124.415649,CtAnKg3S2evn9AnOe,192.168.1.4,44010.0,192.168.1.1,53.0,udp,10.382198095321655,181.0,188.0,SF,1.0,1.0,0.0,ShAdDafrF,18.0,1125.0,17.0,1056.0,DNS
1720731372.972635,CdUV2C2ovmx2zjH9r8,192.168.1.6,46208.0,192.168.1.4,21.0,tcp,10.606186866760254,149.0,188.0,SF,1.0,1.0,0.0,ShAdDafrF,18.0,1093.0,17.0,1056.0,FTP
1720727915.52629,C5x0854B2IuWfMUJV5,192.168.1.4,41322.0,192.168.1.1,53.0,udp,10.606186866760254,149.0,188.0,SF,1.0,1.0,0.0,ShAdDafrF,18.0,1093.0,17.0,1056.0,DNS
1720728186.707761,COXWuy25HsSnOQ2TUd,192.168.1.4,49192.0,23.205.106.91,443.0,tcp,22.04902195930481,2546.0,10248.0,SF,1.0,0.0,0.0,ShADadFRf,15.0,3310.0,15.0,11036.0,HTTPS
1720728356.85959,CNdRPf2C2VkkCZU0ud,192.168.1.6,36000.0,192.168.1.4,21.0,tcp,9.806782007217407,117.0,188.0,SF,1.0,1.0,0.0,ShAdDafrF,18.0,1061.0,17.0,1056.0,FTP
1720729493.975403,CJGGEJhRmUHgM0pb,192.168.1.6,43228.0,192.168.1.4,21.0,tcp,10.345101833343506,140.0,188.0,SF,1.0,1.0,0.0,ShAdDafrF,18.0,1084.0,17.0,1056.0,FTP
1720731295.910364,CvIHu44E95ja89TRd,192.168.1.6,44834.0,192.168.1.4,21.0,tcp,10.890351057052612,168.0,188.0,SF,1.0,1.0,0.0,ShAdDafrF,18.0,1112.0,17.0,1056.0,FTP
1720727914.909547,CIWTinoZdK6iqNUzl,192.168.1.4,46416.0,13.224.214.16,443.0,tcp,10.890351057052612,168.0,188.0,SF,1.0,1.0,0.0,ShAdDafrF,18.0,1112.0,17.0,1056.0,HTTPS
1720728042.162098,CfCTkA2RjbXnYMDfC3,192.168.1.6,56550.0,192.168.1.4,21.0,tcp,10.814752101898192,118.0,188.0,SF,1.0,1.0,0.0,ShAdDafrF,18.0,1062.0,17.0,1056.0,FTP
1720730670.76849,CD6A3nnb5lOQybgfj,192.168.1.6,45690.0,192.168.1.4,21.0,tcp,10.155045986175535,127.0,188.0,SF,1.0,1.0,0.0,ShAdDafFr,18.0,1071.0,17.0,1056.0,FTP
1720728186.09341,C2pEdZhw0gWGhRxJ3,192.168.1.4,42438.0,23.205.106.86,443.0,tcp,22.6796510219574,3352.0,166318.0,SF,1.0,0.0,0.0,ShADadFfR,52.0,6040.0,88.0,170902.0,HTTPS
1720728186.346845,Cnj50gp4MmoO0Kcji,192.168.1.4,54402.0,192.168.1.1,53.0,udp,0.053522109985351,50.0,323.0,SF,1.0,1.0,0.0,Dd,1.0,78.0,1.0,351.0,DNS
1720728331.923442,CBNBkT1NdcidXz8Ui,192.168.1.4,38316.0,192.168.1.1,53.0,udp,0.053522109985351,50.0,323.0,SF,1.0,1.0,0.0,Dd,1.0,78.0,1.0,351.0,DNS
1720728245.080217,CF99ZpGDpvg8ul997,192.168.1.4,55452.0,192.168.1.1,53.0,udp,0.053522109985351,50.0,323.0,SF,1.0,1.0,0.0,Dd,1.0,78.0,1.0,351.0,DNS
1720730168.978795,Czg8tW1uIBhjVaMaxb,192.168.1.6,34488.0,192.168.1.4,21.0,tcp,10.869000911712646,122.0,188.0,SF,1.0,1.0,0.0,ShAdDafrF,18.0,1066.0,17.0,1056.0,FTP
1720731234.186707,CRl3DI2Z4yq88sqcni,192.168.1.6,35002.0,192.168.1.4,21.0,tcp,10.032016038894652,144.0,188.0,SF,1.0,1.0,0.0,ShAdDafrF,18.0,1088.0,17.0,1056.0,FTP
1720731910.712961,CR8GME1t6RRlsdWwU8,192.168.1.6,50020.0,192.168.1.4,21.0,tcp,9.844272136688232,193.0,188.0,SF,1.0,1.0,0.0,ShAdDafrF,18.0,1137.0,17.0,1056.0,FTP
1720731732.467402,CWLQoh1pdMXQMlA1M2,192.168.1.6,34656.0,192.168.1.4,21.0,tcp,10.06293511390686,158.0,188.0,SF,1.0,1.0,0.0,ShAdDafrF,18.0,1102.0,17.0,1056.0,FTP
1720727795.438034,CyZB973ED33qdG3bUl,192.168.1.4,42574.0,192.168.1.1,53.0,udp,10.06293511390686,158.0,188.0,SF,1.0,1.0,0.0,ShAdDafrF,18.0,1102.0,17.0,1056.0,DNS
1720731097.544682,CnlHcX1lNxQUSWIHn5,192.168.1.6,43280.0,192.168.1.4,21.0,tcp,10.018845081329346,127.0,188.0,SF,1.0,1.0,0.0,ShAdDafFr,18.0,1071.0,17.0,1056.0,FTP
1720728047.061602,CBTDkA2GpSWkriB0V1,192.168.1.6,50994.0,192.168.1.4,21.0,tcp,9.78238296508789,118.0,188.0,SF,1.0,1.0,0.0,ShAdDafrF,18.0,1062.0,17.0,1056.0,FTP
1720730833.23577,CwExcG1vxyAcFetUol,192.168.1.4,41176.0,185.125.190.48,80.0,tcp,0.165025949478149,88.0,189.0,SF,1.0,0.0,0.0,ShADdfFa,5.0,356.0,4.0,405.0,HTTP
1720727916.725709,CYJVae2OcdQMBJzXmb,192.168.1.4,39407.0,142.250.65.161,443.0,udp,0.086257934570312,4025.0,8737.0,SF,1.0,0.0,0.0,Dd,7.0,4221.0,10.0,9017.0,HTTPS
1720731697.438769,CGldY628mdgqljuKNj,192.168.1.6,35556.0,192.168.1.4,21.0,tcp,10.316104888916016,185.0,188.0,SF,1.0,1.0,0.0,ShAdDafrF,18.0,1129.0,17.0,1056.0,FTP
1720727804.410713,CkLhR740b0UBvjvyR8,192.168.1.6,41876.0,192.168.1.4,21.0,tcp,9.188617944717407,118.0,188.0,SF,1.0,1.0,0.0,ShAdDafrF,18.0,1062.0,17.0,1056.0,FTP
1720729523.694162,C9PBmm4l5e0GvCloql,192.168.1.6,56850.0,192.168.1.4,21.0,tcp,10.774574995040894,119.0,188.0,SF,1.0,1.0,0.0,ShAdDafrF,18.0,1063.0,17.0,1056.0,FTP
1720730834.601418,CR2WKg2nXsqJ6dksA6,192.168.1.6,40728.0,192.168.1.4,21.0,tcp,10.101217985153198,131.0,188.0,SF,1.0,1.0,0.0,ShAdDafFr,18.0,1075.0,17.0,1056.0,FTP
1720727793.911136,CIrI1h7s3RP7e3Ezj,192.168.1.4,44260.0,142.251.32.104,443.0,tcp,10.101217985153198,131.0,188.0,SF,1.0,1.0,0.0,ShAdDafFr,18.0,1075.0,17.0,1056.0,HTTPS
1720727884.509436,CfFsni2umga645hvi,192.168.1.4,60161.0,192.168.1.1,53.0,udp,10.101217985153198,131.0,188.0,SF,1.0,1.0,0.0,ShAdDafFr,18.0,1075.0,17.0,1056.0,DNS
1720730459.917468,CyvZ4t6SRJdb1aA34,192.168.1.6,42232.0,192.168.1.4,21.0,tcp,9.593865871429443,131.0,188.0,SF,1.0,1.0,0.0,ShAdDafrF,18.0,1075.0,17.0,1056.0,FTP
1720729233.549918,ClRnwU1ce8f3hoBlW1,192.168.1.6,38252.0,192.168.1.4,21.0,tcp,9.994970083236694,117.0,188.0,SF,1.0,1.0,0.0,ShAdDafFr,18.0,1061.0,17.0,1056.0,FTP
1720729438.033946,CkRlAu3r3Sb889nyU8,192.168.1.6,51854.0,192.168.1.4,21.0,tcp,10.968440055847168,120.0,188.0,SF,1.0,1.0,0.0,ShAdDafrF,18.0,1064.0,17.0,1056.0,FTP
1720729795.665544,C25gvZ15hc4G9f0LI7,192.168.1.6,54266.0,192.168.1.4,21.0,tcp,10.12452507019043,117.0,188.0,SF,1.0,1.0,0.0,ShAdDafrF,18.0,1061.0,17.0,1056.0,FTP
1720727915.526225,CHR26w2TwNAq99OOr5,192.168.1.4,51124.0,192.168.1.1,53.0,udp,10.12452507019043,117.0,188.0,SF,1.0,1.0,0.0,ShAdDafrF,18.0,1061.0,17.0,1056.0,DNS
1720728091.120979,CA6xn8CJjJ9Hnp4e4,192.168.1.4,48830.0,192.168.1.1,53.0,udp,10.12452507019043,117.0,188.0,SF,1.0,1.0,0.0,ShAdDafrF,18.0,1061.0,17.0,1056.0,DNS
1720729906.154942,ChBBNZ3LwMEf9NkJW7,192.168.1.6,43470.0,192.168.1.4,21.0,tcp,9.43186092376709,134.0,188.0,SF,1.0,1.0,0.0,ShAdDafrF,18.0,1078.0,17.0,1056.0,FTP
1720730720.420565,CRnvgb3uMm8MLyJAXl,192.168.1.6,43970.0,192.168.1.4,21.0,tcp,9.340871095657349,135.0,188.0,SF,1.0,1.0,0.0,ShAdDafrF,18.0,1079.0,17.0,1056.0,FTP
1720728206.151214,CslTlle6ezMEz31a6,192.168.1.6,43768.0,192.168.1.4,21.0,tcp,9.279929161071776,118.0,188.0,SF,1.0,1.0,0.0,ShAdDafrF,18.0,1062.0,17.0,1056.0,FTP
1720727884.872099,C5KhSGgNXEnDTfG8,192.168.1.4,40600.0,142.250.72.102,443.0,udp,0.242586135864257,6444.0,12810.0,SF,1.0,0.0,0.0,Dd,22.0,7060.0,26.0,13538.0,HTTPS
1720728305.840591,CZmyyt1s3Y3RKCzoQ7,192.168.1.4,55351.0,192.168.1.1,53.0,udp,0.242586135864257,6444.0,12810.0,SF,1.0,0.0,0.0,Dd,22.0,7060.0,26.0,13538.0,DNS
1720730098.776149,CgCGtv3dlUVN1lSkIe,192.168.1.6,48968.0,192.168.1.4,21.0,tcp,9.920594930648804,123.0,188.0,SF,1.0,1.0,0.0,ShAdDafrF,18.0,1067.0,17.0,1056.0,FTP
1720728050.920364,C7B8nC4nA8HEQnpNBf,192.168.1.6,51030.0,192.168.1.4,21.0,tcp,10.91752004623413,118.0,188.0,SF,1.0,1.0,0.0,ShAdDafrF,18.0,1062.0,17.0,1056.0,FTP
1720728244.942764,CzKhIa4TG2RsLWwkO2,192.168.1.4,52082.0,192.168.1.1,53.0,udp,10.91752004623413,118.0,188.0,SF,1.0,1.0,0.0,ShAdDafrF,18.0,1062.0,17.0,1056.0,DNS
1720727891.32515,Ck1sP9nxYrtDIRYyh,192.168.1.4,51108.0,192.168.1.1,53.0,udp,10.91752004623413,118.0,188.0,SF,1.0,1.0,0.0,ShAdDafrF,18.0,1062.0,17.0,1056.0,DNS
1720728211.829337,CXtzFA2jWvrHapwxge,192.168.1.4,34268.0,20.96.153.111,443.0,tcp,6.040879011154175,2524.0,6823.0,SF,1.0,0.0,0.0,ShADadFf,15.0,3144.0,13.0,7355.0,HTTPS
1720728560.697452,Cs7ZGw3CUAvOpZuv91,192.168.1.6,50800.0,192.168.1.4,21.0,tcp,9.550139904022217,118.0,188.0,SF,1.0,1.0,0.0,ShAdDafFr,18.0,1062.0,17.0,1056.0,FTP
1720727895.798718,Ciy7oW921cSE9FXw7,192.168.1.6,46124.0,192.168.1.4,21.0,tcp,10.416584968566896,118.0,188.0,SF,1.0,1.0,0.0,ShAdDafrF,18.0,1062.0,17.0,1056.0,FTP
1720728020.082274,CBIviM16XAp4Mi2b4l,192.168.1.6,55388.0,192.168.1.4,21.0,tcp,10.484779119491575,117.0,188.0,SF,1.0,1.0,0.0,ShAdDafrF,18.0,1061.0,17.0,1056.0,FTP
1720731919.150317,CL668FAtevfOPeOB9,192.168.1.6,38588.0,192.168.1.4,21.0,tcp,8.806318998336792,183.0,188.0,SF,1.0,1.0,0.0,ShAdDafrF,18.0,1127.0,17.0,1056.0,FTP
1720728373.724713,CoESv53LmNswJCTd3g,192.168.1.6,56862.0,192.168.1.4,21.0,tcp,9.786664962768556,118.0,188.0,SF,1.0,1.0,0.0,ShAdDafrF,18.0,1062.0,17.0,1056.0,FTP
1720727884.858706,C5T3ZR3UTBjZzN1dwi,192.168.1.4,54998.0,192.168.1.1,53.0,udp,9.786664962768556,118.0,188.0,SF,1.0,1.0,0.0,ShAdDafrF,18.0,1062.0,17.0,1056.0,DNS
1720728186.645212,C20yHL2J0TpGT70n9b,192.168.1.4,58790.0,142.250.64.102,443.0,udp,22.09275507926941,4057.0,8665.0,SF,1.0,0.0,0.0,Dd,8.0,4281.0,10.0,8945.0,HTTPS
1720731567.852218,CkFahj2khZAWssH20a,192.168.1.6,39852.0,192.168.1.4,21.0,tcp,9.248496055603027,156.0,188.0,SF,1.0,1.0,0.0,ShAdDafrF,18.0,1100.0,17.0,1056.0,FTP
1720728275.03799,CrdlFD3ZXneXH0iHA3,192.168.1.4,32872.0,192.168.1.1,53.0,udp,0.037077903747558,60.0,141.0,SF,1.0,1.0,0.0,Dd,1.0,88.0,1.0,169.0,DNS
1720729430.593908,CCLbvcrvVQp1nUD14,192.168.1.6,47314.0,192.168.1.4,21.0,tcp,11.281718969345093,123.0,188.0,SF,1.0,1.0,0.0,ShAdDafrF,18.0,1067.0,17.0,1056.0,FTP
1720728186.199602,CYDCZS2GqfdpT7p0tg,192.168.1.4,60932.0,192.168.1.1,53.0,udp,0.005545139312744,43.0,260.0,SF,1.0,1.0,0.0,Dd,1.0,71.0,1.0,288.0,DNS
1720727765.766249,CI5wDZ2Z55JWbPT7Fi,192.168.1.4,58917.0,192.168.1.1,53.0,udp,0.009917020797729,48.0,110.0,SF,1.0,1.0,0.0,Dd,1.0,76.0,1.0,138.0,DNS
1720728196.349305,ClXjV53gvr2gXHvCna,192.168.1.6,53802.0,192.168.1.4,21.0,tcp,10.311872005462646,118.0,188.0,SF,1.0,1.0,0.0,ShAdDafrF,18.0,1062.0,17.0,1056.0,FTP
1720728064.702407,CUAI253dOhSxdQj7d,192.168.1.4,43726.0,192.168.1.1,53.0,udp,0.016625165939331,58.0,291.0,SF,1.0,1.0,0.0,Dd,1.0,86.0,1.0,319.0,DNS
1720727884.872099,C5KhSGgNXEnDTfG8,192.168.1.4,40600.0,142.250.72.102,443.0,udp,0.016625165939331,58.0,291.0,SF,1.0,1.0,0.0,IIiiiIhhhHH,1.0,86.0,1.0,319.0,HTTPS
1720728154.564158,ChoHdM1iNYntkuIUya,192.168.1.4,44105.0,192.168.1.1,53.0,udp,0.002681016921997,41.0,370.0,SF,1.0,1.0,0.0,Dd,1.0,69.0,1.0,398.0,DNS
1720731777.36598,CyPbfX2RF2UqIb9lXl,192.168.1.6,50216.0,192.168.1.4,21.0,tcp,10.477379083633425,170.0,188.0,SF,1.0,1.0,0.0,ShAdDafrF,18.0,1114.0,17.0,1056.0,FTP
1720729456.339589,CZlDmI2H49Fw3bkNZc,192.168.1.6,56422.0,192.168.1.4,21.0,tcp,10.23555588722229,139.0,188.0,SF,1.0,1.0,0.0,ShAdDafrF,18.0,1083.0,17.0,1056.0,FTP
1720728475.778824,CaAbL74EXiNbY0NxFf,192.168.1.6,53178.0,192.168.1.4,21.0,tcp,10.50833797454834,118.0,188.0,SF,1.0,1.0,0.0,ShAdDafrF,18.0,1062.0,17.0,1056.0,FTP
1720730685.954072,CGzUyc4cDh0wzFwgFb,192.168.1.6,33118.0,192.168.1.4,21.0,tcp,9.656507015228271,129.0,188.0,SF,1.0,1.0,0.0,ShAdDafrF,18.0,1073.0,17.0,1056.0,FTP
1720729942.1322,ClUCyA421vPxu9P9a,192.168.1.6,47774.0,192.168.1.4,21.0,tcp,9.405361890792848,122.0,188.0,SF,1.0,1.0,0.0,ShAdDafrF,18.0,1066.0,17.0,1056.0,FTP
1720730103.257246,CNRcAt1RWMCxXhMHml,192.168.1.6,50282.0,192.168.1.4,21.0,tcp,10.835498094558716,132.0,188.0,SF,1.0,1.0,0.0,ShAdDafrF,18.0,1076.0,17.0,1056.0,FTP
1720728257.662213,CPGLbu4nNITioiN1ql,192.168.1.6,46742.0,192.168.1.4,21.0,tcp,11.17685580253601,118.0,188.0,SF,1.0,1.0,0.0,ShAdDafFr,18.0,1062.0,17.0,1056.0,FTP
1720728187.568658,CTNEg12Sigj6wZ1q3j,192.168.1.4,49232.0,52.35.241.161,443.0,tcp,21.24270176887512,13570.0,5473.0,SF,1.0,0.0,0.0,ShADadFf,22.0,14722.0,16.0,6313.0,HTTPS
1720728603.806689,CIkOOe1ScTIyTsefsg,192.168.1.6,34096.0,192.168.1.4,21.0,tcp,10.66790008544922,128.0,188.0,SF,1.0,1.0,0.0,ShAdDafrF,18.0,1072.0,17.0,1056.0,FTP
1720728335.526316,CIZ4qy2RZxp9iFyMi8,192.168.1.4,41013.0,104.18.12.201,443.0,tcp,10.66790008544922,128.0,188.0,SF,1.0,1.0,0.0,ShAdDafrF,18.0,1072.0,17.0,1056.0,HTTPS
1720727793.323657,C923cv409xOSP8ncld,192.168.1.4,48900.0,34.230.186.109,443.0,tcp,63.12334990501404,5075.0,22324.0,SF,1.0,0.0,0.0,ShADadfF,30.0,6643.0,35.0,24152.0,HTTPS
1720730818.576879,CAH4ludtbRmeEl3Dj,192.168.1.6,54214.0,192.168.1.4,21.0,tcp,9.976155042648315,127.0,188.0,SF,1.0,1.0,0.0,ShAdDafrF,18.0,1071.0,17.0,1056.0,FTP
1720731197.736375,C0Fhof2r91wWML6m66,192.168.1.6,35194.0,192.168.1.4,21.0,tcp,9.523859977722168,113.0,188.0,SF,1.0,1.0,0.0,ShAdDafFr,18.0,1057.0,17.0,1056.0,FTP
1720727824.835785,C3cNfK2l50BVG5jRF6,192.168.1.4,36570.0,142.250.64.97,443.0,tcp,9.523859977722168,113.0,188.0,SF,1.0,1.0,0.0,ShAdDafFr,18.0,1057.0,17.0,1056.0,HTTPS
1720727790.856063,Cdix3b0VU0RxuZELb,192.168.1.4,49161.0,192.168.1.1,53.0,udp,0.00133204460144,53.0,113.0,SF,1.0,1.0,0.0,Dd,1.0,81.0,1.0,141.0,DNS
1720730001.306069,CSblnx4AkG8cR1AGwi,192.168.1.6,52184.0,192.168.1.4,21.0,tcp,9.237613201141356,145.0,188.0,SF,1.0,1.0,0.0,ShAdDafFr,18.0,1089.0,17.0,1056.0,FTP
1720728245.070448,CkoulfIxLnqfXltg3,192.168.1.4,51494.0,192.168.1.1,53.0,udp,0.033082008361816,42.0,145.0,SF,1.0,1.0,0.0,Dd,1.0,70.0,1.0,173.0,DNS
1720730102.576479,CjCZCCzG3YUTt0q75,192.168.1.6,49020.0,192.168.1.4,21.0,tcp,9.568714141845703,126.0,188.0,SF,1.0,1.0,0.0,ShAdDafFr,18.0,1070.0,17.0,1056.0,FTP
1720728225.067067,CAkoYt1GA8JdDpIbff,192.168.1.6,34546.0,192.168.1.4,21.0,tcp,10.250404119491575,118.0,188.0,SF,1.0,1.0,0.0,ShAdDafFr,18.0,1062.0,17.0,1056.0,FTP
1720730456.30148,CR2xKf3X0XP9B4Igvb,192.168.1.6,42156.0,192.168.1.4,21.0,tcp,9.268144845962524,129.0,188.0,SF,1.0,1.0,0.0,ShAdDafrF,18.0,1073.0,17.0,1056.0,FTP
1720727793.877436,C7TzII2ASJoYXrDyd2,192.168.1.4,41995.0,192.168.1.1,53.0,udp,9.268144845962524,129.0,188.0,SF,1.0,1.0,0.0,ShAdDafrF,18.0,1073.0,17.0,1056.0,DNS
1720729694.084771,ChSFkR2wc32MmsQyH1,192.168.1.6,36612.0,192.168.1.4,21.0,tcp,9.438875198364258,130.0,188.0,SF,1.0,1.0,0.0,ShAdDafFr,18.0,1074.0,17.0,1056.0,FTP
1720730908.133257,CbelSi4A9CWmZ0ziD,192.168.1.6,40216.0,192.168.1.4,21.0,tcp,10.236569166183472,122.0,188.0,SF,1.0,1.0,0.0,ShAdDafrF,18.0,1066.0,17.0,1056.0,FTP
1720731832.130119,CTWmtx1oyhUMH30bt1,192.168.1.6,45446.0,192.168.1.4,21.0,tcp,9.63953185081482,154.0,188.0,SF,1.0,1.0,0.0,ShAdDafFr,18.0,1098.0,17.0,1056.0,FTP
1720729734.514385,C5VErW10vCGUaeHdUh,192.168.1.6,42498.0,192.168.1.4,21.0,tcp,9.853734970092772,120.0,188.0,SF,1.0,1.0,0.0,ShAdDafFr,18.0,1064.0,17.0,1056.0,FTP
1720727733.793231,CdkL3A1gQDuOUIy5l1,192.168.1.4,43675.0,142.251.32.104,443.0,tcp,9.853734970092772,120.0,188.0,SF,1.0,1.0,0.0,ShAdDafFr,18.0,1064.0,17.0,1056.0,HTTPS
1720729098.659864,CMz8Zf2IW39C24IQ1g,192.168.1.6,41606.0,192.168.1.4,21.0,tcp,10.408957958221436,115.0,188.0,SF,1.0,1.0,0.0,ShAdDafrF,18.0,1059.0,17.0,1056.0,FTP
1720728062.566833,C4F2sO2BeiNHmKBwyc,192.168.1.6,46136.0,192.168.1.4,21.0,tcp,9.10893201828003,117.0,188.0,SF,1.0,1.0,0.0,ShAdDafrF,18.0,1061.0,17.0,1056.0,FTP
1720728737.165968,CrlG7P3kO3Se4RQ47c,192.168.1.6,49694.0,192.168.1.4,21.0,tcp,10.448122024536133,125.0,188.0,SF,1.0,1.0,0.0,ShAdDafrF,18.0,1069.0,17.0,1056.0,FTP
1720728009.448908,ChxGyi2nStFdeO6wh8,192.168.1.4,44171.0,142.250.81.238,443.0,tcp,10.448122024536133,125.0,188.0,SF,1.0,1.0,0.0,IIIZiiisIHhhhhHHhhHH,18.0,1069.0,17.0,1056.0,HTTPS
1720727933.616928,Cj2WZh3CHZ8KKyhv3k,192.168.1.6,41464.0,192.168.1.4,21.0,tcp,10.252246856689451,118.0,188.0,SF,1.0,1.0,0.0,ShAdDafrF,18.0,1062.0,17.0,1056.0,FTP
1720728155.571563,CwWMlnkjVGOhCnqM5,192.168.1.4,60272.0,192.168.1.1,53.0,udp,10.252246856689451,118.0,188.0,SF,1.0,1.0,0.0,ShAdDafrF,18.0,1062.0,17.0,1056.0,DNS
1720727666.401949,CG73XKxfG92RrxzQb,192.168.1.4,35942.0,13.107.21.239,443.0,tcp,124.17905616760254,19661.0,10708.0,RSTR,1.0,0.0,0.0,ShADadr,32.0,20961.0,38.0,12240.0,HTTPS
1720728042.19439,CgOq912i3Tm8zZapzg,192.168.1.6,56554.0,192.168.1.4,21.0,tcp,10.799933910369871,117.0,188.0,SF,1.0,1.0,0.0,ShAdDafrF,18.0,1061.0,17.0,1056.0,FTP
1720727854.23276,C20TXr1yMCdP93p9u1,192.168.1.4,41770.0,192.168.1.1,53.0,udp,10.799933910369871,117.0,188.0,SF,1.0,1.0,0.0,ShAdDafrF,18.0,1061.0,17.0,1056.0,DNS
1720728125.058135,CEUObz3YZBS7YqRiUk,192.168.1.4,34575.0,192.168.1.1,53.0,udp,0.0328369140625,41.0,206.0,SF,1.0,1.0,0.0,Dd,1.0,69.0,1.0,234.0,DNS
1720729253.100462,CJOJnh4886H8nYwXn8,192.168.1.6,54418.0,192.168.1.4,21.0,tcp,9.833064079284668,126.0,188.0,SF,1.0,1.0,0.0,ShAdDafrF,18.0,1070.0,17.0,1056.0,FTP
1720730329.021358,CJhu5rU7HcgwM9HWj,192.168.1.6,57466.0,192.168.1.4,21.0,tcp,10.595179080963137,117.0,188.0,SF,1.0,1.0,0.0,ShAdDafrF,18.0,1061.0,17.0,1056.0,FTP
1720730847.846291,CqyZ3W32QvpxdkUHO5,192.168.1.6,45082.0,192.168.1.4,21.0,tcp,9.400439023971558,126.0,188.0,SF,1.0,1.0,0.0,ShAdDafFr,18.0,1070.0,17.0,1056.0,FTP
1720727946.307768,CyQB1j6MKIbmejAG7,192.168.1.4,37966.0,192.168.1.1,53.0,udp,0.001819849014282,45.0,127.0,SF,1.0,1.0,0.0,Dd,1.0,73.0,1.0,155.0,DNS
1720727794.686001,CX9hx43UEKljvIAJj6,192.168.1.4,57164.0,216.239.34.181,443.0,udp,0.001819849014282,45.0,127.0,SF,1.0,1.0,0.0,Dd,1.0,73.0,1.0,155.0,HTTPS
1720727764.012356,C0QQUm3mKVqnH3EDdk,192.168.1.4,51712.0,104.26.2.70,443.0,tcp,0.042274951934814,1789.0,5988.0,SF,1.0,0.0,0.0,ShADadFRfR,10.0,2293.0,7.0,6360.0,HTTPS
1720727881.374056,C013wG197Xrs2GKP6l,192.168.1.4,36598.0,192.168.1.1,53.0,udp,0.001454830169677,74.0,139.0,SF,1.0,1.0,0.0,Dd,1.0,102.0,1.0,167.0,DNS
1720731207.240275,Ce5gk2ViGOkP4stjj,192.168.1.6,58366.0,192.168.1.4,21.0,tcp,9.224700212478638,114.0,188.0,SF,1.0,1.0,0.0,ShAdDafrF,18.0,1058.0,17.0,1056.0,FTP
1720728719.762425,CTO61G4YW0uN9bEdp9,192.168.1.6,45272.0,192.168.1.4,21.0,tcp,10.30588698387146,133.0,188.0,SF,1.0,1.0,0.0,ShAdDafrF,18.0,1077.0,17.0,1056.0,FTP
1720730344.771023,CrfpmB1v5bBauuFlL5,192.168.1.6,48932.0,192.168.1.4,21.0,tcp,9.878679990768433,127.0,188.0,SF,1.0,1.0,0.0,ShAdDafFr,18.0,1071.0,17.0,1056.0,FTP
1720729624.073549,C2Zqqg4zzXsUvDJV6g,192.168.1.6,32858.0,192.168.1.4,21.0,tcp,9.292271852493286,121.0,188.0,SF,1.0,1.0,0.0,ShAdDafFr,18.0,1065.0,17.0,1056.0,FTP
1720731644.240315,CU3zxK3vqlK4i5r5Va,192.168.1.6,40688.0,192.168.1.4,21.0,tcp,9.541746139526367,153.0,188.0,SF,1.0,1.0,0.0,ShAdDafrF,18.0,1097.0,17.0,1056.0,FTP
1720727881.311652,CSBwx331kdY75Xpvgi,192.168.1.4,49690.0,192.168.1.1,53.0,udp,0.062097072601318,76.0,155.0,SF,1.0,1.0,0.0,Dd,1.0,104.0,1.0,183.0,DNS
1720729062.404954,Czh4n83UbqK4qXglr6,192.168.1.6,59996.0,192.168.1.4,21.0,tcp,10.78217601776123,126.0,188.0,SF,1.0,1.0,0.0,ShAdDafrF,18.0,1070.0,17.0,1056.0,FTP
1720729426.134571,CypGLD17sOLkzHkXkc,192.168.1.6,47224.0,192.168.1.4,21.0,tcp,10.684031009674072,119.0,188.0,SF,1.0,1.0,0.0,ShAdDafrF,18.0,1063.0,17.0,1056.0,FTP
1720728124.745723,CQYt3g4EbELoAwlBO2,192.168.1.4,33871.0,192.168.1.1,53.0,udp,10.684031009674072,119.0,188.0,SF,1.0,1.0,0.0,ShAdDafrF,18.0,1063.0,17.0,1056.0,DNS
1720728275.602265,CAcxaN1eoZWdfCOiY8,192.168.1.4,52097.0,192.168.1.1,53.0,udp,0.001280069351196,68.0,129.0,SF,1.0,1.0,0.0,Dd,1.0,96.0,1.0,157.0,DNS
1720730363.723899,Coz95719QWsMQ3d8oj,192.168.1.6,44770.0,192.168.1.4,21.0,tcp,9.398150205612184,125.0,188.0,SF,1.0,1.0,0.0,ShAdDafrF,18.0,1069.0,17.0,1056.0,FTP
1720728154.58223,CsqiRk4RqnxWIbjnjb,192.168.1.4,44534.0,192.168.1.1,53.0,udp,0.001966953277587,54.0,118.0,SF,1.0,1.0,0.0,Dd,1.0,82.0,1.0,146.0,DNS
1720731672.836202,Ca8y6IEMTl20OG8c,192.168.1.6,43502.0,192.168.1.4,21.0,tcp,10.495534181594849,155.0,188.0,SF,1.0,1.0,0.0,ShAdDafrF,18.0,1099.0,17.0,1056.0,FTP
1720730992.33196,Cxxou44NHWBaI7B2H,192.168.1.6,55772.0,192.168.1.4,21.0,tcp,10.622291088104248,135.0,188.0,SF,1.0,1.0,0.0,ShAdDafrF,18.0,1079.0,17.0,1056.0,FTP
1720729448.949862,CeCI8L3V3GiolBR7Vh,192.168.1.6,55592.0,192.168.1.4,21.0,tcp,11.023082971572876,130.0,188.0,SF,1.0,1.0,0.0,ShAdDafrF,18.0,1074.0,17.0,1056.0,FTP
1720728197.750131,CBwMdF1dalP6euhVfd,192.168.1.6,53888.0,192.168.1.4,21.0,tcp,9.989646196365356,118.0,188.0,SF,1.0,1.0,0.0,ShAdDafrF,18.0,1062.0,17.0,1056.0,FTP
1720728219.951617,CtEEO84CfXr4JWghu,192.168.1.4,57805.0,192.168.1.1,53.0,udp,0.005844116210937,43.0,175.0,SF,1.0,1.0,0.0,Dd,1.0,71.0,1.0,203.0,DNS
1720728034.989421,CBmvw71GCns4qF0v0c,192.168.1.4,41571.0,142.250.81.238,443.0,udp,0.6512432098388671,7397.0,9372.0,SF,1.0,0.0,0.0,Dd,16.0,7845.0,19.0,9904.0,HTTPS
1720728245.100345,CvIA0yiyXz5yUBTvh,192.168.1.4,47212.0,192.168.1.1,53.0,udp,0.6512432098388671,7397.0,9372.0,SF,1.0,0.0,0.0,Dd,16.0,7845.0,19.0,9904.0,DNS
1720727884.504181,CLS9pN2Cm65nxSPez8,192.168.1.4,51158.0,192.168.1.1,53.0,udp,0.001819133758544,43.0,127.0,SF,1.0,1.0,0.0,Dd,1.0,71.0,1.0,155.0,DNS
1720729850.22175,ClVBkl2iG6VmTQopcl,192.168.1.6,41836.0,192.168.1.4,21.0,tcp,10.830195903778076,124.0,188.0,SF,1.0,1.0,0.0,ShAdDafrF,18.0,1068.0,17.0,1056.0,FTP
1720727883.607243,Co5xJz2uKltX0Bwzyl,192.168.1.4,53102.0,45.60.73.20,443.0,tcp,60.129570960998535,1782.0,5697.0,RSTO,1.0,0.0,0.0,ShADadfR,15.0,2570.0,14.0,6433.0,HTTPS
1720730211.476608,CFeNaW3SP5ZnEEAAt8,192.168.1.6,59430.0,192.168.1.4,21.0,tcp,10.77956485748291,125.0,188.0,SF,1.0,1.0,0.0,ShAdDafrF,18.0,1069.0,17.0,1056.0,FTP
1720728462.120838,C8Gtnd1MCskpIZJvfj,192.168.1.6,56086.0,192.168.1.4,21.0,tcp,9.855616092681885,116.0,188.0,SF,1.0,1.0,0.0,ShAdDafrF,18.0,1060.0,17.0,1056.0,FTP
1720731400.426516,C9TIlX2UXLXLVijcYb,192.168.1.6,48486.0,192.168.1.4,21.0,tcp,10.666802883148192,177.0,188.0,SF,1.0,1.0,0.0,ShAdDafrF,18.0,1121.0,17.0,1056.0,FTP
1720728245.215485,C2oxvq4Et5ATE2L1bg,192.168.1.4,47892.0,20.84.248.18,443.0,tcp,0.0,177.0,188.0,SF,0.0,1.0,0.0,ShAdDafrF,18.0,1121.0,17.0,1056.0,HTTPS
1720728371.204133,CpycSv3E0s7O8fwkN1,192.168.1.6,46814.0,192.168.1.4,21.0,tcp,10.490550994873049,118.0,188.0,SF,1.0,1.0,0.0,ShAdDafrF,18.0,1062.0,17.0,1056.0,FTP
1720727795.440787,CqPlbo4KnLj7yJHqFf,192.168.1.4,35675.0,192.168.1.1,53.0,udp,0.001147031784057,53.0,113.0,SF,1.0,1.0,0.0,Dd,1.0,81.0,1.0,141.0,DNS
1720727794.472161,CcBEdp2avuWWV8epwl,192.168.1.4,45266.0,142.251.32.104,443.0,udp,0.001147031784057,53.0,113.0,SF,1.0,1.0,0.0,IIiiiIhhHhHhH,1.0,81.0,1.0,141.0,HTTPS
1720729249.579852,CPXVFD4DaQg5NGF8Th,192.168.1.6,43990.0,192.168.1.4,21.0,tcp,9.267120838165283,123.0,188.0,SF,1.0,1.0,0.0,ShAdDafrF,18.0,1067.0,17.0,1056.0,FTP
1720727943.869353,C5yneu2TUFAePDjKY4,192.168.1.6,60172.0,192.168.1.4,21.0,tcp,10.848397970199583,117.0,188.0,SF,1.0,1.0,0.0,ShAdDafFr,18.0,1061.0,17.0,1056.0,FTP
1720728186.199917,CQ78k91h2cHS0hS6dh,192.168.1.4,46036.0,192.168.1.1,53.0,udp,10.848397970199583,117.0,188.0,SF,1.0,1.0,0.0,ShAdDafFr,18.0,1061.0,17.0,1056.0,DNS
1720730191.974464,C0dkE2192aub3Exylc,192.168.1.6,53676.0,192.168.1.4,21.0,tcp,10.686705112457275,129.0,188.0,SF,1.0,1.0,0.0,ShAdDafrF,18.0,1073.0,17.0,1056.0,FTP
1720728750.550874,CV9AOq3kzynENbVbi4,192.168.1.6,54212.0,192.168.1.4,21.0,tcp,10.404556035995483,117.0,188.0,SF,1.0,1.0,0.0,ShAdDafrF,18.0,1061.0,17.0,1056.0,FTP
1720728391.725473,ChA24f1c3UIeP8wlJ2,192.168.1.6,56624.0,192.168.1.4,21.0,tcp,10.55601406097412,118.0,188.0,SF,1.0,1.0,0.0,ShAdDafrF,18.0,1062.0,17.0,1056.0,FTP
1720728186.582019,ChsR1K2GsLYbH9uBKj,192.168.1.4,37447.0,142.250.80.66,443.0,udp,22.15650200843811,5200.0,9730.0,SF,1.0,0.0,0.0,Dd,14.0,5592.0,14.0,10122.0,HTTPS
1720728305.181017,CC5qR51tLbtSRlYMQ,192.168.1.4,43100.0,45.60.109.20,443.0,udp,22.15650200843811,5200.0,9730.0,SF,1.0,0.0,0.0,Dd,14.0,5592.0,14.0,10122.0,HTTPS
1720728937.928778,CPjcRC1RVlniWzLWpd,192.168.1.6,42440.0,192.168.1.4,21.0,tcp,9.88831114768982,153.0,188.0,SF,1.0,1.0,0.0,ShAdDafrF,18.0,1097.0,17.0,1056.0,FTP
1720728186.579667,CsNsoL3TkotA9OzpEe,192.168.1.4,45289.0,192.168.1.1,53.0,udp,0.001590967178344,56.0,330.0,SF,1.0,1.0,0.0,Dd,1.0,84.0,1.0,358.0,DNS
1720728237.605238,CepsUa1kotblrb3Ev4,192.168.1.6,39222.0,192.168.1.4,21.0,tcp,9.785871028900146,117.0,188.0,SF,1.0,1.0,0.0,ShAdDafrF,18.0,1061.0,17.0,1056.0,FTP
1720728031.185492,Cw2cQ54s1fE22XRv1,192.168.1.6,43200.0,192.168.1.4,21.0,tcp,10.949188947677612,117.0,188.0,SF,1.0,1.0,0.0,ShAdDafrF,18.0,1061.0,17.0,1056.0,FTP
1720728096.556937,C6Zbuf4KVl0GI6Lhwb,192.168.1.4,47390.0,192.168.1.1,53.0,udp,0.003222942352294,51.0,115.0,SF,1.0,1.0,0.0,Dd,1.0,79.0,1.0,143.0,DNS
1720731700.958589,Cov4Pa4kWUjWB6QJM,192.168.1.6,35586.0,192.168.1.4,21.0,tcp,9.366180896759031,170.0,188.0,SF,1.0,1.0,0.0,ShAdDafFr,18.0,1114.0,17.0,1056.0,FTP
1720728156.385292,Chvso220t60i9u3Yhe,192.168.1.4,53118.0,192.168.1.1,53.0,udp,0.001786947250366,54.0,118.0,SF,1.0,1.0,0.0,Dd,1.0,82.0,1.0,146.0,DNS
1720730351.097243,CIf5grZABuj3nuiBi,192.168.1.6,49010.0,192.168.1.4,21.0,tcp,9.693630933761597,139.0,188.0,SF,1.0,1.0,0.0,ShAdDafFr,18.0,1083.0,17.0,1056.0,FTP
1720731721.338674,CZ9o6A27sjhWt8Kr77,192.168.1.6,38676.0,192.168.1.4,21.0,tcp,11.177857875823976,182.0,188.0,SF,1.0,1.0,0.0,ShAdDafrF,18.0,1126.0,17.0,1056.0,FTP
1720728035.516565,CiG8a41ADoRFcPGghf,192.168.1.4,41578.0,192.168.1.1,53.0,udp,0.045387983322143,59.0,414.0,SF,1.0,1.0,0.0,Dd,1.0,87.0,1.0,442.0,DNS
1720727734.292262,CeIU1B2Mj2shxKSBE9,192.168.1.4,33292.0,104.18.41.49,443.0,tcp,400.73433685302734,3069.0,8410.0,SF,1.0,0.0,0.0,ShADadFf,32.0,4741.0,31.0,10030.0,HTTPS
1720728217.691127,CGrBvd2np8Ifs6gmi3,192.168.1.6,42442.0,192.168.1.4,21.0,tcp,9.56690788269043,118.0,188.0,SF,1.0,1.0,0.0,ShAdDafrF,18.0,1062.0,17.0,1056.0,FTP
1720729567.976599,CI1VP44dWbOrp8rlMd,192.168.1.6,55726.0,192.168.1.4,21.0,tcp,9.559118032455444,112.0,188.0,SF,1.0,1.0,0.0,ShAdDafrF,18.0,1056.0,17.0,1056.0,FTP
1720729327.331929,CVeVad2zTFnK5ePWa6,192.168.1.6,54772.0,192.168.1.4,21.0,tcp,10.114078044891356,111.0,188.0,SF,1.0,1.0,0.0,ShAdDafrF,18.0,1055.0,17.0,1056.0,FTP
1720729406.78859,C1YCoL199Pnd61KE29,192.168.1.6,36782.0,192.168.1.4,21.0,tcp,11.0559401512146,122.0,188.0,SF,1.0,1.0,0.0,ShAdDafFr,18.0,1066.0,17.0,1056.0,FTP
1720729362.577723,CErECb1NtA2YzQRhX3,192.168.1.6,48612.0,192.168.1.4,21.0,tcp,9.311908960342407,120.0,188.0,SF,1.0,1.0,0.0,ShAdDafFr,18.0,1064.0,17.0,1056.0,FTP
1720729493.949233,CdxcOw1tITqSewhlPj,192.168.1.6,43218.0,192.168.1.4,21.0,tcp,10.334787845611572,151.0,188.0,SF,1.0,1.0,0.0,ShAdDafrF,18.0,1095.0,17.0,1056.0,FTP
1720731649.865637,CwCphfhQEoGNn6xTk,192.168.1.6,40754.0,192.168.1.4,21.0,tcp,10.03069305419922,144.0,188.0,SF,1.0,1.0,0.0,ShAdDafrF,18.0,1088.0,17.0,1056.0,FTP
1720728430.142919,CwzWfR1E1KDgUcPItg,192.168.1.6,50528.0,192.168.1.4,21.0,tcp,10.825053930282593,117.0,188.0,SF,1.0,1.0,0.0,ShAdDafFr,18.0,1061.0,17.0,1056.0,FTP
1720731276.812768,CnqR0MdVZc5MDmbXj,192.168.1.6,39932.0,192.168.1.4,21.0,tcp,10.384432077407835,186.0,188.0,SF,1.0,1.0,0.0,ShAdDafrF,18.0,1130.0,17.0,1056.0,FTP
1720731780.968505,CpoBPKSMVME5uBmBb,192.168.1.6,50246.0,192.168.1.4,21.0,tcp,10.318936109542848,156.0,188.0,SF,1.0,1.0,0.0,ShAdDafrF,18.0,1100.0,17.0,1056.0,FTP
1720728155.15287,CO0kay3eIh7epQQ6rd,192.168.1.4,33077.0,192.168.1.1,53.0,udp,0.079512119293212,43.0,165.0,SF,1.0,1.0,0.0,Dd,1.0,71.0,1.0,193.0,DNS
1720728279.295936,C0gu3a4CT0WmMeseSe,192.168.1.6,57598.0,192.168.1.4,21.0,tcp,10.489638805389404,118.0,188.0,SF,1.0,1.0,0.0,ShAdDafrF,18.0,1062.0,17.0,1056.0,FTP
1720729150.32292,CbNond3QCYGURB0Fcb,192.168.1.6,38988.0,192.168.1.4,21.0,tcp,9.40282392501831,135.0,188.0,SF,1.0,1.0,0.0,ShAdDafrF,18.0,1079.0,17.0,1056.0,FTP
1720729432.469717,CICT27118JBElHpYY5,192.168.1.4,51158.0,91.189.91.46,443.0,tcp,0.251379966735839,989.0,19748.0,SF,1.0,0.0,0.0,ShADdaFRf,23.0,2169.0,21.0,20848.0,HTTPS
1720728219.93535,C4e1JJ7i40Y0ZX2R2,192.168.1.4,44673.0,192.168.1.1,53.0,udp,0.251379966735839,989.0,19748.0,SF,1.0,0.0,0.0,ShADdaFRf,23.0,2169.0,21.0,20848.0,DNS
1720729342.508585,CAKEvc1pwTUDqgMAbb,192.168.1.6,50834.0,192.168.1.4,21.0,tcp,10.75465703010559,122.0,188.0,SF,1.0,1.0,0.0,ShAdDafrF,18.0,1066.0,17.0,1056.0,FTP
1720728747.907319,CrUxoj18dGRYdyjdI5,192.168.1.6,54184.0,192.168.1.4,21.0,tcp,9.488844871520996,118.0,188.0,SF,1.0,1.0,0.0,ShAdDafrF,18.0,1062.0,17.0,1056.0,FTP
1720728271.883557,ClMGez2FsFDtbe3Ad,192.168.1.4,49103.0,192.168.1.1,53.0,udp,9.488844871520996,118.0,188.0,SF,1.0,1.0,0.0,ShAdDafrF,18.0,1062.0,17.0,1056.0,DNS
1720728273.733968,CIlvpL26PRRnAZKiP5,192.168.1.6,57470.0,192.168.1.4,21.0,tcp,10.759056091308594,118.0,188.0,SF,1.0,1.0,0.0,ShAdDafrF,18.0,1062.0,17.0,1056.0,FTP
1720730063.596392,CxHJ1h2cLC7u6DclH1,192.168.1.6,51176.0,192.168.1.4,21.0,tcp,10.17070198059082,128.0,188.0,SF,1.0,1.0,0.0,ShAdDafrF,18.0,1072.0,17.0,1056.0,FTP
1720731137.894532,Cn2xSo3tWmIA5ceKE7,192.168.1.6,35516.0,192.168.1.4,21.0,tcp,10.15017294883728,109.0,188.0,SF,1.0,1.0,0.0,ShAdDafrF,18.0,1053.0,17.0,1056.0,FTP
1720728185.119445,CcWKMe2DWG6mc32YU9,192.168.1.4,58719.0,192.168.1.1,53.0,udp,10.15017294883728,109.0,188.0,SF,1.0,1.0,0.0,ShAdDafrF,18.0,1053.0,17.0,1056.0,DNS
1720727824.769347,Cuoxul3suxsHX6aL68,192.168.1.4,48080.0,192.168.1.1,53.0,udp,0.015777111053466,44.0,341.0,SF,1.0,1.0,0.0,Dd,1.0,72.0,1.0,369.0,DNS
1720731832.054795,CpIxdn1oySj4MkwR13,192.168.1.6,45434.0,192.168.1.4,21.0,tcp,9.64863395690918,167.0,188.0,SF,1.0,1.0,0.0,ShAdDafrF,18.0,1111.0,17.0,1056.0,FTP
1720727915.063908,CkAFtl3zbQsdYjbNb,192.168.1.4,32904.0,192.168.1.1,53.0,udp,9.64863395690918,167.0,188.0,SF,1.0,1.0,0.0,ShAdDafrF,18.0,1111.0,17.0,1056.0,DNS
1720728009.441376,CDVBWB1A6RRlchLjEd,192.168.1.4,42152.0,192.168.1.1,53.0,udp,9.64863395690918,167.0,188.0,SF,1.0,1.0,0.0,ShAdDafrF,18.0,1111.0,17.0,1056.0,DNS
1720727675.589795,C5IcmV2SUQU4tOMsge,192.168.1.4,54806.0,23.46.57.181,443.0,tcp,120.15119695663452,2636.0,4647.0,SF,1.0,0.0,0.0,ShADadfF,17.0,3528.0,20.0,5695.0,HTTPS
1720729759.661062,CXJVh4164murZ5WDqc,192.168.1.6,43628.0,192.168.1.4,21.0,tcp,9.64563798904419,116.0,188.0,SF,1.0,1.0,0.0,ShAdDafFr,18.0,1060.0,17.0,1056.0,FTP
1720728550.273291,CHxS4SuMkgtmxA4na,192.168.1.6,33060.0,192.168.1.4,21.0,tcp,10.42399787902832,118.0,188.0,SF,1.0,1.0,0.0,ShAdDafFr,18.0,1062.0,17.0,1056.0,FTP
1720731086.827951,C9CrUi4vTrWFngy268,192.168.1.6,51498.0,192.168.1.4,21.0,tcp,9.456588983535768,125.0,188.0,SF,1.0,1.0,0.0,ShAdDafrF,18.0,1069.0,17.0,1056.0,FTP
1720727792.344256,CiPXtN1yqTMcgi712c,192.168.1.6,45804.0,192.168.1.4,21.0,tcp,9.444921016693115,118.0,188.0,SF,1.0,1.0,0.0,ShAdDafFr,18.0,1062.0,17.0,1056.0,FTP
1720728035.239894,CUgeXi3AMKx4SSTTU4,192.168.1.4,59848.0,20.114.189.135,443.0,tcp,9.444921016693115,118.0,188.0,SF,1.0,1.0,0.0,ShAdDafFr,18.0,1062.0,17.0,1056.0,HTTPS
1720727914.303192,CEm8E31bHbQz7Qzjx3,192.168.1.4,39072.0,192.168.1.1,53.0,udp,0.015077114105224,53.0,286.0,SF,1.0,1.0,0.0,Dd,1.0,81.0,1.0,314.0,DNS
1720730243.539072,CiszdB3NFXig7J1WBd,192.168.1.6,59260.0,192.168.1.4,21.0,tcp,10.493064880371094,132.0,188.0,SF,1.0,1.0,0.0,ShAdDafFr,18.0,1076.0,17.0,1056.0,FTP
1720728943.393329,CPU4M21MJOgObtKAs6,192.168.1.6,37550.0,192.168.1.4,21.0,tcp,10.08203411102295,135.0,188.0,SF,1.0,1.0,0.0,ShAdDafrF,18.0,1079.0,17.0,1056.0,FTP
1720731529.337941,ChuBvn1PIM5PFNOzah,192.168.1.6,46542.0,192.168.1.4,21.0,tcp,10.465800046920776,143.0,188.0,SF,1.0,1.0,0.0,ShAdDafFr,18.0,1087.0,17.0,1056.0,FTP
1720729534.468862,CUytJs3kVwVvxqEKG4,192.168.1.6,37630.0,192.168.1.4,21.0,tcp,10.83252501487732,136.0,188.0,SF,1.0,1.0,0.0,ShAdDafFr,18.0,1080.0,17.0,1056.0,FTP
1720728937.3964,CjCFCGLQgMVvotcA,192.168.1.6,42400.0,192.168.1.4,21.0,tcp,9.333346128463743,159.0,188.0,SF,1.0,1.0,0.0,ShAdDafrF,18.0,1103.0,17.0,1056.0,FTP
1720728275.602265,CAcxaN1eoZWdfCOiY8,192.168.1.4,52097.0,192.168.1.1,53.0,udp,9.333346128463743,159.0,188.0,SF,1.0,1.0,0.0,ShAdDafrF,18.0,1103.0,17.0,1056.0,DNS
1720731595.143842,CPqMOm4mQrl897loz4,192.168.1.6,60882.0,192.168.1.4,21.0,tcp,9.714103937149048,162.0,188.0,SF,1.0,1.0,0.0,ShAdDafFr,18.0,1106.0,17.0,1056.0,FTP
1720730721.367527,CbkSU1JsURUJcnhv7,192.168.1.6,44042.0,192.168.1.4,21.0,tcp,9.557558059692385,134.0,188.0,SF,1.0,1.0,0.0,ShAdDafrF,18.0,1078.0,17.0,1056.0,FTP
1720729992.884653,CRqgS71L59ZFibT1Db,192.168.1.6,44602.0,192.168.1.4,21.0,tcp,10.065331935882568,128.0,188.0,SF,1.0,1.0,0.0,ShAdDafFr,18.0,1072.0,17.0,1056.0,FTP
1720728537.573659,Co03261I69BOwOaLRd,192.168.1.6,36586.0,192.168.1.4,21.0,tcp,9.34223699569702,118.0,188.0,SF,1.0,1.0,0.0,ShAdDafFr,18.0,1062.0,17.0,1056.0,FTP
1720728514.466295,CitkhI2TYJB255cLMb,192.168.1.6,48300.0,192.168.1.4,21.0,tcp,9.26705002784729,118.0,188.0,SF,1.0,1.0,0.0,ShAdDafrF,18.0,1062.0,17.0,1056.0,FTP
1720731732.516653,CPsCzfhEwhkYHL6F,192.168.1.6,34670.0,192.168.1.4,21.0,tcp,10.055738925933838,166.0,188.0,SF,1.0,1.0,0.0,ShAdDafrF,18.0,1110.0,17.0,1056.0,FTP
1720727733.794668,CJjC1o212QFPBm7jcj,192.168.1.4,55517.0,142.250.80.34,443.0,tcp,10.055738925933838,166.0,188.0,SF,1.0,1.0,0.0,ShAdDafrF,18.0,1110.0,17.0,1056.0,HTTPS
1720728185.115907,CrRQId1h3VVSVsNpv2,192.168.1.4,40037.0,192.168.1.1,53.0,udp,10.055738925933838,166.0,188.0,SF,1.0,1.0,0.0,ShAdDafrF,18.0,1110.0,17.0,1056.0,DNS
1720727892.2931,CETLry2bDnw7EQ4vj,192.168.1.6,53584.0,192.168.1.4,21.0,tcp,10.13690185546875,118.0,188.0,SF,1.0,1.0,0.0,ShAdDafFr,18.0,1062.0,17.0,1056.0,FTP
1720729222.970035,Cqssug1D4NdfQSjtpl,192.168.1.6,34926.0,192.168.1.4,21.0,tcp,10.608566999435425,120.0,188.0,SF,1.0,1.0,0.0,ShAdDafrF,18.0,1064.0,17.0,1056.0,FTP
1720727884.86895,CDVHgm3qbHaKhkKFxe,192.168.1.4,33636.0,192.168.1.1,53.0,udp,0.006627082824707,42.0,99.0,SF,1.0,1.0,0.0,Dd,1.0,70.0,1.0,127.0,DNS
1720727845.100492,CcR1UM1RO7I7lawVqh,192.168.1.6,39338.0,192.168.1.4,21.0,tcp,10.617862939834597,118.0,188.0,SF,1.0,1.0,0.0,ShAdDafFr,18.0,1062.0,17.0,1056.0,FTP
1720728176.696569,CtGmYD4WxJNkkt4QR,192.168.1.6,37078.0,192.168.1.4,21.0,tcp,9.66051197052002,118.0,188.0,SF,1.0,1.0,0.0,ShAdDafrF,18.0,1062.0,17.0,1056.0,FTP
1720731662.975177,CJ6MBgqvb38ivRxei,192.168.1.6,43382.0,192.168.1.4,21.0,tcp,9.836341857910156,149.0,188.0,SF,1.0,1.0,0.0,ShAdDafrF,18.0,1093.0,17.0,1056.0,FTP
1720728215.820561,CM2KTx3thQeVst9MMl,192.168.1.4,57717.0,162.159.135.232,443.0,tcp,9.836341857910156,149.0,188.0,SF,1.0,1.0,0.0,ShAdDafrF,18.0,1093.0,17.0,1056.0,HTTPS
1720728305.732961,CFG2Hy4sYLvc6faIKd,192.168.1.4,54001.0,192.168.1.1,53.0,udp,9.836341857910156,149.0,188.0,SF,1.0,1.0,0.0,ShAdDafrF,18.0,1093.0,17.0,1056.0,DNS
1720728353.570499,CGN9N23WccIJFwK32i,192.168.1.6,35966.0,192.168.1.4,21.0,tcp,10.251397132873535,118.0,188.0,SF,1.0,1.0,0.0,ShAdDafrF,18.0,1062.0,17.0,1056.0,FTP
1720727733.383331,CWJ76E3InKj7iT4yhd,192.168.1.4,40886.0,104.19.178.52,443.0,tcp,400.432550907135,2820.0,48010.0,SF,1.0,0.0,0.0,ShADadFf,44.0,5116.0,53.0,50774.0,HTTPS
1720729154.986628,ChD2nf1teWYgSLDez7,192.168.1.6,45816.0,192.168.1.4,21.0,tcp,9.907192945480348,117.0,188.0,SF,1.0,1.0,0.0,ShAdDafrF,18.0,1061.0,17.0,1056.0,FTP
1720729347.81463,Cdu5k1392Kz2euZAq9,192.168.1.6,32940.0,192.168.1.4,21.0,tcp,9.955535888671877,132.0,188.0,SF,1.0,1.0,0.0,ShAdDafrF,18.0,1076.0,17.0,1056.0,FTP
1720728186.333456,CGAGq53Irph0FBxcO1,192.168.1.4,49186.0,23.205.106.91,443.0,tcp,9.955535888671877,132.0,188.0,SF,1.0,1.0,0.0,ShAdDafrF,18.0,1076.0,17.0,1056.0,HTTPS
1720727790.853738,CN7YaZ3AVAWakGVSX9,192.168.1.4,41031.0,192.168.1.1,53.0,udp,0.001924037933349,41.0,209.0,SF,1.0,1.0,0.0,Dd,1.0,69.0,1.0,237.0,DNS
1720729624.104254,CKVIP3LnZDm4VvQKd,192.168.1.6,32884.0,192.168.1.4,21.0,tcp,9.271806001663208,113.0,188.0,SF,1.0,1.0,0.0,ShAdDafrF,18.0,1057.0,17.0,1056.0,FTP
1720728665.409227,C2TG7B4N25cizLo5m3,192.168.1.6,34264.0,192.168.1.4,21.0,tcp,9.933574199676514,148.0,188.0,SF,1.0,1.0,0.0,ShAdDafFr,18.0,1092.0,17.0,1056.0,FTP
1720731752.586354,COCopI2mskPfTB6PJk,192.168.1.6,40512.0,192.168.1.4,21.0,tcp,11.25091290473938,171.0,188.0,SF,1.0,1.0,0.0,ShAdDafrF,18.0,1115.0,17.0,1056.0,FTP
1720730668.876793,CAzykX112sjnu9sZV6,192.168.1.6,45620.0,192.168.1.4,21.0,tcp,10.336610078811646,130.0,188.0,SF,1.0,1.0,0.0,ShAdDafrF,18.0,1074.0,17.0,1056.0,FTP
1720727914.28179,Cgg7wEEVZdaeTG2Ya,192.168.1.4,60161.0,192.168.1.1,53.0,udp,0.087692975997924,55.0,203.0,SF,1.0,1.0,0.0,Dd,1.0,83.0,1.0,231.0,DNS
1720727824.829149,CwGb2q1fHUaM1GXYb,192.168.1.4,54123.0,192.168.1.1,53.0,udp,0.087692975997924,55.0,203.0,SF,1.0,1.0,0.0,Dd,1.0,83.0,1.0,231.0,DNS
1720729720.252598,Cgatound0bLvQraD,192.168.1.6,56604.0,192.168.1.4,21.0,tcp,9.83310890197754,121.0,188.0,SF,1.0,1.0,0.0,ShAdDafrF,18.0,1065.0,17.0,1056.0,FTP
1720728096.340611,C4LiNl27EnkOORL06c,192.168.1.4,36507.0,192.168.1.1,53.0,udp,9.83310890197754,121.0,188.0,SF,1.0,1.0,0.0,ShAdDafrF,18.0,1065.0,17.0,1056.0,DNS
1720731748.028265,CrRXsW1q6VujmHaJP1,192.168.1.6,40460.0,192.168.1.4,21.0,tcp,10.525094032287598,180.0,188.0,SF,1.0,1.0,0.0,ShAdDafrF,18.0,1124.0,17.0,1056.0,FTP
1720730826.242704,CRBEQ8zn5O3vMwuXj,192.168.1.6,34258.0,192.168.1.4,21.0,tcp,10.605365991592407,123.0,188.0,SF,1.0,1.0,0.0,ShAdDafrF,18.0,1067.0,17.0,1056.0,FTP
1720729700.639965,CraGRn1OCJWuSMIbi,192.168.1.6,36712.0,192.168.1.4,21.0,tcp,9.05756402015686,145.0,188.0,SF,1.0,1.0,0.0,ShAdDafrF,18.0,1089.0,17.0,1056.0,FTP
1720731087.789637,CU9NC74PizploPNbx6,192.168.1.6,51594.0,192.168.1.4,21.0,tcp,9.902665853500366,127.0,188.0,SF,1.0,1.0,0.0,ShAdDafrF,18.0,1071.0,17.0,1056.0,FTP
1720728600.134597,CcwKtaQXN0XvryHu1,192.168.1.6,35574.0,192.168.1.4,21.0,tcp,10.826613903045654,115.0,188.0,SF,1.0,1.0,0.0,ShAdDafrF,18.0,1059.0,17.0,1056.0,FTP
1720731038.900843,CcdJzjYhp44o3Pup8,192.168.1.6,56890.0,192.168.1.4,21.0,tcp,10.17349410057068,121.0,188.0,SF,1.0,1.0,0.0,ShAdDafrF,18.0,1065.0,17.0,1056.0,FTP
1720727983.343422,Ca53vt1mu1K1uhFhu6,192.168.1.4,42769.0,192.168.1.1,53.0,udp,0.001861095428466,74.0,139.0,SF,1.0,1.0,0.0,Dd,1.0,102.0,1.0,167.0,DNS
1720727884.844513,CeZ5vnNyQ8CdFWMjj,192.168.1.4,58360.0,34.149.158.18,443.0,udp,0.001861095428466,74.0,139.0,SF,1.0,1.0,0.0,Dd,1.0,102.0,1.0,167.0,HTTPS
1720731670.163262,C8JLVibNwfVWYIAPg,192.168.1.6,43426.0,192.168.1.4,21.0,tcp,9.590480089187622,158.0,188.0,SF,1.0,1.0,0.0,ShAdDafrF,18.0,1102.0,17.0,1056.0,FTP
1720728788.634897,CuoZYO2Y69mg8duKA7,192.168.1.6,33904.0,192.168.1.4,21.0,tcp,9.787193059921265,135.0,188.0,SF,1.0,1.0,0.0,ShAdDafrF,18.0,1079.0,17.0,1056.0,FTP
1720729629.50325,C1AJPcAMSCWfqtXc5,192.168.1.6,32928.0,192.168.1.4,21.0,tcp,9.597815036773682,123.0,188.0,SF,1.0,1.0,0.0,ShAdDafFr,18.0,1067.0,17.0,1056.0,FTP
1720727786.644971,CVeiniWhbcr1XwTB9,192.168.1.4,39190.0,104.96.221.57,443.0,udp,0.07983112335205,3642.0,6528.0,SF,1.0,0.0,0.0,Dd,12.0,3978.0,15.0,6948.0,HTTPS
1720730534.722626,C1UaNrCFKiXn5D1Mj,192.168.1.6,58694.0,192.168.1.4,21.0,tcp,10.138577938079834,128.0,188.0,SF,1.0,1.0,0.0,ShAdDafrF,18.0,1072.0,17.0,1056.0,FTP
1720727991.336821,CNU2Fq2PJ6kIPFUD8,192.168.1.6,48688.0,192.168.1.4,21.0,tcp,10.051883935928345,118.0,188.0,SF,1.0,1.0,0.0,ShAdDafFr,18.0,1062.0,17.0,1056.0,FTP
1720730871.527738,CF1IADUHBgat0aZOg,192.168.1.6,39216.0,192.168.1.4,21.0,tcp,9.183729887008669,135.0,188.0,SF,1.0,1.0,0.0,ShAdDafFr,18.0,1079.0,17.0,1056.0,FTP
1720728106.846641,CSI081PPMiHSRT9n5,192.168.1.4,56990.0,162.247.243.29,443.0,tcp,9.183729887008669,135.0,188.0,SF,1.0,1.0,0.0,ShAdDafFr,18.0,1079.0,17.0,1056.0,HTTPS
1720729779.622276,CaV28T1tXzZ4oeZpAg,192.168.1.6,46784.0,192.168.1.4,21.0,tcp,9.89724087715149,114.0,188.0,SF,1.0,1.0,0.0,ShAdDafrF,18.0,1058.0,17.0,1056.0,FTP
1720729821.005722,CADO3eE0lSF7j1wc5,192.168.1.6,34412.0,192.168.1.4,21.0,tcp,10.233458042144775,133.0,188.0,SF,1.0,1.0,0.0,ShAdDafrF,18.0,1077.0,17.0,1056.0,FTP
1720728216.497464,CoMQdC3jmOnsflKjcf,192.168.1.4,55196.0,162.159.133.233,443.0,tcp,10.233458042144775,133.0,188.0,SF,1.0,1.0,0.0,ShAdDafrF,18.0,1077.0,17.0,1056.0,HTTPS
1720728125.231846,CwLRNy1XKpKOt0VQcj,192.168.1.4,37298.0,192.168.1.1,53.0,udp,0.01889681816101,49.0,127.0,SF,1.0,1.0,0.0,Dd,1.0,77.0,1.0,155.0,DNS
1720728311.134117,CfJI3a3G1UIfPhy1Di,192.168.1.6,45766.0,192.168.1.4,21.0,tcp,9.843523025512695,118.0,188.0,SF,1.0,1.0,0.0,ShAdDafrF,18.0,1062.0,17.0,1056.0,FTP
1720727915.634378,ClpZ1n2OAR8NiF0vR4,192.168.1.4,52791.0,31.13.71.7,443.0,udp,0.06522798538208,2802.0,4575.0,SF,1.0,0.0,0.0,Dd,7.0,2998.0,10.0,4855.0,HTTPS
1720731076.957475,CNgRzL1LImU1KySshd,192.168.1.6,56970.0,192.168.1.4,21.0,tcp,10.831987142562866,118.0,188.0,SF,1.0,1.0,0.0,ShAdDafrF,18.0,1062.0,17.0,1056.0,FTP
1720727916.283503,C2BKmz3C1d0hokMMbb,192.168.1.4,42352.0,34.128.128.0,443.0,tcp,292.46499490737915,4253.0,4400.0,SF,1.0,0.0,0.0,ShADadFf,24.0,5509.0,24.0,5656.0,HTTPS
1720727833.23367,CIPA6r3pUZeEKQD6j3,192.168.1.4,57987.0,192.168.1.1,53.0,udp,292.46499490737915,4253.0,4400.0,SF,1.0,0.0,0.0,ShADadFf,24.0,5509.0,24.0,5656.0,DNS
1720729445.357628,C17VVE3xZPChaiTsI6,192.168.1.6,55580.0,192.168.1.4,21.0,tcp,10.981794834136965,144.0,188.0,SF,1.0,1.0,0.0,ShAdDafFr,18.0,1088.0,17.0,1056.0,FTP
1720731829.595841,CscjGJ2YQkRw9u24Wc,192.168.1.6,45374.0,192.168.1.4,21.0,tcp,8.887753963470459,163.0,188.0,SF,1.0,1.0,0.0,ShAdDafFr,18.0,1107.0,17.0,1056.0,FTP
1720731949.262185,CcCrpK39juoDEYw3Mf,192.168.1.6,39526.0,192.168.1.4,21.0,tcp,9.166708946228027,123.0,188.0,SF,1.0,1.0,0.0,ShAdDafFr,18.0,1067.0,17.0,1056.0,FTP
1720730637.58482,CWxqkJ1LGWi1o0bMP,192.168.1.6,48628.0,192.168.1.4,21.0,tcp,10.909383058547974,131.0,188.0,SF,1.0,1.0,0.0,ShAdDafFr,18.0,1075.0,17.0,1056.0,FTP
1720730508.731565,CUXR7LEALM7gPTQo5,192.168.1.6,60868.0,192.168.1.4,21.0,tcp,10.43500590324402,125.0,188.0,SF,1.0,1.0,0.0,ShAdDafFr,18.0,1069.0,17.0,1056.0,FTP
1720731760.692421,C33TBb39DCo2UKTcBd,192.168.1.6,51836.0,192.168.1.4,21.0,tcp,10.747029066085815,165.0,188.0,SF,1.0,1.0,0.0,ShAdDafrF,18.0,1109.0,17.0,1056.0,FTP
1720727793.830615,C21x5y474sMUyz0QD7,192.168.1.4,58335.0,192.168.1.1,53.0,udp,0.068747043609619,45.0,127.0,SF,1.0,1.0,0.0,Dd,1.0,73.0,1.0,155.0,DNS
1720729185.637924,CaKQSj4i7lurPkhVWk,192.168.1.6,50110.0,192.168.1.4,21.0,tcp,10.579010009765623,139.0,188.0,SF,1.0,1.0,0.0,ShAdDafFr,18.0,1083.0,17.0,1056.0,FTP
1720731433.085625,CHQ5Zg2viNwXZtXr1j,192.168.1.6,52966.0,192.168.1.4,21.0,tcp,11.1185040473938,157.0,188.0,SF,1.0,1.0,0.0,ShAdDafrF,18.0,1101.0,17.0,1056.0,FTP
1720728096.393935,C081533Bft737D4RBj,192.168.1.4,46577.0,192.168.1.1,53.0,udp,0.035112142562866,65.0,126.0,SF,1.0,1.0,0.0,Dd,1.0,93.0,1.0,154.0,DNS
1720728695.317701,CEbqFf2JrOViXAFHzi,192.168.1.6,40120.0,192.168.1.4,21.0,tcp,10.482499837875366,136.0,188.0,SF,1.0,1.0,0.0,ShAdDafrF,18.0,1080.0,17.0,1056.0,FTP
1720731554.704686,CGlmuQ144oUcjRDaJa,192.168.1.6,35554.0,192.168.1.4,21.0,tcp,9.89440107345581,142.0,188.0,SF,1.0,1.0,0.0,ShAdDafrF,18.0,1086.0,17.0,1056.0,FTP
1720728219.960652,CvoOtO3hBHCPdK0lOb,192.168.1.4,46115.0,192.168.1.1,53.0,udp,0.002868890762329,40.0,156.0,SF,1.0,1.0,0.0,Dd,1.0,68.0,1.0,184.0,DNS
1720728064.189832,CuK5ek25KEOimAEDBj,192.168.1.4,41153.0,192.168.1.1,53.0,udp,0.087225914001464,43.0,132.0,SF,1.0,1.0,0.0,Dd,1.0,71.0,1.0,160.0,DNS
1720728698.324951,Cd24aU14gpFMj8UW05,192.168.1.6,40200.0,192.168.1.4,21.0,tcp,10.52432417869568,132.0,188.0,SF,1.0,1.0,0.0,ShAdDafrF,18.0,1076.0,17.0,1056.0,FTP
1720728110.987888,C9TEgw1EfwSZykYfHj,192.168.1.6,37234.0,192.168.1.4,21.0,tcp,9.363741874694824,118.0,188.0,SF,1.0,1.0,0.0,ShAdDafrF,18.0,1062.0,17.0,1056.0,FTP
1720728360.741124,CUXjZy20jL1qWQIpl4,192.168.1.6,36070.0,192.168.1.4,21.0,tcp,9.725394010543823,117.0,188.0,SF,1.0,1.0,0.0,ShAdDafrF,18.0,1061.0,17.0,1056.0,FTP
1720730776.000792,C6ZWICwvaYKE9WBha,192.168.1.6,57976.0,192.168.1.4,21.0,tcp,9.722580909729004,122.0,188.0,SF,1.0,1.0,0.0,ShAdDafrF,18.0,1066.0,17.0,1056.0,FTP
1720728064.383163,CIeRV73DbF5V7TmPSa,192.168.1.4,33806.0,192.168.1.1,53.0,udp,0.001786947250366,54.0,136.0,SF,1.0,1.0,0.0,Dd,1.0,82.0,1.0,164.0,DNS
1720728125.357063,CiBry52tjC7nWCWdRf,192.168.1.4,43334.0,104.18.10.207,443.0,udp,0.001786947250366,54.0,136.0,SF,1.0,1.0,0.0,IIiiiIhhhhHH,1.0,82.0,1.0,164.0,HTTPS
1720727763.12442,CllWNs2zHxD9m2F0Xl,192.168.1.4,57273.0,192.168.1.1,53.0,udp,0.003177165985107,41.0,209.0,SF,1.0,1.0,0.0,Dd,1.0,69.0,1.0,237.0,DNS
1720727794.683414,CWmHlevjgnWwVAEKa,192.168.1.4,35238.0,192.168.1.1,53.0,udp,0.003177165985107,41.0,209.0,SF,1.0,1.0,0.0,Dd,1.0,69.0,1.0,237.0,DNS
1720731277.601488,C4VSRWwWEv8TxU57e,192.168.1.6,39948.0,192.168.1.4,21.0,tcp,10.39971089363098,160.0,188.0,SF,1.0,1.0,0.0,ShAdDafrF,18.0,1104.0,17.0,1056.0,FTP
1720728096.345332,C1phkj3Tv91kUagRHf,192.168.1.4,48493.0,192.168.1.1,53.0,udp,10.39971089363098,160.0,188.0,SF,1.0,1.0,0.0,ShAdDafrF,18.0,1104.0,17.0,1056.0,DNS
1720728602.442652,CZIpRS2e9Zey9c4WKg,192.168.1.6,35618.0,192.168.1.4,21.0,tcp,9.65087103843689,122.0,188.0,SF,1.0,1.0,0.0,ShAdDafrF,18.0,1066.0,17.0,1056.0,FTP
1720727915.73634,CjWtEr2Yhu4MlFeNfe,192.168.1.6,39858.0,192.168.1.4,21.0,tcp,11.32835292816162,118.0,188.0,SF,1.0,1.0,0.0,ShAdDafrF,18.0,1062.0,17.0,1056.0,FTP
1720728275.829241,CYdt2P3i4BIyNiTzGi,192.168.1.4,58616.0,152.195.19.97,443.0,tcp,0.058542013168334,2418.0,6621.0,SF,1.0,0.0,0.0,ShADadFRf,11.0,2962.0,11.0,7201.0,HTTPS
1720727885.014935,CMOd6Sv6HKDcNmije,192.168.1.4,57978.0,142.251.32.102,443.0,tcp,0.058542013168334,2418.0,6621.0,SF,1.0,0.0,0.0,ShADadFRf,11.0,2962.0,11.0,7201.0,HTTPS
1720728305.18674,CJTnR127DdI8kraJxe,192.168.1.4,54732.0,192.168.1.1,53.0,udp,0.001605987548828,37.0,119.0,SF,1.0,1.0,0.0,Dd,1.0,65.0,1.0,147.0,DNS
1720728445.77978,CCn34l4qzDGwVymMJk,192.168.1.6,37900.0,192.168.1.4,21.0,tcp,10.605587005615234,118.0,188.0,SF,1.0,1.0,0.0,ShAdDafrF,18.0,1062.0,17.0,1056.0,FTP
1720730860.657296,CvJTXfNyfRMInulg7,192.168.1.6,42006.0,192.168.1.4,21.0,tcp,10.8803870677948,125.0,188.0,SF,1.0,1.0,0.0,ShAdDafFr,18.0,1069.0,17.0,1056.0,FTP
1720729396.12578,CdB1U73bIe5fHb6mQf,192.168.1.6,49084.0,192.168.1.4,21.0,tcp,10.673223972320557,124.0,188.0,SF,1.0,1.0,0.0,ShAdDafrF,18.0,1068.0,17.0,1056.0,FTP
1720727969.244282,C3Iqcv2La44oSh3Csi,192.168.1.6,41718.0,192.168.1.4,21.0,tcp,10.96823000907898,118.0,188.0,SF,1.0,1.0,0.0,ShAdDafrF,18.0,1062.0,17.0,1056.0,FTP
1720728252.649919,CC6qoM1Y0NeWf7TzXd,192.168.1.6,50896.0,192.168.1.4,21.0,tcp,10.311920881271362,118.0,188.0,SF,1.0,1.0,0.0,ShAdDafrF,18.0,1062.0,17.0,1056.0,FTP
1720728154.564357,CA9DH429Gr6pGucbJ,192.168.1.4,33160.0,192.168.1.1,53.0,udp,0.003825902938842,43.0,396.0,SF,1.0,1.0,0.0,Dd,1.0,71.0,1.0,424.0,DNS
1720728306.007743,CZ17RI1nfCSy6cEvFk,192.168.1.4,53237.0,192.168.1.1,53.0,udp,0.081688165664672,37.0,273.0,SF,1.0,1.0,0.0,Dd,1.0,65.0,1.0,301.0,DNS
1720728096.522361,CG08Od1r7kMQCNclA1,192.168.1.4,45088.0,23.212.250.9,443.0,tcp,20.311717987060547,2144.0,581.0,SF,1.0,0.0,0.0,ShADadfF,9.0,2620.0,9.0,1057.0,HTTPS
1720730654.800604,CfMUFe2ve3QZAWlxLl,192.168.1.6,44618.0,192.168.1.4,21.0,tcp,9.906890869140623,131.0,188.0,SF,1.0,1.0,0.0,ShAdDafrF,18.0,1075.0,17.0,1056.0,FTP
1720729756.133016,Cgsh453qHdhROy6ydd,192.168.1.6,43586.0,192.168.1.4,21.0,tcp,9.66245985031128,114.0,188.0,SF,1.0,1.0,0.0,ShAdDafrF,18.0,1058.0,17.0,1056.0,FTP
1720728940.421589,C6X0Nd2j0VZ6qE7DXa,192.168.1.6,42450.0,192.168.1.4,21.0,tcp,9.56125020980835,141.0,188.0,SF,1.0,1.0,0.0,ShAdDafrF,18.0,1085.0,17.0,1056.0,FTP
1720729727.574144,Chb3Jt1t60D4r29qe8,192.168.1.6,37936.0,192.168.1.4,21.0,tcp,9.789710998535156,111.0,188.0,SF,1.0,1.0,0.0,ShAdDafFr,18.0,1055.0,17.0,1056.0,FTP
1720730929.365193,Cn28oF2SVTJRlLf9Hb,192.168.1.6,43502.0,192.168.1.4,21.0,tcp,11.370596170425417,153.0,188.0,SF,1.0,1.0,0.0,ShAdDafrF,18.0,1097.0,17.0,1056.0,FTP
1720731432.099141,CncFAngzRTZfVGbA8,192.168.1.6,35516.0,192.168.1.4,21.0,tcp,10.2310950756073,165.0,188.0,SF,1.0,1.0,0.0,ShAdDafrF,18.0,1109.0,17.0,1056.0,FTP
1720730911.21684,CZldIc1ytepifouaO2,192.168.1.6,40236.0,192.168.1.4,21.0,tcp,10.815975904464722,130.0,188.0,SF,1.0,1.0,0.0,ShAdDafrF,18.0,1074.0,17.0,1056.0,FTP
1720729922.252042,C2WQWe4dsvJSCypkVg,192.168.1.6,45598.0,192.168.1.4,21.0,tcp,9.019429922103882,123.0,188.0,SF,1.0,1.0,0.0,ShAdDafrF,18.0,1067.0,17.0,1056.0,FTP
1720729288.869446,CYfm1o1hoENjdgKCTa,192.168.1.6,38186.0,192.168.1.4,21.0,tcp,10.326089859008787,118.0,188.0,SF,1.0,1.0,0.0,ShAdDafrF,18.0,1062.0,17.0,1056.0,FTP
1720728271.9324,CeR6jE1qEptXPzqL08,192.168.1.4,40054.0,23.218.218.191,443.0,tcp,10.326089859008787,118.0,188.0,SF,1.0,1.0,0.0,ShAdDafrF,18.0,1062.0,17.0,1056.0,HTTPS
1720727786.544474,CeTBOj0MNdYQrbSp9,192.168.1.4,43162.0,35.190.80.1,443.0,tcp,422.20708417892456,3239.0,4070.0,SF,1.0,0.0,0.0,ShADadFf,27.0,4651.0,23.0,5274.0,HTTPS
1720731574.424027,CgIra61h3JYAysRvMe,192.168.1.6,57224.0,192.168.1.4,21.0,tcp,9.057079076766968,145.0,188.0,SF,1.0,1.0,0.0,ShAdDafFr,18.0,1089.0,17.0,1056.0,FTP
1720727764.855949,CVFJbR1OxvMFlSCkwi,192.168.1.4,59560.0,192.168.1.1,53.0,udp,0.153869152069091,127.0,127.0,SF,1.0,1.0,0.0,Dd,3.0,211.0,3.0,211.0,DNS
1720731483.191505,CpViip4nYUEoWc2fml,192.168.1.6,60646.0,192.168.1.4,21.0,tcp,10.488810062408447,172.0,188.0,SF,1.0,1.0,0.0,ShAdDafFr,18.0,1116.0,17.0,1056.0,FTP
1720727897.307824,CeRh7w4wB2c7bV21Gl,192.168.1.4,36297.0,192.168.1.1,53.0,udp,10.488810062408447,172.0,188.0,SF,1.0,1.0,0.0,ShAdDafFr,18.0,1116.0,17.0,1056.0,DNS
1720727915.605943,CfBU8d4H20t9WZIAR2,192.168.1.4,52009.0,34.128.128.0,443.0,udp,10.488810062408447,172.0,188.0,SF,1.0,1.0,0.0,ShAdDafFr,18.0,1116.0,17.0,1056.0,HTTPS
1720730752.940492,CBe7fk1IigZ9TWTmF2,192.168.1.6,60590.0,192.168.1.4,21.0,tcp,9.937824010849,128.0,188.0,SF,1.0,1.0,0.0,ShAdDafrF,18.0,1072.0,17.0,1056.0,FTP
1720728284.493216,CoqwZY2UoYPzNCJsn8,192.168.1.6,43454.0,192.168.1.4,21.0,tcp,10.709326982498167,118.0,188.0,SF,1.0,1.0,0.0,ShAdDafrF,18.0,1062.0,17.0,1056.0,FTP
1720730522.464871,Ce63Ls3ZCICTAw4kT7,192.168.1.6,46336.0,192.168.1.4,21.0,tcp,10.38700008392334,118.0,188.0,SF,1.0,1.0,0.0,ShAdDafrF,18.0,1062.0,17.0,1056.0,FTP
1720731379.353757,CfcLjxIIsE2LoSvAa,192.168.1.6,46244.0,192.168.1.4,21.0,tcp,10.823117017745972,144.0,188.0,SF,1.0,1.0,0.0,ShAdDafFr,18.0,1088.0,17.0,1056.0,FTP
1720730625.077323,CQzZjO1ZflgfWr9tc,192.168.1.6,45056.0,192.168.1.4,21.0,tcp,10.691174983978271,122.0,188.0,SF,1.0,1.0,0.0,ShAdDafrF,18.0,1066.0,17.0,1056.0,FTP
1720728214.760092,CUO3k3ikrHK6EBoB2,192.168.1.4,47814.0,192.168.1.1,53.0,udp,0.142733097076416,40.0,432.0,SF,1.0,1.0,0.0,Dd,1.0,68.0,1.0,460.0,DNS
1720728514.413314,CwTkUh3qaRl0blcUe6,192.168.1.6,48290.0,192.168.1.4,21.0,tcp,9.463105916976929,118.0,188.0,SF,1.0,1.0,0.0,ShAdDafFr,18.0,1062.0,17.0,1056.0,FTP
1720728101.023997,CflLPi2MZP7iwpDIck,192.168.1.6,40048.0,192.168.1.4,21.0,tcp,10.052332878112791,118.0,188.0,SF,1.0,1.0,0.0,ShAdDafrF,18.0,1062.0,17.0,1056.0,FTP
1720728215.895046,CmYPYH4tjm5Vp0ef,192.168.1.4,51976.0,104.18.10.207,443.0,tcp,10.052332878112791,118.0,188.0,SF,1.0,1.0,0.0,ShAdDafrF,18.0,1062.0,17.0,1056.0,HTTPS
1720727973.889107,C0OEEc4QmldHxBWFPg,192.168.1.4,38092.0,204.235.147.206,443.0,tcp,234.8652861118317,11378.0,349626.0,SF,1.0,0.0,0.0,ShADadFf,116.0,16038.0,167.0,356318.0,HTTPS
1720731276.769104,C3vXgfOAa9LQckjX4,192.168.1.6,39910.0,192.168.1.4,21.0,tcp,10.391138076782228,161.0,188.0,SF,1.0,1.0,0.0,ShAdDafrF,18.0,1105.0,17.0,1056.0,FTP
1720731534.165065,C1hxXA4d9k8DflIlRg,192.168.1.6,44858.0,192.168.1.4,21.0,tcp,10.719758987426758,142.0,188.0,SF,1.0,1.0,0.0,ShAdDafrF,18.0,1086.0,17.0,1056.0,FTP
1720730833.31821,CwExcG1vxyAcFetUol,192.168.1.4,41176.0,185.125.190.48,80.0,tcp,10.719758987426758,142.0,188.0,SF,1.0,1.0,0.0,ShAdDafrF,18.0,1086.0,17.0,1056.0,HTTP
1720730870.730868,CSyh6P3LvJMXp0cC57,192.168.1.6,39204.0,192.168.1.4,21.0,tcp,9.595944881439207,125.0,188.0,SF,1.0,1.0,0.0,ShAdDafrF,18.0,1069.0,17.0,1056.0,FTP
1720729106.744978,CQIwSE3iqm8Q0zHyof,192.168.1.6,46612.0,192.168.1.4,21.0,tcp,9.69176197052002,116.0,188.0,SF,1.0,1.0,0.0,ShAdDafrF,18.0,1060.0,17.0,1056.0,FTP
1720729845.108065,CDeIqOfym7iiAZ0Mj,192.168.1.6,41742.0,192.168.1.4,21.0,tcp,9.790569067001345,129.0,188.0,SF,1.0,1.0,0.0,ShAdDafrF,18.0,1073.0,17.0,1056.0,FTP
1720730114.131557,CCTi83KITI4dgY95h,192.168.1.6,48232.0,192.168.1.4,21.0,tcp,9.071907997131348,120.0,188.0,SF,1.0,1.0,0.0,ShAdDafFr,18.0,1064.0,17.0,1056.0,FTP
1720730933.293117,CZgwNR20TdrdmDiXia,192.168.1.6,40680.0,192.168.1.4,21.0,tcp,10.339215993881226,166.0,188.0,SF,1.0,1.0,0.0,ShAdDafrF,18.0,1110.0,17.0,1056.0,FTP
1720729783.076315,ClzwEN2b3thBthWWJb,192.168.1.6,60700.0,192.168.1.4,21.0,tcp,9.096686124801636,112.0,188.0,SF,1.0,1.0,0.0,ShAdDafrF,18.0,1056.0,17.0,1056.0,FTP
1720729243.612925,CnqDv01eOpJMLc9Neg,192.168.1.6,43908.0,192.168.1.4,21.0,tcp,9.502418041229248,128.0,188.0,SF,1.0,1.0,0.0,ShAdDafrF,18.0,1072.0,17.0,1056.0,FTP
1720729333.233643,CTINDK376UKuwWxQz5,192.168.1.4,48379.0,192.168.1.1,53.0,udp,0.000663042068481,58.0,250.0,SF,1.0,1.0,0.0,Dd,1.0,86.0,1.0,278.0,DNS
1720729282.36731,CGcNVNms4YC8dTMDk,192.168.1.6,60126.0,192.168.1.4,21.0,tcp,10.043895959854126,121.0,188.0,SF,1.0,1.0,0.0,ShAdDafrF,18.0,1065.0,17.0,1056.0,FTP
1720728245.144997,COhhwMZPOq8J9IQZb,192.168.1.4,54815.0,192.168.1.1,53.0,udp,0.015809059143066,43.0,148.0,SF,1.0,1.0,0.0,Dd,1.0,71.0,1.0,176.0,DNS
1720728736.581606,C6BmA41EMrRDIUow5b,192.168.1.6,49662.0,192.168.1.4,21.0,tcp,9.987823009490969,128.0,188.0,SF,1.0,1.0,0.0,ShAdDafrF,18.0,1072.0,17.0,1056.0,FTP
1720729116.640866,CZGfmU3DxQ0GUNcFGb,192.168.1.6,41746.0,192.168.1.4,21.0,tcp,10.49246597290039,122.0,188.0,SF,1.0,1.0,0.0,ShAdDafFr,18.0,1066.0,17.0,1056.0,FTP
1720728096.08301,CZuWQu4k9QIm4jbsXc,192.168.1.4,35021.0,192.168.1.1,53.0,udp,10.49246597290039,122.0,188.0,SF,1.0,1.0,0.0,ShAdDafFr,18.0,1066.0,17.0,1056.0,DNS
1720727764.253193,CEUz8R3vaSvP1unNH4,192.168.1.4,50640.0,192.168.1.1,53.0,udp,0.002857208251953,49.0,292.0,SF,1.0,1.0,0.0,Dd,1.0,77.0,1.0,320.0,DNS
1720727763.146541,CAoTPh43k54lmNvA2g,192.168.1.4,45881.0,192.168.1.1,53.0,udp,0.002856969833374,40.0,156.0,SF,1.0,1.0,0.0,Dd,1.0,68.0,1.0,184.0,DNS
1720728096.242924,C7BiDp4wdWk76w9yWi,192.168.1.6,39912.0,192.168.1.4,21.0,tcp,9.928499937057495,118.0,188.0,SF,1.0,1.0,0.0,ShAdDafFr,18.0,1062.0,17.0,1056.0,FTP
1720728035.115378,CJIcJd2CEvNK25rlJ2,192.168.1.4,59246.0,216.239.38.181,443.0,tcp,173.63467597961426,3171.0,9136.0,SF,1.0,0.0,0.0,ShADadFf,19.0,4167.0,19.0,10132.0,HTTPS
1720729098.730961,CkbThw28zoNjiF0NE1,192.168.1.6,41622.0,192.168.1.4,21.0,tcp,11.012334823608398,115.0,188.0,SF,1.0,1.0,0.0,ShAdDafrF,18.0,1059.0,17.0,1056.0,FTP
1720727825.246717,CRquiZ1dAFZLSWYmLb,192.168.1.4,59156.0,142.250.80.110,443.0,tcp,11.012334823608398,115.0,188.0,SF,1.0,1.0,0.0,ShAdDafrF,18.0,1059.0,17.0,1056.0,HTTPS
1720731642.754687,C0w6LS45p3fxi2cij,192.168.1.6,42308.0,192.168.1.4,21.0,tcp,9.486512899398804,165.0,188.0,SF,1.0,1.0,0.0,ShAdDafFr,18.0,1109.0,17.0,1056.0,FTP
1720729216.304022,CpNQUL1Qpc1b52MJ27,192.168.1.6,40158.0,192.168.1.4,21.0,tcp,9.865769863128662,121.0,188.0,SF,1.0,1.0,0.0,ShAdDafrF,18.0,1065.0,17.0,1056.0,FTP
1720729020.172042,CIL3vj3IZxXA6MU15a,192.168.1.6,55738.0,192.168.1.4,21.0,tcp,10.197190046310425,124.0,188.0,SF,1.0,1.0,0.0,ShAdDafrF,18.0,1068.0,17.0,1056.0,FTP
1720728656.219152,CIrFvu3deVdBuuz0Jf,192.168.1.6,57788.0,192.168.1.4,21.0,tcp,10.533985137939451,139.0,188.0,SF,1.0,1.0,0.0,ShAdDafrF,18.0,1083.0,17.0,1056.0,FTP
1720727853.837307,CvVjxu7FyBtvPGk32,192.168.1.4,57410.0,192.168.1.1,53.0,udp,0.002671957015991,53.0,110.0,SF,1.0,1.0,0.0,Dd,1.0,81.0,1.0,138.0,DNS
1720730435.856979,C3i59e1sYf5PkFETm2,192.168.1.6,42630.0,192.168.1.4,21.0,tcp,9.67963719367981,145.0,188.0,SF,1.0,1.0,0.0,ShAdDafFr,18.0,1089.0,17.0,1056.0,FTP
1720730755.865592,CBrtKd25b0RwZXqK0e,192.168.1.6,50848.0,192.168.1.4,21.0,tcp,9.829859972000122,133.0,188.0,SF,1.0,1.0,0.0,ShAdDafFr,18.0,1077.0,17.0,1056.0,FTP
1720729799.487035,CcO6q3QX0CVj22TL5,192.168.1.6,54324.0,192.168.1.4,21.0,tcp,11.27844786643982,115.0,188.0,SF,1.0,1.0,0.0,ShAdDafrF,18.0,1059.0,17.0,1056.0,FTP
1720730423.846498,C6V57X2Y0KkYcYyci2,192.168.1.6,58786.0,192.168.1.4,21.0,tcp,9.777059078216553,121.0,188.0,SF,1.0,1.0,0.0,ShAdDafrF,18.0,1065.0,17.0,1056.0,FTP
1720727884.872099,C5KhSGgNXEnDTfG8,192.168.1.4,40600.0,142.250.72.102,443.0,tcp,9.777059078216553,121.0,188.0,SF,1.0,1.0,0.0,ShAdDafrF,18.0,1065.0,17.0,1056.0,HTTPS
1720728125.134698,CXH8X041lNZ9oXL96l,192.168.1.4,44433.0,192.168.1.1,53.0,udp,0.006669998168945,56.0,120.0,SF,1.0,1.0,0.0,Dd,1.0,84.0,1.0,148.0,DNS
1720729092.428632,Ck4YY22wB9Z9uLuT0j,192.168.1.6,50624.0,192.168.1.4,21.0,tcp,11.125288009643556,117.0,188.0,SF,1.0,1.0,0.0,ShAdDafFr,18.0,1061.0,17.0,1056.0,FTP
1720727764.012264,CjMsB3wyhLRskmkd8,192.168.1.4,51704.0,104.26.2.70,443.0,tcp,400.5763339996338,2720.0,8098.0,SF,1.0,0.0,0.0,ShADadFf,28.0,4184.0,31.0,9718.0,HTTPS
1720728035.231994,CCkfrSDDwVB6fqoi5,192.168.1.4,59694.0,13.107.42.14,443.0,tcp,400.5763339996338,2720.0,8098.0,SF,1.0,0.0,0.0,ShADadFf,28.0,4184.0,31.0,9718.0,HTTPS
1720729299.216051,CxZVv41ex7bU5UV99g,192.168.1.6,45754.0,192.168.1.4,21.0,tcp,9.773322820663452,149.0,188.0,SF,1.0,1.0,0.0,ShAdDafFr,18.0,1093.0,17.0,1056.0,FTP
1720729432.446085,CUsHVRFXY4yCXH9H7,192.168.1.4,55400.0,192.168.1.1,53.0,udp,9.773322820663452,149.0,188.0,SF,1.0,1.0,0.0,ShAdDafFr,18.0,1093.0,17.0,1056.0,DNS
1720727815.722834,CM4AC63bKHUnojtnVk,192.168.1.6,44888.0,192.168.1.4,21.0,tcp,9.66378092765808,118.0,188.0,SF,1.0,1.0,0.0,ShAdDafrF,18.0,1062.0,17.0,1056.0,FTP
1720728035.562239,CSVKRZ1rd7QFdJM0I7,192.168.1.4,51310.0,104.18.20.104,443.0,tcp,173.18732905387878,2961.0,5634.0,SF,1.0,0.0,0.0,ShADadFf,18.0,3905.0,17.0,6526.0,HTTPS
1720731909.089555,CRiKYF1IkfliI6Yl8,192.168.1.6,49990.0,192.168.1.4,21.0,tcp,10.06064486503601,183.0,188.0,SF,1.0,1.0,0.0,ShAdDafrF,18.0,1127.0,17.0,1056.0,FTP
1720730898.215381,COnSTJ2QeXCtwOCkD7,192.168.1.6,46396.0,192.168.1.4,21.0,tcp,9.790961027145386,135.0,188.0,SF,1.0,1.0,0.0,ShAdDafFr,18.0,1079.0,17.0,1056.0,FTP
1720729763.73516,CXT9xI3Flm5FPig7Td,192.168.1.6,59010.0,192.168.1.4,21.0,tcp,9.945987939834597,112.0,188.0,SF,1.0,1.0,0.0,ShAdDafrF,18.0,1056.0,17.0,1056.0,FTP
1720729400.140481,Cn57X6cL89PcGztU5,192.168.1.6,49160.0,192.168.1.4,21.0,tcp,10.502376079559326,122.0,188.0,SF,1.0,1.0,0.0,ShAdDafrF,18.0,1066.0,17.0,1056.0,FTP
1720727885.019182,CGEaST72lhDtScRec,192.168.1.4,44090.0,13.224.214.84,443.0,tcp,10.502376079559326,122.0,188.0,SF,1.0,1.0,0.0,ShAdDafrF,18.0,1066.0,17.0,1056.0,HTTPS
1720727854.031813,C9GrNc3farzVClrGhk,192.168.1.4,35079.0,142.251.32.104,443.0,udp,0.084233999252319,4024.0,8807.0,SF,1.0,0.0,0.0,Dd,7.0,4220.0,10.0,9087.0,HTTPS
1720731894.299732,CmF3L53DHpc7LdzMt4,192.168.1.6,36992.0,192.168.1.4,21.0,tcp,10.588794946670532,186.0,188.0,SF,1.0,1.0,0.0,ShAdDafrF,18.0,1130.0,17.0,1056.0,FTP
1720728393.298687,Cd2W0G2pGp86eiMkDi,192.168.1.6,60228.0,192.168.1.4,21.0,tcp,10.711420059204102,118.0,188.0,SF,1.0,1.0,0.0,ShAdDafFr,18.0,1062.0,17.0,1056.0,FTP
1720728807.855885,CecDUq3UbOqCy6s0Y1,192.168.1.6,37402.0,192.168.1.4,21.0,tcp,10.54187798500061,121.0,188.0,SF,1.0,1.0,0.0,ShAdDafrF,18.0,1065.0,17.0,1056.0,FTP
1720728733.320097,CxrE6B1PGWlHlzRaAg,192.168.1.4,38406.0,185.125.190.98,80.0,tcp,10.54187798500061,121.0,188.0,SF,1.0,1.0,0.0,ShAdDafrF,18.0,1065.0,17.0,1056.0,HTTP
1720730443.234092,CA07qE1Beze1xfG74g,192.168.1.4,45809.0,192.168.1.1,53.0,udp,0.00067400932312,58.0,394.0,SF,1.0,1.0,0.0,Dd,1.0,86.0,1.0,422.0,DNS
1720728221.333612,C1dW6u3lgKRxXoCK24,192.168.1.4,34270.0,204.79.197.203,443.0,tcp,83.80502200126648,2428.0,6602.0,RSTR,1.0,0.0,0.0,ShADadFr,10.0,2848.0,14.0,7174.0,HTTPS
1720727884.630855,CC1d4o1mGY0jQz7Sr2,192.168.1.4,47298.0,192.168.1.1,53.0,udp,83.80502200126648,2428.0,6602.0,RSTR,1.0,0.0,0.0,ShADadFr,10.0,2848.0,14.0,7174.0,DNS
1720730391.03003,CdOawo37kXHJ1ouNfk,192.168.1.6,35244.0,192.168.1.4,21.0,tcp,9.979219913482666,124.0,188.0,SF,1.0,1.0,0.0,ShAdDafrF,18.0,1068.0,17.0,1056.0,FTP
1720728245.163543,CJC26w3rdnUeNMKWS4,192.168.1.4,42470.0,52.113.194.133,443.0,tcp,106.2786340713501,3538.0,10058.0,SF,1.0,0.0,0.0,ShADadFf,21.0,4398.0,25.0,11070.0,HTTPS
1720728289.683235,CZz19W3qBdfodZ2Nkj,192.168.1.6,43554.0,192.168.1.4,21.0,tcp,10.217645168304443,116.0,188.0,SF,1.0,1.0,0.0,ShAdDafrF,18.0,1060.0,17.0,1056.0,FTP
1720729789.530008,CnhZzo1AUiWrZIQPyl,192.168.1.6,60832.0,192.168.1.4,21.0,tcp,10.065496921539308,118.0,188.0,SF,1.0,1.0,0.0,ShAdDafrF,18.0,1062.0,17.0,1056.0,FTP
1720730808.579954,CuPFhMtOaLleT06xf,192.168.1.6,53404.0,192.168.1.4,21.0,tcp,9.99671220779419,138.0,188.0,SF,1.0,1.0,0.0,ShAdDafrF,18.0,1082.0,17.0,1056.0,FTP
1720731297.964203,Csy5bv4QLkpmCHML3d,192.168.1.6,44902.0,192.168.1.4,21.0,tcp,10.188014030456545,185.0,188.0,SF,1.0,1.0,0.0,ShAdDafrF,18.0,1129.0,17.0,1056.0,FTP
1720731120.398778,CUkb8P3dMYn5OVCXH7,192.168.1.6,57670.0,192.168.1.4,21.0,tcp,9.521480083465576,109.0,188.0,SF,1.0,1.0,0.0,ShAdDafFr,18.0,1053.0,17.0,1056.0,FTP
1720728034.87831,CKFOpK3zA4AYy6VOSj,192.168.1.4,51559.0,192.168.1.1,53.0,udp,0.003380060195922,50.0,107.0,SF,1.0,1.0,0.0,Dd,1.0,78.0,1.0,135.0,DNS
1720728533.928174,CjXjZMiWtOGqTtCOe,192.168.1.6,36546.0,192.168.1.4,21.0,tcp,9.715677976608276,118.0,188.0,SF,1.0,1.0,0.0,ShAdDafrF,18.0,1062.0,17.0,1056.0,FTP
1720731013.625047,CnCPKN29lHJZA0tV9h,192.168.1.6,35468.0,192.168.1.4,21.0,tcp,11.366936922073364,120.0,188.0,SF,1.0,1.0,0.0,ShAdDafFr,18.0,1064.0,17.0,1056.0,FTP
1720728034.899732,Cd6NeO2dgWrNjiAgHl,192.168.1.4,35816.0,144.118.67.10,443.0,tcp,11.366936922073364,120.0,188.0,SF,1.0,1.0,0.0,ShAdDafFr,18.0,1064.0,17.0,1056.0,HTTPS
1720729950.598079,CJJGzb4BB3UXSMUFO8,192.168.1.6,56094.0,192.168.1.4,21.0,tcp,10.62502908706665,126.0,188.0,SF,1.0,1.0,0.0,ShAdDafrF,18.0,1070.0,17.0,1056.0,FTP
1720728666.806948,COZI8T32YdfPV2T3Pj,192.168.1.6,34348.0,192.168.1.4,21.0,tcp,10.626440048217772,137.0,188.0,SF,1.0,1.0,0.0,ShAdDafrF,18.0,1081.0,17.0,1056.0,FTP
1720728148.652358,CLza4BZZb7fo2tJ0a,192.168.1.6,42190.0,192.168.1.4,21.0,tcp,9.332787990570068,117.0,188.0,SF,1.0,1.0,0.0,ShAdDafFr,18.0,1061.0,17.0,1056.0,FTP
1720728125.078347,CNz0vqsfolJgY7f9k,192.168.1.4,46660.0,31.13.71.7,443.0,tcp,9.332787990570068,117.0,188.0,SF,1.0,1.0,0.0,ShAdDafFr,18.0,1061.0,17.0,1056.0,HTTPS
1720730721.079058,C80zdV3oKoOmZBq1v5,192.168.1.6,44040.0,192.168.1.4,21.0,tcp,9.414728164672852,140.0,188.0,SF,1.0,1.0,0.0,ShAdDafrF,18.0,1084.0,17.0,1056.0,FTP
1720727937.081761,CNCTt54BoA9xgkJ687,192.168.1.6,41488.0,192.168.1.4,21.0,tcp,10.28992199897766,117.0,188.0,SF,1.0,1.0,0.0,ShAdDafrF,18.0,1061.0,17.0,1056.0,FTP
1720727793.30112,CwLwFz4izxJMlHEPP7,192.168.1.4,42663.0,192.168.1.1,53.0,udp,10.28992199897766,117.0,188.0,SF,1.0,1.0,0.0,ShAdDafrF,18.0,1061.0,17.0,1056.0,DNS
1720730164.750053,CnnE6p1rRLh80ACM77,192.168.1.6,34472.0,192.168.1.4,21.0,tcp,10.75259518623352,129.0,188.0,SF,1.0,1.0,0.0,ShAdDafFr,18.0,1073.0,17.0,1056.0,FTP
1720729381.265622,CFXXOx1jq41sIXimr9,192.168.1.6,47910.0,192.168.1.4,21.0,tcp,10.01654601097107,123.0,188.0,SF,1.0,1.0,0.0,ShAdDafFr,18.0,1067.0,17.0,1056.0,FTP
1720727915.064731,CZ2k4NE5RskajIk75,192.168.1.4,58711.0,192.168.1.1,53.0,udp,10.01654601097107,123.0,188.0,SF,1.0,1.0,0.0,ShAdDafFr,18.0,1067.0,17.0,1056.0,DNS
1720728306.021061,ChDQhF2xsXmbvBgzF5,192.168.1.4,35387.0,192.168.1.1,53.0,udp,10.01654601097107,123.0,188.0,SF,1.0,1.0,0.0,ShAdDafFr,18.0,1067.0,17.0,1056.0,DNS
1720727764.855832,CYp6Ye11W8QGtJws3j,192.168.1.4,59153.0,192.168.1.1,53.0,udp,0.042948007583618,46.0,218.0,SF,1.0,1.0,0.0,Dd,1.0,74.0,1.0,246.0,DNS
1720727944.574694,CdB6lt2mt5jeWVLBa6,192.168.1.4,43187.0,192.168.1.1,53.0,udp,0.042948007583618,46.0,218.0,SF,1.0,1.0,0.0,Dd,1.0,74.0,1.0,246.0,DNS
1720730073.887533,ClCvAq4BdT0SgKP67l,192.168.1.6,40116.0,192.168.1.4,21.0,tcp,9.940932035446169,131.0,188.0,SF,1.0,1.0,0.0,ShAdDafrF,18.0,1075.0,17.0,1056.0,FTP
1720730505.77818,CTv2UL2Gx2dlVjZIMk,192.168.1.6,60828.0,192.168.1.4,21.0,tcp,9.869354009628296,119.0,188.0,SF,1.0,1.0,0.0,ShAdDafrF,18.0,1063.0,17.0,1056.0,FTP
1720729312.122028,CAeNDG3Fk5NgTqewQh,192.168.1.6,43912.0,192.168.1.4,21.0,tcp,9.795211791992188,111.0,188.0,SF,1.0,1.0,0.0,ShAdDafrF,18.0,1055.0,17.0,1056.0,FTP
1720730359.095493,CphOsQ1s3YWDr8OQ4b,192.168.1.6,56786.0,192.168.1.4,21.0,tcp,10.27168893814087,128.0,188.0,SF,1.0,1.0,0.0,ShAdDafFr,18.0,1072.0,17.0,1056.0,FTP
1720728154.592632,C72uaM3SRyiaW94Zdb,192.168.1.4,33610.0,104.16.40.28,443.0,tcp,54.16001105308533,2844.0,6571.0,SF,1.0,0.0,0.0,ShADadFf,20.0,3892.0,17.0,7463.0,HTTPS
1720728186.579667,CsNsoL3TkotA9OzpEe,192.168.1.4,45289.0,192.168.1.1,53.0,udp,54.16001105308533,2844.0,6571.0,SF,1.0,0.0,0.0,ShADadFf,20.0,3892.0,17.0,7463.0,DNS
1720729192.755588,CnhD8W1dE3RbG0Dn91,192.168.1.6,50232.0,192.168.1.4,21.0,tcp,10.59563398361206,131.0,188.0,SF,1.0,1.0,0.0,ShAdDafFr,18.0,1075.0,17.0,1056.0,FTP
1720727793.160801,CajsCg3DFpIW5fhU1j,192.168.1.4,42436.0,192.168.1.1,53.0,udp,10.59563398361206,131.0,188.0,SF,1.0,1.0,0.0,ShAdDafFr,18.0,1075.0,17.0,1056.0,DNS
1720728026.543692,CvOJiP1V4LpIriS6Td,192.168.1.4,54370.0,142.251.40.238,443.0,udp,0.107019901275634,4947.0,13221.0,SF,1.0,0.0,0.0,Dd,15.0,5367.0,19.0,13753.0,HTTPS
1720730638.02837,CBq5ko41WMWtC0ymE6,192.168.1.6,48658.0,192.168.1.4,21.0,tcp,11.036316156387327,131.0,188.0,SF,1.0,1.0,0.0,ShAdDafrF,18.0,1075.0,17.0,1056.0,FTP
1720731853.988783,CKpgqi4QiyS9SPCjK1,192.168.1.6,40938.0,192.168.1.4,21.0,tcp,10.373373031616213,112.0,188.0,SF,1.0,1.0,0.0,ShAdDafrF,18.0,1056.0,17.0,1056.0,FTP
1720728034.653817,CYZCUy1kxkywElI917,192.168.1.4,37675.0,192.168.1.1,53.0,udp,0.014945983886718,44.0,484.0,SF,1.0,1.0,0.0,Dd,1.0,72.0,1.0,512.0,DNS
1720729779.489864,CEjsF011Kc4e6UpHi7,192.168.1.6,46774.0,192.168.1.4,21.0,tcp,9.26185178756714,112.0,188.0,SF,1.0,1.0,0.0,ShAdDafrF,18.0,1056.0,17.0,1056.0,FTP
1720729549.982766,CjCY8B2hsfzPhxAlzl,192.168.1.6,48966.0,192.168.1.4,21.0,tcp,10.482786178588867,125.0,188.0,SF,1.0,1.0,0.0,ShAdDafFr,18.0,1069.0,17.0,1056.0,FTP
1720728927.666947,Cx9qSxRMe5lIGAdM3,192.168.1.6,56380.0,192.168.1.4,21.0,tcp,9.824856042861938,159.0,188.0,SF,1.0,1.0,0.0,ShAdDafrF,18.0,1103.0,17.0,1056.0,FTP
1720730232.848671,CkgZ153V4wz5HfM136,192.168.1.6,47168.0,192.168.1.4,21.0,tcp,9.914754152297974,130.0,188.0,SF,1.0,1.0,0.0,ShAdDafFr,18.0,1074.0,17.0,1056.0,FTP
1720728973.445847,CWs62r0GwWqpPOS8d,192.168.1.6,57580.0,192.168.1.4,21.0,tcp,10.113527059555054,139.0,188.0,SF,1.0,1.0,0.0,ShAdDafFr,18.0,1083.0,17.0,1056.0,FTP
1720728311.049965,CZ3LBu3FlgOSBB6hze,192.168.1.6,45744.0,192.168.1.4,21.0,tcp,9.87295699119568,118.0,188.0,SF,1.0,1.0,0.0,ShAdDafrF,18.0,1062.0,17.0,1056.0,FTP
1720727897.307971,Ck7aim285kZD9oLunc,192.168.1.4,56372.0,192.168.1.1,53.0,udp,9.87295699119568,118.0,188.0,SF,1.0,1.0,0.0,ShAdDafrF,18.0,1062.0,17.0,1056.0,DNS
1720729381.729161,CUNdLR291bt7oDVQh4,192.168.1.6,47912.0,192.168.1.4,21.0,tcp,9.957611083984377,118.0,188.0,SF,1.0,1.0,0.0,ShAdDafFr,18.0,1062.0,17.0,1056.0,FTP
1720728085.366684,CK3uU4HzBGazlY5p9,192.168.1.4,33498.0,192.168.1.1,53.0,udp,9.957611083984377,118.0,188.0,SF,1.0,1.0,0.0,ShAdDafFr,18.0,1062.0,17.0,1056.0,DNS
1720728190.308553,CnVTqr2uo79uiKYXN,192.168.1.4,37125.0,192.168.1.1,53.0,udp,0.014985084533691,41.0,410.0,SF,1.0,1.0,0.0,Dd,1.0,69.0,1.0,438.0,DNS
1720728305.863986,CLVmNrTOhyzxaJg9e,192.168.1.4,43488.0,192.168.1.1,53.0,udp,0.014985084533691,41.0,410.0,SF,1.0,1.0,0.0,Dd,1.0,69.0,1.0,438.0,DNS
1720728737.227988,COchc63qBEY1b4X3rf,192.168.1.6,49696.0,192.168.1.4,21.0,tcp,10.442723035812378,128.0,188.0,SF,1.0,1.0,0.0,ShAdDafFr,18.0,1072.0,17.0,1056.0,FTP
1720728035.17362,CEi7qI2ftEkqnYkjui,192.168.1.4,57809.0,192.168.1.1,53.0,udp,10.442723035812378,128.0,188.0,SF,1.0,1.0,0.0,ShAdDafFr,18.0,1072.0,17.0,1056.0,DNS
1720728781.042876,CtcvTL1h1ZwBoOJMId,192.168.1.6,41572.0,192.168.1.4,21.0,tcp,11.037517070770264,129.0,188.0,SF,1.0,1.0,0.0,ShAdDafFr,18.0,1073.0,17.0,1056.0,FTP
1720727825.070822,CI4EV4ZZs5tmIjtP1,192.168.1.4,38514.0,142.250.80.110,443.0,tcp,11.037517070770264,129.0,188.0,SF,1.0,1.0,0.0,ShAdDafFr,18.0,1073.0,17.0,1056.0,HTTPS
1720728034.881664,CVrY9a1cqfTZg2eXI3,192.168.1.4,33919.0,192.168.1.1,53.0,udp,11.037517070770264,129.0,188.0,SF,1.0,1.0,0.0,ShAdDafFr,18.0,1073.0,17.0,1056.0,DNS
1720727915.687868,CegaAm2OooCR8XETs1,192.168.1.4,49926.0,35.186.249.72,443.0,tcp,293.0636818408966,2354.0,25112.0,SF,1.0,0.0,0.0,ShADadFf,29.0,3870.0,34.0,26888.0,HTTPS
1720731329.180277,CbVBx92V8RIjxpXA88,192.168.1.6,35262.0,192.168.1.4,21.0,tcp,10.968601942062378,161.0,188.0,RSTR,1.0,1.0,0.0,ShAdDafr,17.0,1053.0,16.0,1016.0,FTP
1720728818.397913,C0vk822JfgIwLtImB9,192.168.1.6,57274.0,192.168.1.4,21.0,tcp,9.267807960510254,118.0,188.0,SF,1.0,1.0,0.0,ShAdDafrF,18.0,1062.0,17.0,1056.0,FTP
1720727851.479319,Cnmqwx24vKSuXcI552,192.168.1.6,39396.0,192.168.1.4,21.0,tcp,10.485026836395264,118.0,188.0,SF,1.0,1.0,0.0,ShAdDafFr,18.0,1062.0,17.0,1056.0,FTP
1720727793.866039,Cf82PN3lbrgHXPvAuh,192.168.1.4,41150.0,192.168.1.1,53.0,udp,10.485026836395264,118.0,188.0,SF,1.0,1.0,0.0,ShAdDafFr,18.0,1062.0,17.0,1056.0,DNS
1720728385.196993,C3Ak4S30orQo6uEEyd,192.168.1.6,56560.0,192.168.1.4,21.0,tcp,10.947855949401855,118.0,188.0,SF,1.0,1.0,0.0,ShAdDafrF,18.0,1062.0,17.0,1056.0,FTP
1720728306.006889,C9WuiF3gSD1HyH7yD3,192.168.1.4,59856.0,192.168.1.1,53.0,udp,10.947855949401855,118.0,188.0,SF,1.0,1.0,0.0,ShAdDafrF,18.0,1062.0,17.0,1056.0,DNS
1720730267.168969,CLoNHl4sA0bfuQVLec,192.168.1.6,45370.0,192.168.1.4,21.0,tcp,10.703487157821655,127.0,188.0,SF,1.0,1.0,0.0,ShAdDafFr,18.0,1071.0,17.0,1056.0,FTP
1720727765.442434,C9hTUO1FXoB5fULl37,192.168.1.6,53348.0,192.168.1.4,21.0,tcp,9.800101041793823,118.0,188.0,SF,1.0,1.0,0.0,ShAdDafrF,18.0,1062.0,17.0,1056.0,FTP
1720729135.573958,CfcWyy3soaU9u5tt03,192.168.1.6,47370.0,192.168.1.4,21.0,tcp,10.955854177474976,117.0,188.0,SF,1.0,1.0,0.0,ShAdDafrF,18.0,1061.0,17.0,1056.0,FTP
1720728750.65008,CCQy6w3H10gPqKDXqe,192.168.1.6,54226.0,192.168.1.4,21.0,tcp,10.419640064239502,122.0,188.0,SF,1.0,1.0,0.0,ShAdDafrF,18.0,1066.0,17.0,1056.0,FTP
1720728481.951443,CZmaPC2kP03jhxxGeh,192.168.1.6,53208.0,192.168.1.4,21.0,tcp,10.077110052108765,117.0,188.0,SF,1.0,1.0,0.0,ShAdDafrF,18.0,1061.0,17.0,1056.0,FTP
1720730379.135323,Ch2xJg4JOyFnnOVPda,192.168.1.6,33450.0,192.168.1.4,21.0,tcp,9.538586854934692,125.0,188.0,SF,1.0,1.0,0.0,ShAdDafFr,18.0,1069.0,17.0,1056.0,FTP
1720729902.538042,CnTyD11RkgubPMUwmd,192.168.1.6,59750.0,192.168.1.4,21.0,tcp,10.044787883758543,122.0,188.0,SF,1.0,1.0,0.0,ShAdDafrF,18.0,1066.0,17.0,1056.0,FTP
1720727914.257972,CTFJkIRPFWU36xmDg,192.168.1.4,49937.0,192.168.1.1,53.0,udp,10.044787883758543,122.0,188.0,SF,1.0,1.0,0.0,ShAdDafrF,18.0,1066.0,17.0,1056.0,DNS
1720728211.81973,CijcVb31IpHQR3TCtf,192.168.1.4,53591.0,192.168.1.1,53.0,udp,10.044787883758543,122.0,188.0,SF,1.0,1.0,0.0,ShAdDafrF,18.0,1066.0,17.0,1056.0,DNS
1720728065.049674,CtlsIk6M9Ko6TFhl8,192.168.1.4,39911.0,142.250.65.170,443.0,udp,10.044787883758543,122.0,188.0,SF,1.0,1.0,0.0,ShAdDafrF,18.0,1066.0,17.0,1056.0,HTTPS
1720728798.422273,CGJ3jf1KZzJu6mAgrf,192.168.1.6,45122.0,192.168.1.4,21.0,tcp,9.43352198600769,121.0,188.0,SF,1.0,1.0,0.0,ShAdDafFr,18.0,1065.0,17.0,1056.0,FTP
1720729558.407655,CbaYMG2o6LCGuU5Qkc,192.168.1.6,56786.0,192.168.1.4,21.0,tcp,9.56880497932434,110.0,188.0,SF,1.0,1.0,0.0,ShAdDafrF,18.0,1054.0,17.0,1056.0,FTP
1720730792.450293,CCV8Ny3MQjOOfpWFYc,192.168.1.6,45512.0,192.168.1.4,21.0,tcp,10.264847040176392,138.0,188.0,SF,1.0,1.0,0.0,ShAdDafFr,18.0,1082.0,17.0,1056.0,FTP
1720727943.759261,ChF7hu1kCLJ9B7djSg,192.168.1.4,37794.0,192.168.1.1,53.0,udp,0.012023210525512,36.0,122.0,SF,1.0,1.0,0.0,Dd,1.0,64.0,1.0,150.0,DNS
1720729276.050928,CgVnQt36J8uM9LF0Nd,192.168.1.6,60034.0,192.168.1.4,21.0,tcp,9.94582200050354,122.0,188.0,SF,1.0,1.0,0.0,ShAdDafFr,18.0,1066.0,17.0,1056.0,FTP
1720731848.913539,CFapv5sBbU8Go6lKi,192.168.1.6,35410.0,192.168.1.4,21.0,tcp,10.126176118850708,127.0,188.0,SF,1.0,1.0,0.0,ShAdDafrF,18.0,1071.0,17.0,1056.0,FTP
1720731411.149623,CXiVFvresnC3M6if3,192.168.1.6,47724.0,192.168.1.4,21.0,tcp,9.928588151931764,143.0,188.0,SF,1.0,1.0,0.0,ShAdDafrF,18.0,1087.0,17.0,1056.0,FTP
1720729401.896108,CXenQuYDeKmTeIw26,192.168.1.6,49194.0,192.168.1.4,21.0,tcp,10.177337169647217,125.0,188.0,SF,1.0,1.0,0.0,ShAdDafrF,18.0,1069.0,17.0,1056.0,FTP
1720729452.689249,CqiC5p1llMhcLeSeFc,192.168.1.6,55690.0,192.168.1.4,21.0,tcp,10.191413879394531,133.0,188.0,SF,1.0,1.0,0.0,ShAdDafrF,18.0,1077.0,17.0,1056.0,FTP
1720731603.315214,CWHfUi17U5xlyRSVz9,192.168.1.6,37908.0,192.168.1.4,21.0,tcp,10.284680128097534,163.0,188.0,SF,1.0,1.0,0.0,ShAdDafrF,18.0,1107.0,17.0,1056.0,FTP
1720728305.234781,CrwJJM3iAZ6jbPVzP7,192.168.1.4,60073.0,192.168.1.1,53.0,udp,0.043061017990112,51.0,115.0,SF,1.0,1.0,0.0,Dd,1.0,79.0,1.0,143.0,DNS
1720727915.739102,CGNbv11UAMDlfkFM45,192.168.1.4,48483.0,192.168.1.1,53.0,udp,0.021256208419799,55.0,256.0,SF,1.0,1.0,0.0,Dd,1.0,83.0,1.0,284.0,DNS
1720731070.832959,COxK9T2dGH7TUIivi9,192.168.1.6,38686.0,192.168.1.4,21.0,tcp,10.364840030670166,140.0,188.0,SF,1.0,1.0,0.0,ShAdDafrF,18.0,1084.0,17.0,1056.0,FTP
1720728054.308253,CjehXu2BL1vPzY4gq,192.168.1.4,49812.0,192.168.1.1,53.0,udp,0.019142866134643,46.0,311.0,SF,1.0,1.0,0.0,Dd,1.0,74.0,1.0,339.0,DNS
1720728494.527016,CPoCzbzv4iuNlsMB1,192.168.1.6,54780.0,192.168.1.4,21.0,tcp,10.14985203742981,118.0,188.0,SF,1.0,1.0,0.0,ShAdDafrF,18.0,1062.0,17.0,1056.0,FTP
1720728271.918858,CeR6jE1qEptXPzqL08,192.168.1.4,40054.0,23.218.218.191,443.0,tcp,79.5255389213562,3393.0,1540.0,SF,1.0,0.0,0.0,ShADadFRf,13.0,4053.0,12.0,2172.0,HTTPS
1720728508.364035,C4qgo546oGEj0Ncw35,192.168.1.6,41964.0,192.168.1.4,21.0,tcp,9.333264112472534,118.0,188.0,SF,1.0,1.0,0.0,ShAdDafrF,18.0,1062.0,17.0,1056.0,FTP
1720728245.033205,C3jjfE4DyChIpppwxe,192.168.1.4,42192.0,20.76.201.171,443.0,tcp,9.333264112472534,118.0,188.0,SF,1.0,1.0,0.0,ShAdDafrF,18.0,1062.0,17.0,1056.0,HTTPS
1720730847.644999,CyYjai3N6PtTeIm599,192.168.1.6,45034.0,192.168.1.4,21.0,tcp,9.38788604736328,127.0,188.0,RSTR,1.0,1.0,0.0,ShAdDafr,17.0,1019.0,16.0,1016.0,FTP
1720728125.036827,ChROWj2Db6UWzFg4m8,192.168.1.4,44074.0,142.251.32.104,443.0,tcp,9.38788604736328,127.0,188.0,RSTR,1.0,1.0,0.0,ShAdDafr,17.0,1019.0,16.0,1016.0,HTTPS
1720731256.224076,C4ZSEN2Jz7Q8mm5AQe,192.168.1.6,53428.0,192.168.1.4,21.0,tcp,10.535003900527954,173.0,188.0,SF,1.0,1.0,0.0,ShAdDafrF,18.0,1117.0,17.0,1056.0,FTP
1720731286.893703,CCKNqv22zpZ75ZJ6Pd,192.168.1.6,50090.0,192.168.1.4,21.0,tcp,10.98287296295166,182.0,188.0,SF,1.0,1.0,0.0,ShAdDafFr,18.0,1126.0,17.0,1056.0,FTP
1720727853.840817,CKBNSl1fXeqeRevJIi,192.168.1.4,41906.0,192.168.1.1,53.0,udp,0.019601106643676,48.0,245.0,SF,1.0,1.0,0.0,Dd,1.0,76.0,1.0,273.0,DNS
1720731286.966247,CFFAQJ291i0XwBxEN,192.168.1.6,50120.0,192.168.1.4,21.0,tcp,10.997825860977173,192.0,188.0,SF,1.0,1.0,0.0,ShAdDafFr,18.0,1136.0,17.0,1056.0,FTP
1720727915.727341,CaiRIO3TETHmts9Zli,192.168.1.4,48983.0,192.168.1.1,53.0,udp,10.997825860977173,192.0,188.0,SF,1.0,1.0,0.0,ShAdDafFr,18.0,1136.0,17.0,1056.0,DNS
1720731889.361957,COePyC1UL4e0Ilkmb,192.168.1.6,59796.0,192.168.1.4,21.0,tcp,9.79889702796936,184.0,188.0,SF,1.0,1.0,0.0,ShAdDafFr,18.0,1128.0,17.0,1056.0,FTP
1720731236.41581,ChhEwP2xGOdtDU6I9j,192.168.1.6,35056.0,192.168.1.4,21.0,tcp,9.46523380279541,145.0,188.0,SF,1.0,1.0,0.0,ShAdDafFr,18.0,1089.0,17.0,1056.0,FTP
1720727793.288147,CTZpNB3I8cvkCZ3lwb,192.168.1.4,55190.0,20.94.153.70,443.0,tcp,9.46523380279541,145.0,188.0,SF,1.0,1.0,0.0,ShAdDafFr,18.0,1089.0,17.0,1056.0,HTTPS
1720727973.884416,CUOWFw3nm3DVPhqyxc,192.168.1.4,57724.0,204.235.147.206,80.0,tcp,60.29396986961365,0.0,0.0,SF,1.0,0.0,0.0,ShAFf,5.0,220.0,2.0,92.0,HTTP
1720727906.21548,CDZKIh2e13kCHze3Ie,192.168.1.6,47692.0,192.168.1.4,21.0,tcp,9.876590013504028,118.0,188.0,SF,1.0,1.0,0.0,ShAdDafrF,18.0,1062.0,17.0,1056.0,FTP
1720727785.175218,C86ouxhvHNN2yXLPg,192.168.1.6,45708.0,192.168.1.4,21.0,tcp,10.49823784828186,125.0,188.0,SF,1.0,1.0,0.0,ShAdDafrF,18.0,1069.0,17.0,1056.0,FTP
1720728305.840691,CvZnk8HR8crDPJFs1,192.168.1.4,54753.0,192.168.1.1,53.0,udp,0.003129005432128,50.0,107.0,SF,1.0,1.0,0.0,Dd,1.0,78.0,1.0,135.0,DNS
1720728812.826313,ChOUAD1hjOrVbG7lWj,192.168.1.6,37466.0,192.168.1.4,21.0,tcp,9.471473932266235,132.0,188.0,SF,1.0,1.0,0.0,ShAdDafFr,18.0,1076.0,17.0,1056.0,FTP
1720729807.947204,CuvM6J2KZPcGJSmewc,192.168.1.6,40448.0,192.168.1.4,21.0,tcp,10.522113800048828,133.0,188.0,SF,1.0,1.0,0.0,ShAdDafrF,18.0,1077.0,17.0,1056.0,FTP
1720731489.729917,CFl2E41o5QwiI6UeFd,192.168.1.6,60748.0,192.168.1.4,21.0,tcp,9.45183801651001,163.0,188.0,SF,1.0,1.0,0.0,ShAdDafrF,18.0,1107.0,17.0,1056.0,FTP
1720727831.295768,CZRbOq1XZTGQF7Opth,192.168.1.6,52236.0,192.168.1.4,21.0,tcp,10.449806928634644,118.0,188.0,SF,1.0,1.0,0.0,ShAdDafrF,18.0,1062.0,17.0,1056.0,FTP
1720728305.695172,CDLFEZ1zFsjt5EAci3,192.168.1.4,32972.0,192.168.1.1,53.0,udp,10.449806928634644,118.0,188.0,SF,1.0,1.0,0.0,ShAdDafrF,18.0,1062.0,17.0,1056.0,DNS
1720730817.290828,CSvdux3zSKxdNwWwn3,192.168.1.6,54128.0,192.168.1.4,21.0,tcp,8.95174503326416,126.0,188.0,SF,1.0,1.0,0.0,ShAdDafFr,18.0,1070.0,17.0,1056.0,FTP
1720727794.081655,Cfor3iU9DXseg2iPd,192.168.1.4,34929.0,192.168.1.1,53.0,udp,0.001669883728027,48.0,312.0,SF,1.0,1.0,0.0,Dd,1.0,76.0,1.0,340.0,DNS
1720728305.968462,Cww6vg4sTnluFSMijc,192.168.1.4,34771.0,192.168.1.1,53.0,udp,0.001669883728027,48.0,312.0,SF,1.0,1.0,0.0,Dd,1.0,76.0,1.0,340.0,DNS
1720730108.654138,CevWO040Ab1diokhZ8,192.168.1.6,50328.0,192.168.1.4,21.0,tcp,9.562960863113403,119.0,188.0,SF,1.0,1.0,0.0,ShAdDafrF,18.0,1063.0,17.0,1056.0,FTP
1720730108.61818,C66Ric49m8PQ89pNR,192.168.1.6,50306.0,192.168.1.4,21.0,tcp,9.556485891342165,117.0,188.0,SF,1.0,1.0,0.0,ShAdDafrF,18.0,1061.0,17.0,1056.0,FTP
1720730772.473704,CV0gko3hrvHws1nTOk,192.168.1.6,37184.0,192.168.1.4,21.0,tcp,10.365670919418337,130.0,188.0,SF,1.0,1.0,0.0,ShAdDafFr,18.0,1074.0,17.0,1056.0,FTP
1720728610.938079,CUdcf13lgnWGXuL1Lj,192.168.1.6,34152.0,192.168.1.4,21.0,tcp,10.552953958511353,124.0,188.0,SF,1.0,1.0,0.0,ShAdDafrF,18.0,1068.0,17.0,1056.0,FTP
1720727765.829143,ClCX189jLnXcQePri,192.168.1.4,46928.0,192.168.1.1,53.0,udp,10.552953958511353,124.0,188.0,SF,1.0,1.0,0.0,ShAdDafrF,18.0,1068.0,17.0,1056.0,DNS
1720731187.655809,CnjJIXQgn3NeTyEN1,192.168.1.6,48964.0,192.168.1.4,21.0,tcp,10.080448150634766,120.0,188.0,SF,1.0,1.0,0.0,ShAdDafrF,18.0,1064.0,17.0,1056.0,FTP
1720731359.197706,CfhbEp1g80K9t1NN7g,192.168.1.6,35748.0,192.168.1.4,21.0,tcp,10.32288908958435,157.0,188.0,SF,1.0,1.0,0.0,ShAdDafrF,18.0,1101.0,17.0,1056.0,FTP
1720728211.818896,CKODrc1HbKTEA0Dpe8,192.168.1.4,55010.0,192.168.1.1,53.0,udp,0.001826047897338,47.0,218.0,SF,1.0,1.0,0.0,Dd,1.0,75.0,1.0,246.0,DNS
1720730799.568573,CPCAOi39etASfEl7qc,192.168.1.6,47910.0,192.168.1.4,21.0,tcp,9.011236906051636,129.0,188.0,SF,1.0,1.0,0.0,ShAdDafrF,18.0,1073.0,17.0,1056.0,FTP
1720728456.548466,Cv0LBc1Cra7YVFAvpe,192.168.1.6,56012.0,192.168.1.4,21.0,tcp,9.187355995178224,118.0,188.0,SF,1.0,1.0,0.0,ShAdDafrF,18.0,1062.0,17.0,1056.0,FTP
1720730734.769315,CyKzP62pt6oYXpYAZa,192.168.1.6,52458.0,192.168.1.4,21.0,tcp,10.322017908096312,121.0,188.0,SF,1.0,1.0,0.0,ShAdDafrF,18.0,1065.0,17.0,1056.0,FTP
1720727854.264494,CQdmWv3JmOn2Dj4Ad,192.168.1.4,59428.0,192.168.1.1,53.0,udp,10.322017908096312,121.0,188.0,SF,1.0,1.0,0.0,ShAdDafrF,18.0,1065.0,17.0,1056.0,DNS
1720728096.827627,COFHY3i9JApRyheI2,192.168.1.4,46378.0,35.190.43.134,443.0,udp,0.429979085922241,6628.0,5892.0,SF,1.0,0.0,0.0,Dd,14.0,7020.0,15.0,6312.0,HTTPS
1720727764.105226,CLlWfY238D1Jp2kBUj,192.168.1.4,45568.0,130.211.23.194,443.0,udp,0.429979085922241,6628.0,5892.0,SF,1.0,0.0,0.0,Dd,14.0,7020.0,15.0,6312.0,HTTPS
1720731411.062075,C6FwjueBQqrTSCxd7,192.168.1.6,47704.0,192.168.1.4,21.0,tcp,9.93203902244568,150.0,188.0,SF,1.0,1.0,0.0,ShAdDafrF,18.0,1094.0,17.0,1056.0,FTP
1720728186.547486,CukUgV1Tr0d0g4JEf,192.168.1.4,49623.0,192.168.1.1,53.0,udp,9.93203902244568,150.0,188.0,SF,1.0,1.0,0.0,ShAdDafrF,18.0,1094.0,17.0,1056.0,DNS
1720727974.021427,CpjDQi1f0LSra7YTkb,192.168.1.4,38126.0,204.235.147.206,443.0,udp,9.93203902244568,150.0,188.0,SF,1.0,1.0,0.0,ShAdDafrF,18.0,1094.0,17.0,1056.0,HTTPS
1720728471.417791,CVCkRX12pydaWUTiw7,192.168.1.6,41010.0,192.168.1.4,21.0,tcp,9.424853086471558,118.0,188.0,SF,1.0,1.0,0.0,ShAdDafrF,18.0,1062.0,17.0,1056.0,FTP
1720728184.723927,Cu5oiS3wnPo5KhuRR2,192.168.1.4,40616.0,23.205.106.81,443.0,tcp,24.038876056671143,33937.0,231729.0,SF,1.0,0.0,0.0,ShADadFRf,105.0,39381.0,159.0,240005.0,HTTPS
1720728894.334871,CTIZy31OwfXGjntiPl,192.168.1.6,35880.0,192.168.1.4,21.0,tcp,9.290401935577393,156.0,188.0,SF,1.0,1.0,0.0,ShAdDafrF,18.0,1100.0,17.0,1056.0,FTP
1720728981.135217,CKP1bx11X7f1bXiywh,192.168.1.6,57692.0,192.168.1.4,21.0,tcp,9.463827133178713,115.0,188.0,SF,1.0,1.0,0.0,ShAdDafrF,18.0,1059.0,17.0,1056.0,FTP
1720727764.149711,C6eSaF4Is9BXwRziCf,192.168.1.4,34323.0,192.168.1.1,53.0,udp,0.003454208374023,46.0,387.0,SF,1.0,1.0,0.0,Dd,1.0,74.0,1.0,415.0,DNS
1720730536.753792,CXSc3m4pboYhJNrWFk,192.168.1.6,58734.0,192.168.1.4,21.0,tcp,9.64546799659729,127.0,188.0,SF,1.0,1.0,0.0,ShAdDafFr,18.0,1071.0,17.0,1056.0,FTP
1720728034.625433,CIdQfdT8TfJL8Lb47,192.168.1.4,53340.0,192.168.1.1,53.0,udp,0.002219915390014,53.0,110.0,SF,1.0,1.0,0.0,Dd,1.0,81.0,1.0,138.0,DNS
1720727944.613015,CaypNf1SnOqulJVea9,192.168.1.4,40925.0,192.168.1.1,53.0,udp,0.001832008361816,100.0,182.0,SF,1.0,1.0,0.0,Dd,1.0,128.0,1.0,210.0,DNS
1720731875.706201,CIQ8e91NnIjWlsqyVe,192.168.1.6,46344.0,192.168.1.4,21.0,tcp,10.435300827026367,174.0,188.0,SF,1.0,1.0,0.0,ShAdDafFr,18.0,1118.0,17.0,1056.0,FTP
1720728245.1581,Ca9dP91tKJ9YOdeiXc,192.168.1.4,44133.0,192.168.1.1,53.0,udp,10.435300827026367,174.0,188.0,SF,1.0,1.0,0.0,ShAdDafFr,18.0,1118.0,17.0,1056.0,DNS
1720729103.388675,C4wB4d16t3ANN3mqR1,192.168.1.6,46574.0,192.168.1.4,21.0,tcp,9.987157106399536,115.0,188.0,SF,1.0,1.0,0.0,ShAdDafFr,18.0,1059.0,17.0,1056.0,FTP
1720728392.621681,Cpd9Qx4GvQEWTrYuR8,192.168.1.6,56648.0,192.168.1.4,21.0,tcp,11.096235990524292,118.0,188.0,SF,1.0,1.0,0.0,ShAdDafrF,18.0,1062.0,17.0,1056.0,FTP
1720728215.793037,CfjhlI2qleg4E1tSq1,192.168.1.4,47303.0,162.159.129.233,443.0,tcp,11.096235990524292,118.0,188.0,SF,1.0,1.0,0.0,IIiiihhIHH,18.0,1062.0,17.0,1056.0,HTTPS
1720728235.355157,CVlSQU3nEwhRDr1k23,192.168.1.6,39162.0,192.168.1.4,21.0,tcp,10.639544010162354,118.0,188.0,SF,1.0,1.0,0.0,ShAdDafrF,18.0,1062.0,17.0,1056.0,FTP
1720727794.67756,C06NL9160OgBnKIQc2,192.168.1.4,34488.0,64.233.180.157,443.0,tcp,240.07933592796329,2563.0,7025.0,SF,1.0,0.0,0.0,ShADadFf,21.0,3663.0,21.0,8125.0,HTTPS
1720731534.217114,CaEYXB4RfdglghLOe4,192.168.1.6,44896.0,192.168.1.4,21.0,tcp,10.707108974456789,142.0,188.0,SF,1.0,1.0,0.0,ShAdDafFr,18.0,1086.0,17.0,1056.0,FTP
1720731167.804327,C3gLim4DiBcxZfF5N9,192.168.1.6,41864.0,192.168.1.4,21.0,tcp,9.86803102493286,116.0,188.0,SF,1.0,1.0,0.0,ShAdDafrF,18.0,1060.0,17.0,1056.0,FTP
1720730445.996126,C9YEyy206KSgGiN6J3,192.168.1.6,44128.0,192.168.1.4,21.0,tcp,10.284568071365356,127.0,188.0,SF,1.0,1.0,0.0,ShAdDafFr,18.0,1071.0,17.0,1056.0,FTP
1720728035.129934,C87Wol1RzvgOdexEY6,192.168.1.4,39757.0,192.168.1.1,53.0,udp,10.284568071365356,127.0,188.0,SF,1.0,1.0,0.0,ShAdDafFr,18.0,1071.0,17.0,1056.0,DNS
1720727906.546581,Cjadwp39x9BEqpJ587,192.168.1.4,48440.0,142.251.40.238,443.0,udp,10.284568071365356,127.0,188.0,SF,1.0,1.0,0.0,ShAdDafFr,18.0,1071.0,17.0,1056.0,HTTPS
1720731197.70677,CVWtkx4N1ugOWZlnDg,192.168.1.6,35176.0,192.168.1.4,21.0,tcp,9.533348083496094,113.0,188.0,SF,1.0,1.0,0.0,ShAdDafrF,18.0,1057.0,17.0,1056.0,FTP
1720729608.319255,CC28Eq1IaiqHIFUPx,192.168.1.6,48590.0,192.168.1.4,21.0,tcp,10.303831815719604,109.0,188.0,SF,1.0,1.0,0.0,ShAdDafrF,18.0,1053.0,17.0,1056.0,FTP
1720729317.952812,C6F7yq4n8ZlmEaZqS3,192.168.1.6,33618.0,192.168.1.4,21.0,tcp,9.6003520488739,119.0,188.0,SF,1.0,1.0,0.0,ShAdDafrF,18.0,1063.0,17.0,1056.0,FTP
1720727927.200806,CQptZ81VlKQaXUIeb9,192.168.1.6,34112.0,192.168.1.4,21.0,tcp,10.026982069015505,118.0,188.0,SF,1.0,1.0,0.0,ShAdDafrF,18.0,1062.0,17.0,1056.0,FTP
1720731683.306251,Ct9gag3VPwQfLI9Tj3,192.168.1.6,52570.0,192.168.1.4,21.0,tcp,10.416679859161375,153.0,188.0,SF,1.0,1.0,0.0,ShAdDafrF,18.0,1097.0,17.0,1056.0,FTP
1720728034.951298,Ch2Fzx1VZppRXsrvui,192.168.1.4,55051.0,192.168.1.1,53.0,udp,10.416679859161375,153.0,188.0,SF,1.0,1.0,0.0,ShAdDafrF,18.0,1097.0,17.0,1056.0,DNS
1720729017.646172,C9XGVB3pBEKqb9s81k,192.168.1.6,55680.0,192.168.1.4,21.0,tcp,9.700783967971802,112.0,188.0,SF,1.0,1.0,0.0,ShAdDafrF,18.0,1056.0,17.0,1056.0,FTP
1720728305.150866,CCIMcw4BXceEgfoY9h,192.168.1.4,53475.0,146.75.36.84,443.0,tcp,9.700783967971802,112.0,188.0,SF,1.0,1.0,0.0,ShAdDafrF,18.0,1056.0,17.0,1056.0,HTTPS
1720731886.141583,CdpFSx4ZscyMsF362h,192.168.1.6,59768.0,192.168.1.4,21.0,tcp,10.162606000900269,192.0,188.0,SF,1.0,1.0,0.0,ShAdDafrF,18.0,1136.0,17.0,1056.0,FTP
1720730314.250817,CpUcir1D35cd0wO556,192.168.1.6,39112.0,192.168.1.4,21.0,tcp,10.40684986114502,125.0,188.0,SF,1.0,1.0,0.0,ShAdDafrF,18.0,1069.0,17.0,1056.0,FTP
1720730789.589994,COcyGaKdWKsokbXvg,192.168.1.6,45446.0,192.168.1.4,21.0,tcp,9.500635147094728,125.0,188.0,SF,1.0,1.0,0.0,ShAdDafrF,18.0,1069.0,17.0,1056.0,FTP
1720731774.086866,C9ebVL3FwC9bfgXjJk,192.168.1.6,50134.0,192.168.1.4,21.0,tcp,10.097135066986084,174.0,188.0,SF,1.0,1.0,0.0,ShAdDafFr,18.0,1118.0,17.0,1056.0,FTP
1720729141.552394,C53wSm2qDwgu8FiY0c,192.168.1.6,47448.0,192.168.1.4,21.0,tcp,11.381468057632446,123.0,188.0,SF,1.0,1.0,0.0,ShAdDafrF,18.0,1067.0,17.0,1056.0,FTP
1720729982.219903,CihRt335in2ulMtS24,192.168.1.6,38352.0,192.168.1.4,21.0,tcp,9.39800500869751,124.0,188.0,SF,1.0,1.0,0.0,ShAdDafrF,18.0,1068.0,17.0,1056.0,FTP
1720730760.500104,Cvo5OW353VczAtAKnk,192.168.1.6,50950.0,192.168.1.4,21.0,tcp,10.421263933181764,136.0,188.0,SF,1.0,1.0,0.0,ShAdDafrF,18.0,1080.0,17.0,1056.0,FTP
1720728666.796671,CbpSlG2XwDtlkaeb6e,192.168.1.6,34334.0,192.168.1.4,21.0,tcp,10.62658715248108,136.0,188.0,SF,1.0,1.0,0.0,ShAdDafrF,18.0,1080.0,17.0,1056.0,FTP
1720728211.840147,Ce0GvD2lWJbbIAZpal,192.168.1.4,33344.0,93.184.215.14,80.0,tcp,6.023707866668701,0.0,0.0,SF,1.0,0.0,0.0,ShAFf,4.0,216.0,2.0,112.0,HTTP
1720731725.473011,C6GT7n2j0nurksp2db,192.168.1.6,34588.0,192.168.1.4,21.0,tcp,10.854094982147217,165.0,188.0,SF,1.0,1.0,0.0,ShAdDafrF,18.0,1109.0,17.0,1056.0,FTP
1720728275.058564,CkSbZW2gQ64nVfLATb,192.168.1.4,58342.0,3.211.83.105,443.0,tcp,76.38439297676086,3235.0,6403.0,SF,1.0,0.0,0.0,ShADadFf,20.0,4283.0,19.0,7399.0,HTTPS
1720728155.578453,CIvw2a4SGjYuLZ0ifg,192.168.1.4,59002.0,104.96.220.202,443.0,tcp,53.17939686775208,2440.0,4644.0,SF,1.0,0.0,0.0,ShADadFRf,14.0,3152.0,14.0,5380.0,HTTPS
1720731763.590287,CGzkTO1DXo590rPiP1,192.168.1.6,47940.0,192.168.1.4,21.0,tcp,10.452999114990234,172.0,188.0,SF,1.0,1.0,0.0,ShAdDafrF,18.0,1116.0,17.0,1056.0,FTP
1720730837.906751,Cq8yLc1fV0WydDE3th,192.168.1.6,40808.0,192.168.1.4,21.0,tcp,9.929147005081177,126.0,188.0,SF,1.0,1.0,0.0,ShAdDafFr,18.0,1070.0,17.0,1056.0,FTP
1720731919.065906,CtG2svqF6vYdPgwWl,192.168.1.6,38560.0,192.168.1.4,21.0,tcp,8.813140869140625,143.0,188.0,SF,1.0,1.0,0.0,ShAdDafrF,18.0,1087.0,17.0,1056.0,FTP
1720729238.206602,CkL9qB21ZHsdjeCzX1,192.168.1.6,38352.0,192.168.1.4,21.0,tcp,10.579410791397097,119.0,188.0,SF,1.0,1.0,0.0,ShAdDafrF,18.0,1063.0,17.0,1056.0,FTP
1720731944.927087,CYKVXv23nPnKtpCCYc,192.168.1.6,39424.0,192.168.1.4,21.0,tcp,9.856772899627686,136.0,188.0,SF,1.0,1.0,0.0,ShAdDafFr,18.0,1080.0,17.0,1056.0,FTP
1720729884.940395,CjTmcN2331iz3RyrD2,192.168.1.6,52156.0,192.168.1.4,21.0,tcp,10.448471784591677,129.0,188.0,SF,1.0,1.0,0.0,ShAdDafrF,18.0,1073.0,17.0,1056.0,FTP
1720728778.380901,C0GpZS3mRzV4aQG9L3,192.168.1.6,41536.0,192.168.1.4,21.0,tcp,10.333148956298828,135.0,188.0,SF,1.0,1.0,0.0,ShAdDafrF,18.0,1079.0,17.0,1056.0,FTP
1720728306.08995,Cil43zqY2v6xERkVi,192.168.1.4,46164.0,142.250.65.194,443.0,tcp,45.35968494415283,1811.0,6596.0,SF,1.0,0.0,0.0,ShADadFf,11.0,2391.0,9.0,7072.0,HTTPS
1720730662.889359,CSwFxl1dBsjze1kf0j,192.168.1.6,44768.0,192.168.1.4,21.0,tcp,10.460235118865969,126.0,188.0,SF,1.0,1.0,0.0,ShAdDafrF,18.0,1070.0,17.0,1056.0,FTP
1720731494.148011,C1QlW51H3z1PkBKdR4,192.168.1.6,37966.0,192.168.1.4,21.0,tcp,10.370826005935667,152.0,188.0,SF,1.0,1.0,0.0,ShAdDafFr,18.0,1096.0,17.0,1056.0,FTP
1720729084.7541,CUTWro4XBNZuB7UDaf,192.168.1.6,50516.0,192.168.1.4,21.0,tcp,11.444236993789673,122.0,188.0,SF,1.0,1.0,0.0,ShAdDafrF,18.0,1066.0,17.0,1056.0,FTP
1720728279.113096,CiyeQn4Y38AoRtjz4j,192.168.1.6,57566.0,192.168.1.4,21.0,tcp,10.491631984710692,118.0,188.0,SF,1.0,1.0,0.0,ShAdDafrF,18.0,1062.0,17.0,1056.0,FTP
1720728834.148852,CMrmpY10HTcdJqxohc,192.168.1.6,51656.0,192.168.1.4,21.0,tcp,9.106520891189575,114.0,188.0,SF,1.0,1.0,0.0,ShAdDafFr,18.0,1058.0,17.0,1056.0,FTP
1720729906.215473,CEQzqkvI95SU1aJ2l,192.168.1.6,43476.0,192.168.1.4,21.0,tcp,9.440536975860596,124.0,188.0,SF,1.0,1.0,0.0,ShAdDafFr,18.0,1068.0,17.0,1056.0,FTP
1720729595.935778,C3aY872ld8QFTLBi76,192.168.1.6,51160.0,192.168.1.4,21.0,tcp,10.56246018409729,111.0,188.0,SF,1.0,1.0,0.0,ShAdDafFr,18.0,1055.0,17.0,1056.0,FTP
1720730817.852732,Ce2BaVuNY6HErVlw,192.168.1.6,54140.0,192.168.1.4,21.0,tcp,10.167572021484377,124.0,188.0,SF,1.0,1.0,0.0,ShAdDafrF,18.0,1068.0,17.0,1056.0,FTP
1720728822.937495,Cnogx34KRJIvOWPsG4,192.168.1.6,57390.0,192.168.1.4,21.0,tcp,11.211241006851196,124.0,188.0,SF,1.0,1.0,0.0,ShAdDafrF,18.0,1068.0,17.0,1056.0,FTP
1720728217.828304,CBZSQo1GtofcAcBw2g,192.168.1.4,52960.0,13.107.21.239,443.0,tcp,0.0,124.0,188.0,SF,0.0,1.0,0.0,ShAdDafrF,18.0,1068.0,17.0,1056.0,HTTPS
1720727763.136497,CoDpgc4k1Ut3fbyCfc,192.168.1.4,43309.0,192.168.1.1,53.0,udp,0.00232195854187,39.0,159.0,SF,1.0,1.0,0.0,Dd,1.0,67.0,1.0,187.0,DNS
1720728245.135547,CfZyW71ydxQCM8X6kl,192.168.1.4,50596.0,20.50.80.210,443.0,tcp,60.65220808982849,2530.0,6597.0,RSTR,1.0,0.0,0.0,ShADadFr,10.0,3058.0,12.0,7217.0,HTTPS
1720728186.144921,CUUJgV1fezbPvgGmI6,192.168.1.4,34789.0,192.168.1.1,53.0,udp,60.65220808982849,2530.0,6597.0,RSTR,1.0,0.0,0.0,ShADadFr,10.0,3058.0,12.0,7217.0,DNS
1720727825.298176,CA9Txe3Q06LYQOnEw9,192.168.1.4,53694.0,142.251.40.234,443.0,udp,60.65220808982849,2530.0,6597.0,RSTR,1.0,0.0,0.0,ShADadFr,10.0,3058.0,12.0,7217.0,HTTPS
1720727895.602966,C4A4983IdtD4sEEB2a,192.168.1.6,46060.0,192.168.1.4,21.0,tcp,10.411845922470093,116.0,188.0,SF,1.0,1.0,0.0,ShAdDafrF,18.0,1060.0,17.0,1056.0,FTP
1720730281.231561,CVEAnI3mUs7P5sqwV6,192.168.1.6,54116.0,192.168.1.4,21.0,tcp,10.138236045837402,126.0,188.0,SF,1.0,1.0,0.0,ShAdDafrF,18.0,1070.0,17.0,1056.0,FTP
1720728096.083581,Cm5cCu1Fk1WF8QL1m5,192.168.1.4,36235.0,192.168.1.1,53.0,udp,0.002053976058959,41.0,119.0,SF,1.0,1.0,0.0,Dd,1.0,69.0,1.0,147.0,DNS
1720729268.363023,C4sssk2jRh4LkUHnQ4,192.168.1.6,34410.0,192.168.1.4,21.0,tcp,9.810529947280884,116.0,188.0,SF,1.0,1.0,0.0,ShAdDafrF,18.0,1060.0,17.0,1056.0,FTP
1720727915.721023,CSgTsz43tYvM4nKl78,192.168.1.4,58732.0,31.13.71.36,443.0,tcp,9.810529947280884,116.0,188.0,SF,1.0,1.0,0.0,ShAdDafrF,18.0,1060.0,17.0,1056.0,HTTPS
1720727824.609858,C4unpr1w0U5iE0Yc64,192.168.1.4,54086.0,192.168.1.1,53.0,udp,9.810529947280884,116.0,188.0,SF,1.0,1.0,0.0,ShAdDafrF,18.0,1060.0,17.0,1056.0,DNS
1720728185.217525,CY48CKI6SIquOl81j,192.168.1.4,46610.0,192.168.1.1,53.0,udp,9.810529947280884,116.0,188.0,SF,1.0,1.0,0.0,ShAdDafrF,18.0,1060.0,17.0,1056.0,DNS
1720728154.585255,CiRH7g2G2JVszSGgF4,192.168.1.4,33706.0,152.199.0.214,443.0,udp,9.810529947280884,116.0,188.0,SF,1.0,1.0,0.0,ShAdDafrF,18.0,1060.0,17.0,1056.0,HTTPS
1720728314.27082,CYeRNw2St3LpUNYJE5,192.168.1.6,35616.0,192.168.1.4,21.0,tcp,9.904654026031494,118.0,188.0,SF,1.0,1.0,0.0,ShAdDafrF,18.0,1062.0,17.0,1056.0,FTP
1720730443.572718,CEerTf1UcciEXux7fl,192.168.1.6,44094.0,192.168.1.4,21.0,tcp,8.991765022277832,138.0,188.0,SF,1.0,1.0,0.0,ShAdDafrF,18.0,1082.0,17.0,1056.0,FTP
1720731910.504486,ChFn614qGjfLaxBRLk,192.168.1.6,50018.0,192.168.1.4,21.0,tcp,10.248101949691772,194.0,188.0,SF,1.0,1.0,0.0,ShAdDafrF,18.0,1138.0,17.0,1056.0,FTP
1720727884.526039,C44a4HHXtV08T3sbd,192.168.1.4,58408.0,35.245.15.98,443.0,tcp,10.248101949691772,194.0,188.0,SF,1.0,1.0,0.0,ShAdDafrF,18.0,1138.0,17.0,1056.0,HTTPS
1720727786.541675,CK3mFc36bZPEyh2JFj,192.168.1.4,45854.0,192.168.1.1,53.0,udp,0.003264904022216,50.0,114.0,SF,1.0,1.0,0.0,Dd,1.0,78.0,1.0,142.0,DNS
1720727915.38855,CDka613UH6NaNeiGC3,192.168.1.4,53685.0,216.239.34.178,443.0,udp,0.003264904022216,50.0,114.0,SF,1.0,1.0,0.0,IIiiiIhhHhHhH,1.0,78.0,1.0,142.0,HTTPS
1720729584.788583,CCGGnE15Ib7O1sUb68,192.168.1.6,52408.0,192.168.1.4,21.0,tcp,9.759016036987305,112.0,188.0,SF,1.0,1.0,0.0,ShAdDafrF,18.0,1056.0,17.0,1056.0,FTP
1720727914.250675,Ch8wZc4Mkg9YI2Ig74,192.168.1.4,38366.0,192.168.1.1,53.0,udp,0.001443147659301,58.0,139.0,SF,1.0,1.0,0.0,Dd,1.0,86.0,1.0,167.0,DNS
1720727992.30741,ChH25YyR3cmFLNjck,192.168.1.4,52574.0,192.168.1.1,53.0,udp,0.001443147659301,58.0,139.0,SF,1.0,1.0,0.0,Dd,1.0,86.0,1.0,167.0,DNS
1720728275.019994,C25CHF4kNp8f1n0HE,192.168.1.4,41338.0,192.168.1.1,53.0,udp,0.001443147659301,58.0,139.0,SF,1.0,1.0,0.0,Dd,1.0,86.0,1.0,167.0,DNS
1720727883.53898,C4inUK2ol5dxvbTCtk,192.168.1.4,47203.0,192.168.1.1,53.0,udp,0.082129955291748,41.0,873.0,SF,1.0,1.0,0.0,Dd,1.0,69.0,1.0,901.0,DNS
1720728081.791869,Cd4jxv2zTA9b4qn2Qk,192.168.1.6,52146.0,192.168.1.4,21.0,tcp,9.55161714553833,117.0,188.0,SF,1.0,1.0,0.0,ShAdDafFr,18.0,1061.0,17.0,1056.0,FTP
1720731483.253385,CMkckl178msul4ux47,192.168.1.6,60666.0,192.168.1.4,21.0,tcp,10.532294034957886,177.0,188.0,SF,1.0,1.0,0.0,ShAdDafrF,18.0,1121.0,17.0,1056.0,FTP
1720727832.310576,CZszx2RnuaJ83oCBf,192.168.1.4,53640.0,20.114.189.135,443.0,tcp,21.08266806602478,2847.0,5892.0,RSTO,1.0,0.0,0.0,ShADadfR,12.0,3491.0,11.0,6472.0,HTTPS
1720727854.232821,CzD3ZT18kN4jGRouW6,192.168.1.4,38386.0,192.168.1.1,53.0,udp,0.023878097534179,53.0,179.0,SF,1.0,1.0,0.0,Dd,1.0,81.0,1.0,207.0,DNS
1720728154.564043,CzEXPk4oRsNdKWMe6c,192.168.1.4,45305.0,192.168.1.1,53.0,udp,0.001868963241577,37.0,102.0,SF,1.0,1.0,0.0,Dd,1.0,65.0,1.0,130.0,DNS
1720728035.213858,CUgeXi3AMKx4SSTTU4,192.168.1.4,59848.0,20.114.189.135,443.0,tcp,19.114213228225708,49009.0,6192.0,RSTO,1.0,0.0,0.0,ShADadfR,31.0,50629.0,19.0,7188.0,HTTPS
1720728004.869814,CLRXXi4GfH8W4vwhxk,192.168.1.4,49579.0,192.168.1.1,53.0,udp,0.083784103393554,50.0,214.0,SF,1.0,1.0,0.0,Dd,1.0,78.0,1.0,242.0,DNS
1720730170.812002,CkMGo43oc3pL1fDFme,192.168.1.6,34538.0,192.168.1.4,21.0,tcp,10.236207962036133,124.0,188.0,SF,1.0,1.0,0.0,ShAdDafrF,18.0,1068.0,17.0,1056.0,FTP
1720731637.233695,C4XOoa3EUds8jMXwCc,192.168.1.6,42230.0,192.168.1.4,21.0,tcp,9.65529203414917,151.0,188.0,SF,1.0,1.0,0.0,ShAdDafFr,18.0,1095.0,17.0,1056.0,FTP
1720728124.978627,CJclxn2LJmekYWCDYg,192.168.1.4,46788.0,172.64.154.159,443.0,tcp,0.036893129348754,1786.0,3258.0,SF,1.0,0.0,0.0,ShADaFdRfR,7.0,2122.0,5.0,3526.0,HTTPS
1720729259.02659,CboSi22XVQj9EAte01,192.168.1.6,54522.0,192.168.1.4,21.0,tcp,10.574603796005247,116.0,188.0,SF,1.0,1.0,0.0,ShAdDafrF,18.0,1060.0,17.0,1056.0,FTP
1720727801.601752,CEpRCz1lHCxO37o0O,192.168.1.6,57570.0,192.168.1.4,21.0,tcp,10.228177070617676,118.0,188.0,SF,1.0,1.0,0.0,ShAdDafrF,18.0,1062.0,17.0,1056.0,FTP
1720727914.069088,CvkHTf3TuiOb2IIy2d,192.168.1.4,39768.0,13.224.214.94,443.0,tcp,240.044380903244,3286.0,32893.0,SF,1.0,0.0,0.0,ShADadfF,27.0,4698.0,32.0,34565.0,HTTPS
1720730437.160628,CqFEpm16hxESAd7ZA6,192.168.1.6,42694.0,192.168.1.4,21.0,tcp,10.39421796798706,120.0,188.0,SF,1.0,1.0,0.0,ShAdDafrF,18.0,1064.0,17.0,1056.0,FTP
1720727773.311816,CWATt21jbZs6v1Frnf,192.168.1.4,36124.0,13.224.214.69,443.0,tcp,10.39421796798706,120.0,188.0,SF,1.0,1.0,0.0,IIishhhhHHH,18.0,1064.0,17.0,1056.0,HTTPS
1720727914.483713,CgQOzM1V7j1JcJv278,192.168.1.4,55812.0,192.168.1.1,53.0,udp,10.39421796798706,120.0,188.0,SF,1.0,1.0,0.0,IIishhhhHHH,18.0,1064.0,17.0,1056.0,DNS
1720729943.255056,CTY3hQ39caoCiTexs5,192.168.1.6,56026.0,192.168.1.4,21.0,tcp,10.472366094589232,126.0,188.0,SF,1.0,1.0,0.0,ShAdDafFr,18.0,1070.0,17.0,1056.0,FTP
1720727853.971083,CC4xqVvVvUg0GHYlk,192.168.1.4,34388.0,192.96.159.127,443.0,tcp,37.35598802566528,3009.0,1089.0,SF,1.0,0.0,0.0,ShADadfF,9.0,3485.0,7.0,1461.0,HTTPS
1720731693.711575,CFylaTEekisuoa64i,192.168.1.6,35502.0,192.168.1.4,21.0,tcp,10.278820037841797,167.0,188.0,SF,1.0,1.0,0.0,ShAdDafFr,18.0,1111.0,17.0,1056.0,FTP
1720727786.770752,CuvcQY1VLIm8MPGLS2,192.168.1.6,45752.0,192.168.1.4,21.0,tcp,9.243008136749268,118.0,188.0,SF,1.0,1.0,0.0,ShAdDafFr,18.0,1062.0,17.0,1056.0,FTP
1720731318.471048,CRvXUP2hw7OWpEOWuk,192.168.1.6,34706.0,192.168.1.4,21.0,tcp,10.903321981430054,159.0,188.0,SF,1.0,1.0,0.0,ShAdDafrF,18.0,1103.0,17.0,1056.0,FTP
1720729556.195843,C5ryY219pzmotcI1Sg,192.168.1.6,56732.0,192.168.1.4,21.0,tcp,10.562079906463625,112.0,188.0,SF,1.0,1.0,0.0,ShAdDafFr,18.0,1056.0,17.0,1056.0,FTP
1720728486.287335,CfJi8C1rnInSKNzCH1,192.168.1.6,36378.0,192.168.1.4,21.0,tcp,9.938353061676024,116.0,188.0,SF,1.0,1.0,0.0,ShAdDafrF,18.0,1060.0,17.0,1056.0,FTP
1720729185.626363,CYJqgdxuoQx6wNEo4,192.168.1.6,50094.0,192.168.1.4,21.0,tcp,10.543735980987549,135.0,188.0,SF,1.0,1.0,0.0,ShAdDafFr,18.0,1079.0,17.0,1056.0,FTP
1720729624.083824,CBFRWa2jGrT4Wq2LN6,192.168.1.6,32864.0,192.168.1.4,21.0,tcp,9.292088985443115,115.0,188.0,SF,1.0,1.0,0.0,ShAdDafFr,18.0,1059.0,17.0,1056.0,FTP
1720729030.369427,CSX4DE2XIOAmOEU1Pa,192.168.1.6,47704.0,192.168.1.4,21.0,tcp,9.923990964889526,141.0,188.0,SF,1.0,1.0,0.0,ShAdDafFr,18.0,1085.0,17.0,1056.0,FTP
1720730171.954369,CFRRU67N76KSDpeyl,192.168.1.6,34550.0,192.168.1.4,21.0,tcp,10.450337886810305,125.0,188.0,SF,1.0,1.0,0.0,ShAdDafrF,18.0,1069.0,17.0,1056.0,FTP
1720728155.263916,CFiT1S3yFy0yXvR3Me,192.168.1.4,50075.0,192.168.1.1,53.0,udp,0.024416923522949,48.0,308.0,SF,1.0,1.0,0.0,Dd,1.0,76.0,1.0,336.0,DNS
1720727794.624262,C1FTQk1VpatfZP0kpe,192.168.1.4,44302.0,192.168.1.1,53.0,udp,0.024416923522949,48.0,308.0,SF,1.0,1.0,0.0,Dd,1.0,76.0,1.0,336.0,DNS
1720731652.711623,Cf410l0s3vz4KUkXg,192.168.1.6,40776.0,192.168.1.4,21.0,tcp,10.281207084655762,148.0,188.0,SF,1.0,1.0,0.0,ShAdDafrF,18.0,1092.0,17.0,1056.0,FTP
1720729432.446016,CzdQn41JKHf8Hdb3bi,192.168.1.4,36518.0,192.168.1.1,53.0,udp,0.02312684059143,43.0,291.0,SF,1.0,1.0,0.0,Dd,1.0,71.0,1.0,319.0,DNS
1720727915.007738,CWjS7J1lxfpZeCNEN1,192.168.1.4,47296.0,13.224.214.12,443.0,udp,0.02312684059143,43.0,291.0,SF,1.0,1.0,0.0,Dd,1.0,71.0,1.0,319.0,HTTPS
1720728697.788906,CWOlLN3gobO1N3MMI1,192.168.1.6,40186.0,192.168.1.4,21.0,tcp,10.525640964508057,132.0,188.0,SF,1.0,1.0,0.0,ShAdDafrF,18.0,1076.0,17.0,1056.0,FTP
1720727884.865836,CiH76P1RFoA2uz6lU3,192.168.1.4,53355.0,192.168.1.1,53.0,udp,10.525640964508057,132.0,188.0,SF,1.0,1.0,0.0,ShAdDafrF,18.0,1076.0,17.0,1056.0,DNS
1720731872.501818,CceWyn4Gg8N2rdV2y5,192.168.1.6,58140.0,192.168.1.4,21.0,tcp,10.063522100448608,139.0,188.0,SF,1.0,1.0,0.0,ShAdDafFr,18.0,1083.0,17.0,1056.0,FTP
1720730526.798958,CpmOF2d6doLaxg0l2,192.168.1.6,49618.0,192.168.1.4,21.0,tcp,10.517907857894896,127.0,188.0,SF,1.0,1.0,0.0,ShAdDafrF,18.0,1071.0,17.0,1056.0,FTP
1720731264.118764,CN24o23b2KPvZj60Ze,192.168.1.6,60940.0,192.168.1.4,21.0,tcp,9.71273398399353,161.0,188.0,SF,1.0,1.0,0.0,ShAdDafrF,18.0,1105.0,17.0,1056.0,FTP
1720728271.874681,C8mUpZ2oNN6Npod1C1,192.168.1.4,42400.0,104.96.220.105,80.0,tcp,79.56110310554504,2634.0,230049.0,SF,1.0,0.0,0.0,ShADadFf,105.0,8102.0,102.0,235361.0,HTTP
1720728154.577373,CWCZRq4nCq8YchEW25,192.168.1.4,58530.0,192.168.1.1,53.0,udp,79.56110310554504,2634.0,230049.0,SF,1.0,0.0,0.0,ShADadFf,105.0,8102.0,102.0,235361.0,DNS
1720728306.181763,CVoZ3MZrb7cbzU3rh,192.168.1.4,43565.0,192.168.1.1,53.0,udp,0.002223014831542,90.0,172.0,SF,1.0,1.0,0.0,Dd,1.0,118.0,1.0,200.0,DNS
1720727850.910611,CTDXem2rMwp1Jp4X61,192.168.1.4,45235.0,192.168.1.1,53.0,udp,0.002223014831542,90.0,172.0,SF,1.0,1.0,0.0,Dd,1.0,118.0,1.0,200.0,DNS
1720728186.144801,CWHaffbbsi7GUHvwh,192.168.1.4,50405.0,192.168.1.1,53.0,udp,0.001798152923583,56.0,315.0,SF,1.0,1.0,0.0,Dd,1.0,84.0,1.0,343.0,DNS
1720730369.004096,CSjBHS3FQKXeF52766,192.168.1.6,44816.0,192.168.1.4,21.0,tcp,9.79467797279358,123.0,188.0,SF,1.0,1.0,0.0,ShAdDafrF,18.0,1067.0,17.0,1056.0,FTP
1720729403.333806,CUnBmq2tnVgu4BwjYd,192.168.1.6,36766.0,192.168.1.4,21.0,tcp,11.201354026794434,124.0,188.0,SF,1.0,1.0,0.0,ShAdDafrF,18.0,1068.0,17.0,1056.0,FTP
1720728983.0817,CoNij21ce2t616Wsuc,192.168.1.6,33978.0,192.168.1.4,21.0,tcp,10.092108011245728,133.0,188.0,SF,1.0,1.0,0.0,ShAdDafrF,18.0,1077.0,17.0,1056.0,FTP
1720728148.631935,CYCma44KWSfTV5qAj6,192.168.1.6,42176.0,192.168.1.4,21.0,tcp,9.323399066925049,118.0,188.0,SF,1.0,1.0,0.0,ShAdDafrF,18.0,1062.0,17.0,1056.0,FTP
1720728219.93535,C4e1JJ7i40Y0ZX2R2,192.168.1.4,44673.0,192.168.1.1,53.0,udp,0.015651941299438,51.0,415.0,SF,1.0,1.0,0.0,Dd,1.0,79.0,1.0,443.0,DNS
1720731767.590264,Cwoz4b1rh0ikZRzmJe,192.168.1.6,48020.0,192.168.1.4,21.0,tcp,10.278774976730348,159.0,188.0,SF,1.0,1.0,0.0,ShAdDafrF,18.0,1103.0,17.0,1056.0,FTP
1720728206.971375,CwaMC84OeNaP85pih,192.168.1.6,43838.0,192.168.1.4,21.0,tcp,9.365025043487549,118.0,188.0,SF,1.0,1.0,0.0,ShAdDafrF,18.0,1062.0,17.0,1056.0,FTP
1720727915.158255,CwlNW74XKKlKtFp9hj,192.168.1.4,47100.0,192.168.1.1,53.0,udp,0.00118088722229,58.0,145.0,SF,1.0,1.0,0.0,Dd,1.0,86.0,1.0,173.0,DNS
1720731475.116084,CYIv161ZJ3dmmYzL39,192.168.1.6,42272.0,192.168.1.4,21.0,tcp,9.407899856567385,159.0,188.0,SF,1.0,1.0,0.0,ShAdDafrF,18.0,1103.0,17.0,1056.0,FTP
1720728275.027234,CR228W1UjbWNOCb5v2,192.168.1.4,33882.0,144.80.128.34,443.0,tcp,30.09772682189941,3777.0,6995.0,RSTO,1.0,0.0,0.0,ShADadfR,11.0,4369.0,16.0,7835.0,HTTPS
1720727825.016763,CjP8sROu66LRUGcLc,192.168.1.4,54684.0,142.251.40.110,443.0,tcp,30.09772682189941,3777.0,6995.0,RSTO,1.0,0.0,0.0,ShADadfR,11.0,4369.0,16.0,7835.0,HTTPS
1720727996.436184,C8hqYk13RbszqLUYEa,192.168.1.6,51278.0,192.168.1.4,21.0,tcp,10.05805802345276,118.0,188.0,SF,1.0,1.0,0.0,ShAdDafrF,18.0,1062.0,17.0,1056.0,FTP
1720728837.46011,CWH1ii4zBkqR0laWv1,192.168.1.6,51710.0,192.168.1.4,21.0,tcp,8.832592010498047,117.0,188.0,SF,1.0,1.0,0.0,ShAdDafrF,18.0,1061.0,17.0,1056.0,FTP
1720727792.354385,CN6kz33HDWFGG0XrTk,192.168.1.6,45806.0,192.168.1.4,21.0,tcp,9.247191190719604,118.0,188.0,SF,1.0,1.0,0.0,ShAdDafrF,18.0,1062.0,17.0,1056.0,FTP
1720729810.689011,C5LTgJ3SZ2A6Xd8Tu4,192.168.1.6,40476.0,192.168.1.4,21.0,tcp,10.306439876556396,138.0,188.0,SF,1.0,1.0,0.0,ShAdDafrF,18.0,1082.0,17.0,1056.0,FTP
1720731207.250342,CjNq1K2K2rbUaftwya,192.168.1.6,58376.0,192.168.1.4,21.0,tcp,9.247006177902222,117.0,188.0,SF,1.0,1.0,0.0,ShAdDafrF,18.0,1061.0,17.0,1056.0,FTP
1720730772.653871,CJeW8uHjQwqAIIZo9,192.168.1.6,37196.0,192.168.1.4,21.0,tcp,10.175330877304075,124.0,188.0,SF,1.0,1.0,0.0,ShAdDafrF,18.0,1068.0,17.0,1056.0,FTP
1720731649.90033,CC4hmm27h4fcrwo4Ag,192.168.1.6,40756.0,192.168.1.4,21.0,tcp,10.007853984832764,168.0,188.0,SF,1.0,1.0,0.0,ShAdDafrF,18.0,1112.0,17.0,1056.0,FTP
1720727885.318862,CQUIwY1WbjpcQvSg46,192.168.1.4,44336.0,35.71.131.137,443.0,tcp,0.040775060653686,1760.0,4168.0,SF,1.0,0.0,0.0,ShADaFdRfR,8.0,2136.0,7.0,4540.0,HTTPS
1720728907.802524,Cou0Xi1wDSzfgs7kJg,192.168.1.6,43488.0,192.168.1.4,21.0,tcp,10.211952924728394,168.0,188.0,SF,1.0,1.0,0.0,ShAdDafrF,18.0,1112.0,17.0,1056.0,FTP
1720727915.744705,CmWfjc4Rp4vdCSr0Vb,192.168.1.4,33350.0,192.168.1.1,53.0,udp,0.023303031921386,63.0,235.0,SF,1.0,1.0,0.0,Dd,1.0,91.0,1.0,263.0,DNS
1720728124.415723,CaQzQc1eFKoGWFH526,192.168.1.4,35018.0,192.168.1.1,53.0,udp,0.023303031921386,63.0,235.0,SF,1.0,1.0,0.0,Dd,1.0,91.0,1.0,263.0,DNS
1720727786.736096,Car24Q8vZvkXCagh,192.168.1.6,45736.0,192.168.1.4,21.0,tcp,9.241827011108398,116.0,188.0,SF,1.0,1.0,0.0,ShAdDafFr,18.0,1060.0,17.0,1056.0,FTP
1720727734.396736,CryufK2XOd1Naodjsg,192.168.1.4,58275.0,142.250.65.163,443.0,tcp,9.241827011108398,116.0,188.0,SF,1.0,1.0,0.0,IIiiiIhhhHH,18.0,1060.0,17.0,1056.0,HTTPS
1720728096.49112,CX0KZpZrCfwPlY4Ji,192.168.1.4,51281.0,192.168.1.1,53.0,udp,0.003670930862426,48.0,559.0,SF,1.0,1.0,0.0,Dd,1.0,76.0,1.0,587.0,DNS
1720730471.953456,CPaGQ82fs3GWuoxvZi,192.168.1.6,36378.0,192.168.1.4,21.0,tcp,10.668169021606444,129.0,188.0,SF,1.0,1.0,0.0,ShAdDafFr,18.0,1073.0,17.0,1056.0,FTP
1720730814.56083,CNbibV3J5KHKjE9aIa,192.168.1.6,54106.0,192.168.1.4,21.0,tcp,10.469221830368042,133.0,188.0,SF,1.0,1.0,0.0,ShAdDafFr,18.0,1077.0,17.0,1056.0,FTP
1720727793.536664,CHpaHo3GsaGPCviyg,192.168.1.4,56218.0,192.168.1.1,53.0,udp,10.469221830368042,133.0,188.0,SF,1.0,1.0,0.0,ShAdDafFr,18.0,1077.0,17.0,1056.0,DNS
1720731348.175394,Cjk8Wy3nGzdDe3wNf9,192.168.1.6,55234.0,192.168.1.4,21.0,tcp,10.92297101020813,160.0,188.0,SF,1.0,1.0,0.0,ShAdDafrF,18.0,1104.0,17.0,1056.0,FTP
1720731513.293336,C3Q5eI2W25fPCaVb1,192.168.1.6,47068.0,192.168.1.4,21.0,tcp,10.872796058654783,170.0,188.0,SF,1.0,1.0,0.0,ShAdDafrF,18.0,1114.0,17.0,1056.0,FTP
1720728058.051682,CfGyy5381JFXHgAJMc,192.168.1.6,46066.0,192.168.1.4,21.0,tcp,9.444348096847534,118.0,188.0,SF,1.0,1.0,0.0,ShAdDafrF,18.0,1062.0,17.0,1056.0,FTP
1720729074.722749,CCaNAF3NK9fxLURGvi,192.168.1.6,49024.0,192.168.1.4,21.0,tcp,10.508924007415771,117.0,188.0,SF,1.0,1.0,0.0,ShAdDafFr,18.0,1061.0,17.0,1056.0,FTP
1720728125.057297,CrIDi54QmAR8kjnFk9,192.168.1.4,50341.0,172.64.154.159,443.0,udp,0.061465978622436,4099.0,6226.0,SF,1.0,0.0,0.0,Dd,9.0,4351.0,10.0,6506.0,HTTPS
1720728096.368402,CEosPx1s8NE475c6kl,192.168.1.4,51314.0,142.250.81.238,443.0,udp,0.061465978622436,4099.0,6226.0,SF,1.0,0.0,0.0,IIiiiIhhhHHhH,9.0,4351.0,10.0,6506.0,HTTPS
1720728125.147493,Cnc6wt2I0XVOLabgv6,192.168.1.4,33185.0,142.250.81.238,443.0,udp,0.242013216018676,4918.0,9136.0,SF,1.0,0.0,0.0,Dd,10.0,5198.0,13.0,9500.0,HTTPS
1720731046.127096,CFOMuhexQmKHlgaT6,192.168.1.6,33120.0,192.168.1.4,21.0,tcp,10.744025945663452,131.0,188.0,SF,1.0,1.0,0.0,ShAdDafrF,18.0,1075.0,17.0,1056.0,FTP
1720731475.967195,COSfEk3jgX5E4YeJk5,192.168.1.6,42304.0,192.168.1.4,21.0,tcp,10.607089042663574,167.0,188.0,SF,1.0,1.0,0.0,ShAdDafFr,18.0,1111.0,17.0,1056.0,FTP
1720729286.025805,Cvwrm7dP7K9iLnJbh,192.168.1.6,38152.0,192.168.1.4,21.0,tcp,9.42183804512024,121.0,188.0,SF,1.0,1.0,0.0,ShAdDafrF,18.0,1065.0,17.0,1056.0,FTP
1720731478.875615,CDogrN3zRZfTa5d9yd,192.168.1.6,42320.0,192.168.1.4,21.0,tcp,8.987754106521606,179.0,188.0,SF,1.0,1.0,0.0,ShAdDafrF,18.0,1123.0,17.0,1056.0,FTP
1720730399.55443,C5bZYA3rPSYptDRBp2,192.168.1.6,34068.0,192.168.1.4,21.0,tcp,9.080188989639282,127.0,188.0,SF,1.0,1.0,0.0,ShAdDafrF,18.0,1071.0,17.0,1056.0,FTP
1720728096.334639,CWP3oi4PZT0Hwb5Fi6,192.168.1.4,39051.0,192.168.1.1,53.0,udp,0.057098865509033,49.0,643.0,SF,1.0,1.0,0.0,Dd,1.0,77.0,1.0,671.0,DNS
1720729183.048098,C4uydV1V6nLZAxZOak,192.168.1.6,50048.0,192.168.1.4,21.0,tcp,9.657390832901,129.0,188.0,SF,1.0,1.0,0.0,ShAdDafrF,18.0,1073.0,17.0,1056.0,FTP
1720727763.997197,CgTZedRpR2La97fR4,192.168.1.4,56594.0,68.67.179.155,443.0,tcp,11.822516202926636,5661.0,31783.0,SF,1.0,0.0,0.0,ShADadFf,29.0,7177.0,30.0,33351.0,HTTPS
1720728585.766323,Cas3vA1xTFGzNrksq1,192.168.1.6,45254.0,192.168.1.4,21.0,tcp,9.981990814208984,114.0,188.0,SF,1.0,1.0,0.0,ShAdDafFr,18.0,1058.0,17.0,1056.0,FTP
1720731045.637232,CpDQgYe8KGekiapLa,192.168.1.6,33046.0,192.168.1.4,21.0,tcp,10.749348878860474,119.0,188.0,SF,1.0,1.0,0.0,ShAdDafrF,18.0,1063.0,17.0,1056.0,FTP
1720729282.285022,CMMOe25zNIfxmObg3,192.168.1.6,60110.0,192.168.1.4,21.0,tcp,10.046021938323976,124.0,188.0,SF,1.0,1.0,0.0,ShAdDafrF,18.0,1068.0,17.0,1056.0,FTP
1720730880.711549,CbOWfRaW1RMGZ5af8,192.168.1.6,60186.0,192.168.1.4,21.0,tcp,10.626181840896606,127.0,188.0,SF,1.0,1.0,0.0,ShAdDafrF,18.0,1071.0,17.0,1056.0,FTP
1720727771.633297,C10Qwv14jnjXyixkY4,192.168.1.6,53444.0,192.168.1.4,21.0,tcp,10.21444606781006,118.0,188.0,SF,1.0,1.0,0.0,ShAdDafrF,18.0,1062.0,17.0,1056.0,FTP
1720730331.710835,CVEHY7HWN8knVEUQe,192.168.1.6,57518.0,192.168.1.4,21.0,tcp,10.066829919815063,118.0,188.0,SF,1.0,1.0,0.0,ShAdDafrF,18.0,1062.0,17.0,1056.0,FTP
1720727884.874376,CqV72g4Tx3PWyrnd28,192.168.1.4,48094.0,13.224.214.98,443.0,tcp,240.1171560287476,2505.0,6800.0,SF,1.0,0.0,0.0,ShADadfF,19.0,3501.0,21.0,7900.0,HTTPS
1720728306.346903,CjbRQuFQfIAyyiqj1,192.168.1.4,54112.0,146.75.36.84,443.0,tcp,45.09751486778259,1822.0,5821.0,SF,1.0,0.0,0.0,ShADadFfR,11.0,2378.0,11.0,6401.0,HTTPS
1720727794.523967,C39jO74ztVKDvYp3q5,192.168.1.4,40612.0,216.239.32.178,443.0,tcp,45.09751486778259,1822.0,5821.0,SF,1.0,0.0,0.0,ShADadFfR,11.0,2378.0,11.0,6401.0,HTTPS
1720727892.303222,CLZY4b4wD4QXBdJ3e1,192.168.1.6,53592.0,192.168.1.4,21.0,tcp,10.116656064987184,118.0,188.0,SF,1.0,1.0,0.0,ShAdDafFr,18.0,1062.0,17.0,1056.0,FTP
1720727914.281455,CNQ1uk5iizw8iPNb9,192.168.1.4,42000.0,192.168.1.1,53.0,udp,10.116656064987184,118.0,188.0,SF,1.0,1.0,0.0,ShAdDafFr,18.0,1062.0,17.0,1056.0,DNS
1720731594.701158,Ca1daa2PSSOf6nxkd3,192.168.1.6,60866.0,192.168.1.4,21.0,tcp,9.70768904685974,154.0,188.0,SF,1.0,1.0,0.0,ShAdDafrF,18.0,1098.0,17.0,1056.0,FTP
1720728411.047681,CCh1Dg4K7LVLUXIwP,192.168.1.4,33604.0,192.168.1.1,53.0,udp,9.70768904685974,154.0,188.0,SF,1.0,1.0,0.0,ShAdDafrF,18.0,1098.0,17.0,1056.0,DNS
1720728580.178926,CRye1h1gcxJjniTlSg,192.168.1.6,47626.0,192.168.1.4,21.0,tcp,9.756752014160156,115.0,188.0,SF,1.0,1.0,0.0,ShAdDafrF,18.0,1059.0,17.0,1056.0,FTP
1720727969.27378,CwWjPy2m4h04HBD77b,192.168.1.6,41742.0,192.168.1.4,21.0,tcp,11.425567865371704,117.0,188.0,SF,1.0,1.0,0.0,ShAdDafrF,18.0,1061.0,17.0,1056.0,FTP
1720728047.094581,CC5kBs2ankKZH2jyr2,192.168.1.6,51002.0,192.168.1.4,21.0,tcp,9.79440712928772,117.0,188.0,SF,1.0,1.0,0.0,ShAdDafFr,18.0,1061.0,17.0,1056.0,FTP
1720728096.152744,CoyoTP2RCom96xfjBe,192.168.1.4,52656.0,146.75.38.133,443.0,tcp,0.0,117.0,188.0,SF,0.0,1.0,0.0,ShAdDafFr,18.0,1061.0,17.0,1056.0,HTTPS
1720727914.281722,CXL3781fdyqH1fwu3d,192.168.1.4,58082.0,192.168.1.1,53.0,udp,0.092173814773559,55.0,355.0,SF,1.0,1.0,0.0,Dd,1.0,83.0,1.0,383.0,DNS
1720728035.009822,CRlR7NgSkmeaCcbwi,192.168.1.4,34654.0,18.213.155.61,443.0,tcp,60.04735517501831,2689.0,6180.0,SF,1.0,0.0,0.0,ShADadfF,14.0,3425.0,16.0,7020.0,HTTPS
1720731489.894615,C9VEcH2eudeUvjRZf8,192.168.1.6,60752.0,192.168.1.4,21.0,tcp,9.455698013305664,166.0,188.0,SF,1.0,1.0,0.0,ShAdDafrF,18.0,1110.0,17.0,1056.0,FTP
1720729558.417795,CX12is3kKJd3Z95YS8,192.168.1.6,56792.0,192.168.1.4,21.0,tcp,9.591449975967407,110.0,188.0,SF,1.0,1.0,0.0,ShAdDafFr,18.0,1054.0,17.0,1056.0,FTP
1720729010.698487,Chxmh11uJZ9W6BTrJk,192.168.1.6,33956.0,192.168.1.4,21.0,tcp,9.486520051956177,117.0,188.0,SF,1.0,1.0,0.0,ShAdDafrF,18.0,1061.0,17.0,1056.0,FTP
1720731360.129857,CTyspa3ChLjmvki7Q2,192.168.1.6,35820.0,192.168.1.4,21.0,tcp,10.865800857543944,154.0,188.0,SF,1.0,1.0,0.0,ShAdDafFr,18.0,1098.0,17.0,1056.0,FTP
1720728155.250788,CzgUoB11imYYY2aVeb,192.168.1.4,56354.0,152.199.0.146,443.0,tcp,10.865800857543944,154.0,188.0,SF,1.0,1.0,0.0,ShAdDafFr,18.0,1098.0,17.0,1056.0,HTTPS
1720728305.678819,CGTjqI1mAkYwZOKfog,192.168.1.4,43763.0,192.168.1.1,53.0,udp,0.016118049621582,44.0,169.0,SF,1.0,1.0,0.0,Dd,1.0,72.0,1.0,197.0,DNS
1720728125.094253,CwwkT34lDTDnrVFujg,192.168.1.4,45536.0,23.212.249.68,443.0,tcp,83.65876197814941,11432.0,150224.0,SF,1.0,0.0,0.0,ShADadFfR,73.0,15212.0,104.0,155640.0,HTTPS
1720728245.1581,Ca9dP91tKJ9YOdeiXc,192.168.1.4,44133.0,192.168.1.1,53.0,udp,0.001198053359985,58.0,58.0,SF,1.0,1.0,0.0,Dd,1.0,86.0,1.0,86.0,DNS
1720731739.360064,CY3jEG2Ui8boBoJAe3,192.168.1.6,52686.0,192.168.1.4,21.0,tcp,9.943741083145142,157.0,188.0,SF,1.0,1.0,0.0,ShAdDafFr,18.0,1101.0,17.0,1056.0,FTP
1720727794.691498,C06NL9160OgBnKIQc2,192.168.1.4,34488.0,64.233.180.157,443.0,tcp,9.943741083145142,157.0,188.0,SF,1.0,1.0,0.0,ShAdDafFr,18.0,1101.0,17.0,1056.0,HTTPS
1720730194.171495,Cq2ZYY1rqe56xzUL7a,192.168.1.6,45046.0,192.168.1.4,21.0,tcp,10.306771993637083,134.0,188.0,SF,1.0,1.0,0.0,ShAdDafrF,18.0,1078.0,17.0,1056.0,FTP
1720728139.752815,CurEum2MJIxTfeumn5,192.168.1.6,37310.0,192.168.1.4,21.0,tcp,8.760343074798584,116.0,188.0,SF,1.0,1.0,0.0,ShAdDafrF,18.0,1060.0,17.0,1056.0,FTP
1720727765.575847,COHxch2RDm7H3IUdJc,192.168.1.4,43135.0,192.168.1.1,53.0,udp,0.013436079025268,118.0,118.0,SF,1.0,1.0,0.0,Dd,3.0,202.0,3.0,202.0,DNS
1720728184.645974,CN6tlm22dxzn9b4Z43,192.168.1.4,51131.0,192.168.1.1,53.0,udp,0.013436079025268,118.0,118.0,SF,1.0,1.0,0.0,Dd,3.0,202.0,3.0,202.0,DNS
1720727733.258264,ChwBxe4sdyXneRZpEh,192.168.1.4,56583.0,104.18.38.69,443.0,udp,0.013436079025268,118.0,118.0,SF,1.0,1.0,0.0,Dd,3.0,202.0,3.0,202.0,HTTPS
1720731798.598099,CnhHE317Z3RlSHzIql,192.168.1.6,60908.0,192.168.1.4,21.0,tcp,10.394840955734251,134.0,188.0,SF,1.0,1.0,0.0,ShAdDafrF,18.0,1078.0,17.0,1056.0,FTP
1720727824.999525,CFCw0U1TxJEmV9jRd3,192.168.1.4,56912.0,142.251.32.110,443.0,tcp,10.394840955734251,134.0,188.0,SF,1.0,1.0,0.0,ShAdDafrF,18.0,1078.0,17.0,1056.0,HTTPS
1720729592.847129,CGJrTC1fIqaDp1c4Kl,192.168.1.6,52556.0,192.168.1.4,21.0,tcp,10.503928899765016,111.0,188.0,SF,1.0,1.0,0.0,ShAdDafrF,18.0,1055.0,17.0,1056.0,FTP
1720727884.878434,C4Qvdk3XnHOdJ5yvql,192.168.1.4,55394.0,72.21.81.130,443.0,tcp,10.503928899765016,111.0,188.0,SF,1.0,1.0,0.0,ShAdDafrF,18.0,1055.0,17.0,1056.0,HTTPS
1720728636.292876,CP4RWA3WjovN8fELgj,192.168.1.6,45564.0,192.168.1.4,21.0,tcp,9.847234010696411,121.0,188.0,SF,1.0,1.0,0.0,ShAdDafFr,18.0,1065.0,17.0,1056.0,FTP
1720728096.351176,CFfegn37PS89K9Er68,192.168.1.4,37483.0,142.250.81.238,443.0,udp,0.219177961349487,9889.0,11215.0,SF,1.0,0.0,0.0,Dd,20.0,10449.0,22.0,11831.0,HTTPS
1720727884.939927,CQHP422QL3SNVvtx1f,192.168.1.4,55996.0,146.75.36.84,443.0,udp,0.031804800033569,2864.0,7045.0,SF,1.0,0.0,0.0,Dd,8.0,3088.0,7.0,7241.0,HTTPS
1720727916.039055,C5gLE735J9BsPl0508,192.168.1.6,39940.0,192.168.1.4,21.0,tcp,11.12989592552185,118.0,188.0,SF,1.0,1.0,0.0,ShAdDafrF,18.0,1062.0,17.0,1056.0,FTP
1720727915.768198,CFQuOi1B4ZNHJ9y7f,192.168.1.4,48933.0,192.168.1.1,53.0,udp,0.007117986679077,61.0,111.0,SF,1.0,1.0,0.0,Dd,1.0,89.0,1.0,139.0,DNS
1720730044.482324,CQBTml113ZpQ0y2DNc,192.168.1.6,42324.0,192.168.1.4,21.0,tcp,9.409019231796265,136.0,188.0,SF,1.0,1.0,0.0,ShAdDafrF,18.0,1080.0,17.0,1056.0,FTP
1720728305.962031,CmyFE8NmWg4Wraxq2,192.168.1.4,48058.0,192.168.1.1,53.0,udp,9.409019231796265,136.0,188.0,SF,1.0,1.0,0.0,ShAdDafrF,18.0,1080.0,17.0,1056.0,DNS
1720728216.260927,CzzvD03WwHID9KP1Wc,192.168.1.4,55186.0,162.159.133.233,443.0,tcp,0.042556047439575,1792.0,3796.0,SF,1.0,0.0,0.0,ShADadFRfR,9.0,2244.0,6.0,4116.0,HTTPS
1720731042.407639,CxnUtC2GW2Yzwpy6zi,192.168.1.6,56916.0,192.168.1.4,21.0,tcp,10.88478708267212,124.0,188.0,SF,1.0,1.0,0.0,ShAdDafrF,18.0,1068.0,17.0,1056.0,FTP
1720728551.574445,C7qA1K1WEV0yxEz2C8,192.168.1.6,33096.0,192.168.1.4,21.0,tcp,10.088515043258669,118.0,188.0,SF,1.0,1.0,0.0,ShAdDafrF,18.0,1062.0,17.0,1056.0,FTP
1720731603.294789,Cooc8A3nSYtfpUERb5,192.168.1.6,37892.0,192.168.1.4,21.0,tcp,10.267735004425049,169.0,188.0,SF,1.0,1.0,0.0,ShAdDafrF,18.0,1113.0,17.0,1056.0,FTP
1720728715.520888,Cu0xID4u7oq1UuSIG9,192.168.1.6,45142.0,192.168.1.4,21.0,tcp,11.006721019744871,137.0,188.0,SF,1.0,1.0,0.0,ShAdDafrF,18.0,1081.0,17.0,1056.0,FTP
1720730940.64242,CdgFS914AS4KF36lxd,192.168.1.6,40702.0,192.168.1.4,21.0,tcp,10.369695901870728,129.0,188.0,SF,1.0,1.0,0.0,ShAdDafrF,18.0,1073.0,17.0,1056.0,FTP
1720728185.339591,C0TOug4jvZYE4U37wk,192.168.1.4,55973.0,192.168.1.1,53.0,udp,10.369695901870728,129.0,188.0,SF,1.0,1.0,0.0,ShAdDafrF,18.0,1073.0,17.0,1056.0,DNS
1720728035.483105,CC7gwbRHRb0ok8zn3,192.168.1.4,54956.0,54.145.222.88,443.0,udp,10.369695901870728,129.0,188.0,SF,1.0,1.0,0.0,ShAdDafrF,18.0,1073.0,17.0,1056.0,HTTPS
1720729360.535629,CsjSyV2TaJCF1kV272,192.168.1.6,48600.0,192.168.1.4,21.0,tcp,10.184021949768066,131.0,188.0,SF,1.0,1.0,0.0,ShAdDafrF,18.0,1075.0,17.0,1056.0,FTP
1720728186.603161,CygXXPhpDnD2j0SRe,192.168.1.4,54362.0,192.168.1.1,53.0,udp,0.003888845443725,58.0,139.0,SF,1.0,1.0,0.0,Dd,1.0,86.0,1.0,167.0,DNS
1720731949.3181,CI9Lkm4NQ6qdPWFW2a,192.168.1.6,39544.0,192.168.1.4,21.0,tcp,9.651922941207886,117.0,188.0,SF,1.0,1.0,0.0,ShAdDafrF,18.0,1061.0,17.0,1056.0,FTP
1720727824.621987,C2uzLGriwu8ygesM6,192.168.1.4,46779.0,192.168.1.1,53.0,udp,0.001530885696411,46.0,103.0,SF,1.0,1.0,0.0,Dd,1.0,74.0,1.0,131.0,DNS
1720728245.099314,ChlbYl3eFjFC4iZOpl,192.168.1.4,45762.0,13.107.253.40,443.0,tcp,90.06744813919067,3001.0,71133.0,RSTO,1.0,0.0,0.0,ShADadRf,37.0,4921.0,53.0,73897.0,HTTPS
1720730802.09712,CaFkgS39AdGsj6yfM6,192.168.1.6,47926.0,192.168.1.4,21.0,tcp,9.4325430393219,130.0,188.0,SF,1.0,1.0,0.0,ShAdDafrF,18.0,1074.0,17.0,1056.0,FTP
1720727915.063256,CDorvB2VW4U0H5Xet2,192.168.1.4,41317.0,192.168.1.1,53.0,udp,0.009842872619628,61.0,209.0,SF,1.0,1.0,0.0,Dd,1.0,89.0,1.0,237.0,DNS
1720727915.064656,CmUEQm3DGP9G0bfpW,192.168.1.4,43523.0,192.168.1.1,53.0,udp,0.009842872619628,61.0,209.0,SF,1.0,1.0,0.0,Dd,1.0,89.0,1.0,237.0,DNS
1720727910.961002,CtO2r03ttjCiWa3hS,192.168.1.4,54702.0,192.168.1.1,53.0,udp,0.009842872619628,61.0,209.0,SF,1.0,1.0,0.0,Dd,1.0,89.0,1.0,237.0,DNS
1720728852.736295,C45WE01Ra703ezUgI1,192.168.1.6,39822.0,192.168.1.4,21.0,tcp,9.094638109207152,119.0,188.0,SF,1.0,1.0,0.0,ShAdDafrF,18.0,1063.0,17.0,1056.0,FTP
1720729854.952236,CtZFdY1SyzEowFb8ni,192.168.1.6,47832.0,192.168.1.4,21.0,tcp,9.416990041732788,137.0,188.0,SF,1.0,1.0,0.0,ShAdDafFr,18.0,1081.0,17.0,1056.0,FTP
1720727885.326527,CLZTJJ2HJZwBAzrga6,192.168.1.4,44320.0,35.71.131.137,443.0,tcp,9.416990041732788,137.0,188.0,SF,1.0,1.0,0.0,ShAdDafFr,18.0,1081.0,17.0,1056.0,HTTPS
1720728035.131911,CpiBcI2GTmwsMoStNf,192.168.1.4,52566.0,192.168.1.1,53.0,udp,9.416990041732788,137.0,188.0,SF,1.0,1.0,0.0,ShAdDafFr,18.0,1081.0,17.0,1056.0,DNS
1720727801.789275,Cr49kwn8wkgJcwiph,192.168.1.6,57594.0,192.168.1.4,21.0,tcp,10.237699031829834,118.0,188.0,SF,1.0,1.0,0.0,ShAdDafrF,18.0,1062.0,17.0,1056.0,FTP
1720731777.698558,C57aVbR8fSqu7VlRe,192.168.1.6,50222.0,192.168.1.4,21.0,tcp,10.057281017303469,164.0,188.0,SF,1.0,1.0,0.0,ShAdDafrF,18.0,1108.0,17.0,1056.0,FTP
1720729308.85645,CRWJjX14GpC04JtcL9,192.168.1.6,43844.0,192.168.1.4,21.0,tcp,9.096237897872925,120.0,188.0,SF,1.0,1.0,0.0,ShAdDafrF,18.0,1064.0,17.0,1056.0,FTP
1720729544.173408,C02NXJ2HIu6EvSCvjc,192.168.1.6,48862.0,192.168.1.4,21.0,tcp,9.944730043411257,130.0,188.0,SF,1.0,1.0,0.0,ShAdDafFr,18.0,1074.0,17.0,1056.0,FTP
1720727914.277327,C5rnYu3fltQhws3iTk,192.168.1.4,34380.0,192.168.1.1,53.0,udp,0.003494977951049,58.0,139.0,SF,1.0,1.0,0.0,Dd,1.0,86.0,1.0,167.0,DNS
1720728007.309116,CYXKEL3rD7E2CXcmkg,192.168.1.4,35797.0,142.251.40.110,443.0,udp,0.003494977951049,58.0,139.0,SF,1.0,1.0,0.0,IIZiishH,1.0,86.0,1.0,167.0,HTTPS
1720728768.070955,CfrAkN3vM0C1SnLUPf,192.168.1.6,33024.0,192.168.1.4,21.0,tcp,10.22266697883606,123.0,188.0,SF,1.0,1.0,0.0,ShAdDafFr,18.0,1067.0,17.0,1056.0,FTP
1720730439.399964,C4GYDV3jozp1ZW8H39,192.168.1.6,42724.0,192.168.1.4,21.0,tcp,9.734123945236206,125.0,188.0,SF,1.0,1.0,0.0,ShAdDafrF,18.0,1069.0,17.0,1056.0,FTP
1720728444.770922,ChtDUbt6SXEZM9JF5,192.168.1.6,37890.0,192.168.1.4,21.0,tcp,9.385027170181274,118.0,188.0,SF,1.0,1.0,0.0,ShAdDafrF,18.0,1062.0,17.0,1056.0,FTP
1720730090.334236,Cf3myV1se1Z1byVIrg,192.168.1.6,33640.0,192.168.1.4,21.0,tcp,9.210264205932615,155.0,188.0,SF,1.0,1.0,0.0,ShAdDafrF,18.0,1099.0,17.0,1056.0,FTP
1720727883.65284,C5xPiL1aSCJttnC36g,192.168.1.4,53104.0,45.60.73.20,443.0,tcp,9.210264205932615,155.0,188.0,SF,1.0,1.0,0.0,ShAdDafrF,18.0,1099.0,17.0,1056.0,HTTPS
1720728125.058251,CU44kM2GA9VdEvP1c5,192.168.1.4,54107.0,192.168.1.1,53.0,udp,0.033091068267822,41.0,163.0,SF,1.0,1.0,0.0,Dd,1.0,69.0,1.0,191.0,DNS
1720730265.232286,CqbPqG4mECno2sY6Oh,192.168.1.6,45296.0,192.168.1.4,21.0,tcp,11.017178058624268,134.0,188.0,SF,1.0,1.0,0.0,ShAdDafrF,18.0,1078.0,17.0,1056.0,FTP
1720729126.05874,CpoT8y27c4cxAVpHPd,192.168.1.6,45762.0,192.168.1.4,21.0,tcp,9.515088081359863,125.0,188.0,SF,1.0,1.0,0.0,ShAdDafFr,18.0,1069.0,17.0,1056.0,FTP
1720730148.850623,CQ4cpqcZ4RhPpQfE4,192.168.1.6,55550.0,192.168.1.4,21.0,tcp,10.627344131469728,128.0,188.0,SF,1.0,1.0,0.0,ShAdDafrF,18.0,1072.0,17.0,1056.0,FTP
1720728305.777898,Cjd9E7QfivHRNAb26,192.168.1.4,40508.0,34.149.158.18,443.0,udp,0.074136972427368,3340.0,6321.0,SF,1.0,0.0,0.0,Dd,9.0,3592.0,10.0,6601.0,HTTPS
1720727758.882216,CQAIGa3HuCZ17LiLg8,192.168.1.6,52136.0,192.168.1.4,21.0,tcp,9.84479308128357,118.0,188.0,SF,1.0,1.0,0.0,ShAdDafFr,18.0,1062.0,17.0,1056.0,FTP
1720730544.907088,CH7nIp4vOtBa5GkMh4,192.168.1.6,58604.0,192.168.1.4,21.0,tcp,10.536011934280396,117.0,188.0,SF,1.0,1.0,0.0,ShAdDafrF,18.0,1061.0,17.0,1056.0,FTP
1720728245.105865,C84Ch44JqwCJr11xTe,192.168.1.4,52765.0,192.168.1.1,53.0,udp,0.034356117248535,46.0,187.0,SF,1.0,1.0,0.0,Dd,1.0,74.0,1.0,215.0,DNS
1720730546.963127,CDBtg73QIpLXnUIDEe,192.168.1.6,58664.0,192.168.1.4,21.0,tcp,10.08302903175354,126.0,188.0,SF,1.0,1.0,0.0,ShAdDafrF,18.0,1070.0,17.0,1056.0,FTP
1720728979.732663,CP5WSp4dsq8bHc1lqg,192.168.1.6,57670.0,192.168.1.4,21.0,tcp,10.053187131881714,125.0,188.0,SF,1.0,1.0,0.0,ShAdDafrF,18.0,1069.0,17.0,1056.0,FTP
1720730436.27804,CoWkaJ2uRnaQFSktOe,192.168.1.6,42668.0,192.168.1.4,21.0,tcp,9.705811023712158,142.0,188.0,SF,1.0,1.0,0.0,ShAdDafrF,18.0,1086.0,17.0,1056.0,FTP
1720731469.901523,CwVSlVE5sHjyDKnJ7,192.168.1.6,56726.0,192.168.1.4,21.0,tcp,9.821693897247314,163.0,188.0,SF,1.0,1.0,0.0,ShAdDafrF,18.0,1107.0,17.0,1056.0,FTP
1720727786.538925,CoZfRc4cSVEpsSCx7i,192.168.1.4,47742.0,192.168.1.1,53.0,udp,0.015053987503051,48.0,480.0,SF,1.0,1.0,0.0,Dd,1.0,76.0,1.0,508.0,DNS
1720730981.810771,CWIltb1M2faWnXKls4,192.168.1.6,36210.0,192.168.1.4,21.0,tcp,10.22386908531189,123.0,188.0,SF,1.0,1.0,0.0,ShAdDafrF,18.0,1067.0,17.0,1056.0,FTP
1720731517.36682,ClCP8S1RcXjun6ZcPj,192.168.1.6,47184.0,192.168.1.4,21.0,tcp,10.171624898910522,131.0,188.0,SF,1.0,1.0,0.0,ShAdDafrF,18.0,1075.0,17.0,1056.0,FTP
1720731286.151159,Czx8BP3JNhdm8Czsd7,192.168.1.6,50066.0,192.168.1.4,21.0,tcp,9.759053945541382,170.0,188.0,SF,1.0,1.0,0.0,ShAdDafrF,18.0,1114.0,17.0,1056.0,FTP
1720731160.189882,CmZgdm3SHcVfSopJag,192.168.1.6,59930.0,192.168.1.4,21.0,tcp,9.545192956924438,105.0,188.0,SF,1.0,1.0,0.0,ShAdDafrF,18.0,1049.0,17.0,1056.0,FTP
1720729906.08113,CAWcaO1H3qehq8Y6J6,192.168.1.6,43464.0,192.168.1.4,21.0,tcp,9.42644190788269,135.0,188.0,SF,1.0,1.0,0.0,ShAdDafrF,18.0,1079.0,17.0,1056.0,FTP
1720728154.22214,Cs2RBq1L5n19dViT4e,192.168.1.6,47668.0,192.168.1.4,21.0,tcp,10.320371866226196,118.0,188.0,SF,1.0,1.0,0.0,ShAdDafrF,18.0,1062.0,17.0,1056.0,FTP
1720729461.372117,CCBb9a1fGeUvAUlgCl,192.168.1.6,56480.0,192.168.1.4,21.0,tcp,10.76632285118103,131.0,188.0,SF,1.0,1.0,0.0,ShAdDafrF,18.0,1075.0,17.0,1056.0,FTP
1720731329.220612,CiIK0148AvCnx3AvD5,192.168.1.6,35270.0,192.168.1.4,21.0,tcp,10.958488941192629,167.0,188.0,SF,1.0,1.0,0.0,ShAdDafrF,18.0,1111.0,17.0,1056.0,FTP
1720727914.015126,CwiMts3LMhXWA6okKf,192.168.1.4,40338.0,192.168.1.1,53.0,udp,0.014219999313354,46.0,398.0,SF,1.0,1.0,0.0,Dd,1.0,74.0,1.0,426.0,DNS
1720729934.095175,COggUe2D04yrjDXak1,192.168.1.6,47696.0,192.168.1.4,21.0,tcp,9.297544956207275,141.0,188.0,SF,1.0,1.0,0.0,ShAdDafrF,18.0,1085.0,17.0,1056.0,FTP
1720728096.66928,C12uSN2DNNTygQNAtk,192.168.1.4,58082.0,192.168.1.1,53.0,udp,9.297544956207275,141.0,188.0,SF,1.0,1.0,0.0,ShAdDafrF,18.0,1085.0,17.0,1056.0,DNS
1720730169.090574,CdRrw32hGh8Vq7Nn98,192.168.1.6,34514.0,192.168.1.4,21.0,tcp,10.898675918579102,124.0,188.0,SF,1.0,1.0,0.0,ShAdDafrF,18.0,1068.0,17.0,1056.0,FTP
1720729823.650365,CpYi7U3uDGqFQBMRy3,192.168.1.6,34298.0,192.168.1.4,21.0,tcp,10.898675918579102,124.0,188.0,SF,1.0,1.0,0.0,ShAdDafrF,18.0,1068.0,17.0,1056.0,FTP
1720729078.176724,CTvwRm1pr1w2qb9Zqf,192.168.1.6,49026.0,192.168.1.4,21.0,tcp,10.548866987228394,122.0,188.0,SF,1.0,1.0,0.0,ShAdDafrF,18.0,1066.0,17.0,1056.0,FTP
1720727914.194165,CE1fEv4oPmQkhwuCya,192.168.1.4,51597.0,192.168.1.1,53.0,udp,0.056370019912719,42.0,163.0,SF,1.0,1.0,0.0,Dd,1.0,70.0,1.0,191.0,DNS
1720729183.090803,CVgp7h26zRkhrJYVT1,192.168.1.6,50070.0,192.168.1.4,21.0,tcp,9.66464900970459,126.0,188.0,SF,1.0,1.0,0.0,ShAdDafFr,18.0,1070.0,17.0,1056.0,FTP
1720729843.234896,C9alP04fIOd4wNNHTd,192.168.1.4,47175.0,192.168.1.1,53.0,udp,0.000849962234497,58.0,394.0,SF,1.0,1.0,0.0,Dd,1.0,86.0,1.0,422.0,DNS
1720727915.695582,CQy2EzrU6Jw9oSO1b,192.168.1.4,40706.0,18.238.4.5,443.0,tcp,0.052967071533203,1883.0,4944.0,SF,1.0,0.0,0.0,ShADadFRf,11.0,2439.0,10.0,5472.0,HTTPS
1720730680.923698,CPNoO02Fhug5yynXj4,192.168.1.6,42336.0,192.168.1.4,21.0,tcp,10.2831449508667,120.0,188.0,SF,1.0,1.0,0.0,ShAdDafFr,18.0,1064.0,17.0,1056.0,FTP
1720727883.504001,C8VKjQ3RXhFTM1vQd9,192.168.1.4,55687.0,192.168.1.1,53.0,udp,0.101951122283935,37.0,222.0,SF,1.0,1.0,0.0,Dd,1.0,65.0,1.0,250.0,DNS
1720728187.307571,C1NiZG2f1EL3Jvds9g,192.168.1.4,42226.0,192.168.1.1,53.0,udp,0.029834985733032,76.0,670.0,SF,1.0,1.0,0.0,Dd,1.0,104.0,1.0,698.0,DNS
1720729501.892608,C7kIkN236WqsloC1E1,192.168.1.6,43308.0,192.168.1.4,21.0,tcp,10.05433201789856,113.0,188.0,SF,1.0,1.0,0.0,ShAdDafrF,18.0,1057.0,17.0,1056.0,FTP
1720728011.409099,C6LHDh1Sx0env5DOp4,192.168.1.6,38368.0,192.168.1.4,21.0,tcp,9.92756700515747,117.0,188.0,SF,1.0,1.0,0.0,ShAdDafrF,18.0,1061.0,17.0,1056.0,FTP
1720731026.994735,CZwQSW3wYYwqO0YGk,192.168.1.6,43546.0,192.168.1.4,21.0,tcp,10.237611055374146,126.0,188.0,SF,1.0,1.0,0.0,ShAdDafrF,18.0,1070.0,17.0,1056.0,FTP
1720729826.464032,CFD34LzV1iyiN6TQj,192.168.1.6,34320.0,192.168.1.4,21.0,tcp,11.23254418373108,117.0,188.0,SF,1.0,1.0,0.0,ShAdDafrF,18.0,1061.0,17.0,1056.0,FTP
1720728705.347203,CIkveP2Eje77tG0dh9,192.168.1.6,37344.0,192.168.1.4,21.0,tcp,10.269691944122314,137.0,188.0,SF,1.0,1.0,0.0,ShAdDafrF,18.0,1081.0,17.0,1056.0,FTP
1720727915.051242,COYhMQ2F0rIA5R4ySe,192.168.1.4,41473.0,192.168.1.1,53.0,udp,10.269691944122314,137.0,188.0,SF,1.0,1.0,0.0,ShAdDafrF,18.0,1081.0,17.0,1056.0,DNS
1720730138.47234,CvHIwV2fDVrzjOmzsi,192.168.1.6,57470.0,192.168.1.4,21.0,tcp,10.25022292137146,126.0,188.0,SF,1.0,1.0,0.0,ShAdDafrF,18.0,1070.0,17.0,1056.0,FTP
1720730772.626527,CA56k11lDnpCbM1rLi,192.168.1.6,37194.0,192.168.1.4,21.0,tcp,10.168937921524048,123.0,188.0,SF,1.0,1.0,0.0,ShAdDafrF,18.0,1067.0,17.0,1056.0,FTP
1720728656.729196,Cz4Ma53pWZuwirOKA7,192.168.1.6,57820.0,192.168.1.4,21.0,tcp,9.229943990707396,135.0,188.0,SF,1.0,1.0,0.0,ShAdDafrF,18.0,1079.0,17.0,1056.0,FTP
1720729615.683913,CulyXa2yRCd9rfqu92,192.168.1.6,47572.0,192.168.1.4,21.0,tcp,8.38954496383667,116.0,188.0,SF,1.0,1.0,0.0,ShAdDafFr,18.0,1060.0,17.0,1056.0,FTP
1720729709.697674,ChdKq324tvWJK3xnPb,192.168.1.6,47976.0,192.168.1.4,21.0,tcp,10.042165040969849,114.0,188.0,SF,1.0,1.0,0.0,ShAdDafrF,18.0,1058.0,17.0,1056.0,FTP
1720727824.873725,CAXAts45KkMzJyHNrj,192.168.1.4,37306.0,142.251.41.3,443.0,tcp,10.042165040969849,114.0,188.0,SF,1.0,1.0,0.0,IIiiiIhhhHH,18.0,1058.0,17.0,1056.0,HTTPS
1720727885.417864,CrtdJZ1ZnLhFXYm7rl,192.168.1.4,52173.0,146.75.36.84,443.0,tcp,10.042165040969849,114.0,188.0,SF,1.0,1.0,0.0,IIiiiIhhhHH,18.0,1058.0,17.0,1056.0,HTTPS
1720727980.15917,ChtZO84Y1c1S6papEh,192.168.1.6,55124.0,192.168.1.4,21.0,tcp,10.484400987625122,118.0,188.0,SF,1.0,1.0,0.0,ShAdDafrF,18.0,1062.0,17.0,1056.0,FTP
1720728563.909424,CufVuj4AUzTGbBe6Xf,192.168.1.6,38064.0,192.168.1.4,21.0,tcp,9.730451822280884,116.0,188.0,SF,1.0,1.0,0.0,ShAdDafrF,18.0,1060.0,17.0,1056.0,FTP
1720729744.188116,Cvkh5RllM0wy3Vjjj,192.168.1.6,60678.0,192.168.1.4,21.0,tcp,9.385756969451904,115.0,188.0,SF,1.0,1.0,0.0,ShAdDafrF,18.0,1059.0,17.0,1056.0,FTP
1720729737.364013,C8ijIA3yTq0Cng5Qqi,192.168.1.6,42514.0,192.168.1.4,21.0,tcp,9.292478084564207,114.0,188.0,SF,1.0,1.0,0.0,ShAdDafrF,18.0,1058.0,17.0,1056.0,FTP
1720729337.470847,C4mPpa3ZBs1fEYRuB9,192.168.1.6,50792.0,192.168.1.4,21.0,tcp,10.35379719734192,116.0,188.0,SF,1.0,1.0,0.0,ShAdDafFr,18.0,1060.0,17.0,1056.0,FTP
1720728198.307641,CWz1kQ3HacCe6VhG34,192.168.1.4,48255.0,192.168.1.1,53.0,udp,0.001805067062377,45.0,127.0,SF,1.0,1.0,0.0,Dd,1.0,73.0,1.0,155.0,DNS
1720727914.205623,C34hZ2Vi58ztTbbik,192.168.1.4,51682.0,13.224.214.32,443.0,tcp,0.043647050857543,1821.0,4798.0,SF,1.0,0.0,0.0,ShADadFf,9.0,2297.0,8.0,5222.0,HTTPS
1720728096.405945,CiL7RE49Vm8BOaA299,192.168.1.4,55058.0,146.75.28.84,443.0,tcp,0.043647050857543,1821.0,4798.0,SF,1.0,0.0,0.0,ShADadFf,9.0,2297.0,8.0,5222.0,HTTPS
1720728095.560732,CJ1avk3XZU7AvtQzd,192.168.1.4,51325.0,142.250.72.102,443.0,udp,0.140565156936645,5539.0,12964.0,SF,1.0,0.0,0.0,Dd,13.0,5903.0,19.0,13496.0,HTTPS
1720729017.684934,CWV17E2slwZvt9o694,192.168.1.6,55688.0,192.168.1.4,21.0,tcp,9.6979660987854,111.0,188.0,SF,1.0,1.0,0.0,ShAdDafrF,18.0,1055.0,17.0,1056.0,FTP
1720728186.405104,CrhmbJ3NCejVbQkpN6,192.168.1.4,44624.0,192.168.1.1,53.0,udp,0.00113296508789,58.0,126.0,SF,1.0,1.0,0.0,Dd,1.0,86.0,1.0,154.0,DNS
1720727765.996272,Cie1sa2jBorqwij6Pf,192.168.1.4,43685.0,192.168.1.1,53.0,udp,0.00113296508789,58.0,126.0,SF,1.0,1.0,0.0,Dd,1.0,86.0,1.0,154.0,DNS
1720729664.376368,C5WnCb4P8hjYthiBWf,192.168.1.6,59834.0,192.168.1.4,21.0,tcp,9.10619306564331,162.0,188.0,SF,1.0,1.0,0.0,ShAdDafrF,18.0,1106.0,17.0,1056.0,FTP
1720730341.777833,CynPvH1bjZuDwvZ6l1,192.168.1.6,35500.0,192.168.1.4,21.0,tcp,9.32948899269104,122.0,188.0,SF,1.0,1.0,0.0,ShAdDafrF,18.0,1066.0,17.0,1056.0,FTP
1720728155.571563,CwWMlnkjVGOhCnqM5,192.168.1.4,60272.0,192.168.1.1,53.0,udp,0.003349065780639,46.0,107.0,SF,1.0,1.0,0.0,Dd,1.0,74.0,1.0,135.0,DNS
1720728154.578783,CQsKpx3Sx4APBzp6l8,192.168.1.4,55319.0,192.168.1.1,53.0,udp,0.003349065780639,46.0,107.0,SF,1.0,1.0,0.0,Dd,1.0,74.0,1.0,135.0,DNS
1720728095.546424,Cxdz4c2JCPiLMxHoA1,192.168.1.4,44135.0,192.168.1.1,53.0,udp,0.002194166183471,49.0,109.0,SF,1.0,1.0,0.0,Dd,1.0,77.0,1.0,137.0,DNS
1720728893.560657,CV7yet2EB5LroVw1U2,192.168.1.6,35826.0,192.168.1.4,21.0,tcp,9.500025033950806,161.0,188.0,SF,1.0,1.0,0.0,ShAdDafrF,18.0,1105.0,17.0,1056.0,FTP
1720728148.568538,C8yWrx1BzzyJ09mSQ5,192.168.1.6,42158.0,192.168.1.4,21.0,tcp,9.336881160736084,117.0,188.0,SF,1.0,1.0,0.0,ShAdDafFr,18.0,1061.0,17.0,1056.0,FTP
1720729933.257376,CYUfjh1cR0fbmV2ME6,192.168.1.4,56010.0,91.189.91.48,80.0,tcp,0.04054307937622,88.0,189.0,SF,1.0,0.0,0.0,ShADdfFa,5.0,356.0,4.0,405.0,HTTP
1720728034.888408,Ci7vtX3G4dc7NmIvK4,192.168.1.4,38872.0,13.107.246.40,443.0,tcp,90.08451700210573,2971.0,6790.0,RSTO,1.0,0.0,0.0,ShADadRf,18.0,3903.0,17.0,7682.0,HTTPS
1720730908.151825,Cs8Xic3Z1nBNh2UWOa,192.168.1.6,40224.0,192.168.1.4,21.0,tcp,10.235944032669067,124.0,188.0,SF,1.0,1.0,0.0,ShAdDafrF,18.0,1068.0,17.0,1056.0,FTP
1720729831.229107,CMFFvz4BkDijyFTqbc,192.168.1.6,34386.0,192.168.1.4,21.0,tcp,10.348868131637571,125.0,188.0,SF,1.0,1.0,0.0,ShAdDafrF,18.0,1069.0,17.0,1056.0,FTP
1720731236.970289,CSZaWd2AwhVOJx2x5c,192.168.1.6,35086.0,192.168.1.4,21.0,tcp,9.272418022155762,172.0,188.0,SF,1.0,1.0,0.0,ShAdDafrF,18.0,1116.0,17.0,1056.0,FTP
1720731941.470037,CypUnOfjn6QvEPpn2,192.168.1.6,33180.0,192.168.1.4,21.0,tcp,9.816802024841309,158.0,188.0,SF,1.0,1.0,0.0,ShAdDafrF,18.0,1102.0,17.0,1056.0,FTP
1720730546.607455,CnCJz73XL2S3KoiZUe,192.168.1.6,58652.0,192.168.1.4,21.0,tcp,9.94750189781189,124.0,188.0,SF,1.0,1.0,0.0,ShAdDafFr,18.0,1068.0,17.0,1056.0,FTP
1720730233.317473,C5TfLV1HZKvAADwYBf,192.168.1.4,58518.0,185.125.190.96,80.0,tcp,9.94750189781189,124.0,188.0,SF,1.0,1.0,0.0,ShAdDafFr,18.0,1068.0,17.0,1056.0,HTTP
1720728173.379766,C4m4ni4YDZvwAeeNt9,192.168.1.6,37018.0,192.168.1.4,21.0,tcp,10.291254997253418,118.0,188.0,SF,1.0,1.0,0.0,ShAdDafFr,18.0,1062.0,17.0,1056.0,FTP
1720731564.552997,CyXXZ327YAtf2eiIw3,192.168.1.6,39784.0,192.168.1.4,21.0,tcp,10.291254997253418,118.0,188.0,SF,1.0,1.0,0.0,ShAdDafFr,18.0,1062.0,17.0,1056.0,FTP
1720728379.247706,CvJlRl24jszUsTzQ1i,192.168.1.4,39334.0,192.168.1.1,53.0,udp,0.000556945800781,47.0,63.0,SF,1.0,1.0,0.0,Dd,1.0,75.0,1.0,91.0,DNS
1720728583.753563,CxyBnVX3E8MWf9vFf,192.168.1.6,45210.0,192.168.1.4,21.0,tcp,9.96521806716919,114.0,188.0,SF,1.0,1.0,0.0,ShAdDafrF,18.0,1058.0,17.0,1056.0,FTP
1720731459.646798,C2tJeZ22GSe5YaQbGf,192.168.1.6,44298.0,192.168.1.4,21.0,tcp,10.243890047073364,152.0,188.0,SF,1.0,1.0,0.0,ShAdDafFr,18.0,1096.0,17.0,1056.0,FTP
1720727885.089338,CEahCq1nRWhDBnQEWk,192.168.1.4,46229.0,142.251.40.196,443.0,tcp,10.243890047073364,152.0,188.0,SF,1.0,1.0,0.0,ShAdDafFr,18.0,1096.0,17.0,1056.0,HTTPS
1720727824.609973,C26k1q4Dll76YUVn1f,192.168.1.4,47463.0,192.168.1.1,53.0,udp,0.002830982208251,54.0,354.0,SF,1.0,1.0,0.0,Dd,1.0,82.0,1.0,382.0,DNS
1720728245.111426,C7dUt61AGTs5clSach,192.168.1.4,58052.0,104.104.72.162,443.0,udp,0.0,54.0,354.0,SF,0.0,1.0,0.0,Dd,1.0,82.0,1.0,382.0,HTTPS
1720728091.474014,CkhTqu4WLPSKor80eg,192.168.1.6,35154.0,192.168.1.4,21.0,tcp,9.53888201713562,118.0,188.0,SF,1.0,1.0,0.0,ShAdDafrF,18.0,1062.0,17.0,1056.0,FTP
1720728154.564258,CfTaeN2jUrAc8TPBd5,192.168.1.4,45245.0,192.168.1.1,53.0,udp,0.030587911605834,41.0,159.0,SF,1.0,1.0,0.0,Dd,1.0,69.0,1.0,187.0,DNS
1720728125.137929,C7IPzqHOEUv9ajo7g,192.168.1.4,49818.0,192.168.1.1,53.0,udp,0.006755113601684,63.0,123.0,SF,1.0,1.0,0.0,Dd,1.0,91.0,1.0,151.0,DNS
1720727943.76375,ChNmQE318NalVlZjek,192.168.1.4,36004.0,104.16.148.244,443.0,udp,0.644886016845703,7665.0,39588.0,SF,1.0,0.0,0.0,Dd,33.0,8589.0,49.0,40960.0,HTTPS
1720728154.774002,CV7cYg3EeUJVpKn3ih,192.168.1.4,40564.0,103.10.4.227,443.0,udp,0.644886016845703,7665.0,39588.0,SF,1.0,0.0,0.0,Dd,33.0,8589.0,49.0,40960.0,HTTPS
1720731348.827262,CXW9ra3KOwbAtislzi,192.168.1.6,55286.0,192.168.1.4,21.0,tcp,11.197224140167236,165.0,188.0,SF,1.0,1.0,0.0,ShAdDafrF,18.0,1109.0,17.0,1056.0,FTP
1720727841.745698,C9cjxe2NKHpqJVxnI3,192.168.1.6,42456.0,192.168.1.4,21.0,tcp,9.717138051986694,116.0,188.0,SF,1.0,1.0,0.0,ShAdDafFr,18.0,1060.0,17.0,1056.0,FTP
1720729083.813817,CLhLLk1lGKIqw35rhf,192.168.1.6,50502.0,192.168.1.4,21.0,tcp,10.695913076400757,126.0,188.0,SF,1.0,1.0,0.0,ShAdDafrF,18.0,1070.0,17.0,1056.0,FTP
1720730817.961872,C2wymSJrXOLBvOxf4,192.168.1.6,54186.0,192.168.1.4,21.0,tcp,10.17288899421692,122.0,188.0,SF,1.0,1.0,0.0,ShAdDafrF,18.0,1066.0,17.0,1056.0,FTP
1720730201.213724,CGZ8sK3MUh6s9vBNUj,192.168.1.6,45124.0,192.168.1.4,21.0,tcp,10.204775094985962,121.0,188.0,SF,1.0,1.0,0.0,ShAdDafrF,18.0,1065.0,17.0,1056.0,FTP
1720727946.307598,CpVzAN3GhHZ0H8TjHj,192.168.1.4,45092.0,192.168.1.1,53.0,udp,0.017200946807861,45.0,263.0,SF,1.0,1.0,0.0,Dd,1.0,73.0,1.0,291.0,DNS
1720729276.113805,CnwG6D327rJ8MIu42i,192.168.1.6,60040.0,192.168.1.4,21.0,tcp,9.911838054656982,121.0,188.0,SF,1.0,1.0,0.0,ShAdDafrF,18.0,1065.0,17.0,1056.0,FTP
1720729199.44356,CqtpMGXE6T6DxYkO2,192.168.1.6,39146.0,192.168.1.4,21.0,tcp,9.723294019699097,122.0,188.0,SF,1.0,1.0,0.0,ShAdDafrF,18.0,1066.0,17.0,1056.0,FTP
1720728243.502672,Cj7FA81BkzWLBSSQ2c,192.168.1.6,50768.0,192.168.1.4,21.0,tcp,10.333642959594728,118.0,188.0,SF,1.0,1.0,0.0,ShAdDafrF,18.0,1062.0,17.0,1056.0,FTP
1720727958.062607,CFpN0xDr4DJImW4Z2,192.168.1.6,56518.0,192.168.1.4,21.0,tcp,11.088181018829346,118.0,188.0,SF,1.0,1.0,0.0,ShAdDafrF,18.0,1062.0,17.0,1056.0,FTP
1720730620.583708,CS3Sa32IzNK7WOVyTe,192.168.1.6,38956.0,192.168.1.4,21.0,tcp,10.223401069641112,127.0,188.0,SF,1.0,1.0,0.0,ShAdDafrF,18.0,1071.0,17.0,1056.0,FTP
1720730645.697051,CcygLM2RxIuGmsHYBk,192.168.1.6,32920.0,192.168.1.4,21.0,tcp,10.536114931106567,131.0,188.0,SF,1.0,1.0,0.0,ShAdDafrF,18.0,1075.0,17.0,1056.0,FTP
1720729368.297658,CsRPJL1B2vea611Zhf,192.168.1.6,44502.0,192.168.1.4,21.0,tcp,10.934545040130615,120.0,188.0,SF,1.0,1.0,0.0,ShAdDafrF,18.0,1064.0,17.0,1056.0,FTP
1720730138.526567,CczA13EDfdu7c3z2b,192.168.1.6,57478.0,192.168.1.4,21.0,tcp,10.245098114013672,119.0,188.0,SF,1.0,1.0,0.0,ShAdDafrF,18.0,1063.0,17.0,1056.0,FTP
1720728185.195048,CnPR5N1NcU0AocFWKb,192.168.1.4,50977.0,192.168.1.1,53.0,udp,10.245098114013672,119.0,188.0,SF,1.0,1.0,0.0,ShAdDafrF,18.0,1063.0,17.0,1056.0,DNS
1720727914.5048,CL3oZc2xggePNWnApb,192.168.1.4,57797.0,142.251.32.98,443.0,udp,10.245098114013672,119.0,188.0,SF,1.0,1.0,0.0,ShAdDafrF,18.0,1063.0,17.0,1056.0,HTTPS
1720731148.093786,CUybhV2m13YoZIMDc6,192.168.1.6,58604.0,192.168.1.4,21.0,tcp,9.609113931655884,107.0,188.0,SF,1.0,1.0,0.0,ShAdDafrF,18.0,1051.0,17.0,1056.0,FTP
1720728186.221159,CuD3GE4ptvegN8UPIb,192.168.1.4,50726.0,54.167.187.94,443.0,tcp,9.609113931655884,107.0,188.0,SF,1.0,1.0,0.0,ShAdDafrF,18.0,1051.0,17.0,1056.0,HTTPS
1720727763.130739,CxQvPD1ZGe4hrJ2Z7b,192.168.1.4,55596.0,192.168.1.1,53.0,udp,0.016540050506591,63.0,124.0,SF,1.0,1.0,0.0,Dd,1.0,91.0,1.0,152.0,DNS
1720727902.430156,CD5DHN399mcYVe6xZ7,192.168.1.6,46174.0,192.168.1.4,21.0,tcp,10.027661085128784,117.0,188.0,SF,1.0,1.0,0.0,ShAdDafFr,18.0,1061.0,17.0,1056.0,FTP
1720727914.041904,C42SBz1JXhRicNagZc,192.168.1.4,37546.0,104.19.178.52,443.0,tcp,10.027661085128784,117.0,188.0,SF,1.0,1.0,0.0,ShAdDafFr,18.0,1061.0,17.0,1056.0,HTTPS
1720727885.112109,CKsxkC4pi6RdxTlrjg,192.168.1.4,44303.0,142.251.40.226,443.0,udp,0.214830160140991,5041.0,9796.0,SF,1.0,0.0,0.0,Dd,10.0,5321.0,12.0,10132.0,HTTPS
1720728111.076496,CtvosH31aIrUoRX97j,192.168.1.6,37256.0,192.168.1.4,21.0,tcp,9.164345026016235,117.0,188.0,SF,1.0,1.0,0.0,ShAdDafrF,18.0,1061.0,17.0,1056.0,FTP
1720727834.528516,CvrT1yEwjH7LQwZni,192.168.1.6,42322.0,192.168.1.4,21.0,tcp,10.022291898727415,118.0,188.0,SF,1.0,1.0,0.0,ShAdDafrF,18.0,1062.0,17.0,1056.0,FTP
1720730479.280201,CJSTPm3Nhu8xStfk4f,192.168.1.6,50552.0,192.168.1.4,21.0,tcp,10.022935152053831,131.0,188.0,SF,1.0,1.0,0.0,ShAdDafrF,18.0,1075.0,17.0,1056.0,FTP
1720728275.037896,C8puIr2eex8G6eSThd,192.168.1.4,60894.0,192.168.1.1,53.0,udp,0.038920164108276,60.0,277.0,SF,1.0,1.0,0.0,Dd,1.0,88.0,1.0,305.0,DNS
1720730087.91815,CSulgmzWg8l01ghMh,192.168.1.6,33624.0,192.168.1.4,21.0,tcp,10.868092060089111,180.0,188.0,SF,1.0,1.0,0.0,ShAdDafrF,18.0,1124.0,17.0,1056.0,FTP
1720731463.145939,C8EeMf3UL5wa9zaw23,192.168.1.6,56576.0,192.168.1.4,21.0,tcp,9.469083786010742,157.0,188.0,SF,1.0,1.0,0.0,ShAdDafFr,18.0,1101.0,17.0,1056.0,FTP
1720728000.735836,C2ub7a2gj0ARCsobM1,192.168.1.6,51344.0,192.168.1.4,21.0,tcp,10.643419027328491,118.0,188.0,SF,1.0,1.0,0.0,ShAdDafrF,18.0,1062.0,17.0,1056.0,FTP
1720731118.403524,CtNRLuCU77NmPhCX5,192.168.1.6,57624.0,192.168.1.4,21.0,tcp,10.058545112609863,122.0,188.0,SF,1.0,1.0,0.0,ShAdDafrF,18.0,1066.0,17.0,1056.0,FTP
1720727763.119195,CCJkmbvvjtKBC4ykb,192.168.1.4,49914.0,192.168.1.1,53.0,udp,0.00210690498352,51.0,116.0,SF,1.0,1.0,0.0,Dd,1.0,79.0,1.0,144.0,DNS
1720728186.346845,Cnj50gp4MmoO0Kcji,192.168.1.4,54402.0,192.168.1.1,53.0,udp,0.00210690498352,51.0,116.0,SF,1.0,1.0,0.0,Dd,1.0,79.0,1.0,144.0,DNS
1720727794.081729,Ct69sAnHHb7atfiMl,192.168.1.4,34674.0,192.168.1.1,53.0,udp,0.00277304649353,48.0,98.0,SF,1.0,1.0,0.0,Dd,1.0,76.0,1.0,126.0,DNS
1720730709.927318,C5a20V18zjr6VWuFo1,192.168.1.6,57678.0,192.168.1.4,21.0,tcp,10.493086814880373,130.0,188.0,SF,1.0,1.0,0.0,ShAdDafrF,18.0,1074.0,17.0,1056.0,FTP
1720728096.55196,Cn7RtC2WtJh6odUzwc,192.168.1.4,46996.0,64.233.180.156,443.0,tcp,60.76933693885803,1903.0,6582.0,SF,1.0,0.0,0.0,ShADadFf,12.0,2535.0,10.0,7110.0,HTTPS
1720728035.465013,CC7gwbRHRb0ok8zn3,192.168.1.4,54956.0,54.145.222.88,443.0,tcp,18.86291885375977,2649.0,5833.0,RSTO,1.0,0.0,0.0,ShADadfR,12.0,3281.0,9.0,6309.0,HTTPS
1720728245.130849,CQYPFa4eXYbM24zSik,192.168.1.4,35003.0,192.168.1.1,53.0,udp,18.86291885375977,2649.0,5833.0,RSTO,1.0,0.0,0.0,ShADadfR,12.0,3281.0,9.0,6309.0,DNS
1720731189.381079,COnedQISupAgRUl1a,192.168.1.6,49042.0,192.168.1.4,21.0,tcp,8.826780080795288,116.0,188.0,SF,1.0,1.0,0.0,ShAdDafFr,18.0,1060.0,17.0,1056.0,FTP
1720727915.08356,Cvwxwa3RsHKVUv7e6j,192.168.1.4,58828.0,142.251.32.104,443.0,tcp,0.072545051574707,1904.0,6953.0,SF,1.0,0.0,0.0,ShADadFRf,12.0,2512.0,10.0,7481.0,HTTPS
1720729696.345185,C21WkgxM6GlBShs02,192.168.1.6,36624.0,192.168.1.4,21.0,tcp,9.931367874145508,144.0,188.0,SF,1.0,1.0,0.0,ShAdDafrF,18.0,1088.0,17.0,1056.0,FTP
1720731693.70152,CiLXNu4Tgg3CuMGuAj,192.168.1.6,35492.0,192.168.1.4,21.0,tcp,10.278913974761965,149.0,188.0,SF,1.0,1.0,0.0,ShAdDafrF,18.0,1093.0,17.0,1056.0,FTP
1720727876.157144,Cr6MXI3R5CMxB72Ht1,192.168.1.6,46328.0,192.168.1.4,21.0,tcp,9.04460382461548,118.0,188.0,SF,1.0,1.0,0.0,ShAdDafrF,18.0,1062.0,17.0,1056.0,FTP
1720729779.633199,CQJIV323uA6KaaWiXd,192.168.1.6,46786.0,192.168.1.4,21.0,tcp,9.87602400779724,115.0,188.0,SF,1.0,1.0,0.0,ShAdDafrF,18.0,1059.0,17.0,1056.0,FTP
1720731523.980178,C2bvsR10D1kM0kTY6l,192.168.1.6,46406.0,192.168.1.4,21.0,tcp,10.130506992340088,167.0,188.0,SF,1.0,1.0,0.0,ShAdDafrF,18.0,1111.0,17.0,1056.0,FTP
1720727915.558554,C4lWF32dwBrAR76Ci4,192.168.1.4,51012.0,13.224.214.76,443.0,tcp,10.130506992340088,167.0,188.0,SF,1.0,1.0,0.0,ShAdDafrF,18.0,1111.0,17.0,1056.0,HTTPS
1720728096.704213,CZjNyn4mLCLeN46Zf9,192.168.1.4,47330.0,142.250.176.194,443.0,tcp,10.130506992340088,167.0,188.0,SF,1.0,1.0,0.0,IIiiiIhhhHHhH,18.0,1111.0,17.0,1056.0,HTTPS
1720731322.168279,C3jpEg1fwjtv3F1Zy6,192.168.1.6,34730.0,192.168.1.4,21.0,tcp,10.73692798614502,159.0,188.0,SF,1.0,1.0,0.0,ShAdDafrF,18.0,1103.0,17.0,1056.0,FTP
1720727763.943499,CBu5JM1rHyfnPWdwTh,192.168.1.4,40466.0,172.67.41.60,443.0,tcp,400.6422488689423,2589.0,23467.0,SF,1.0,0.0,0.0,ShADadFf,31.0,4209.0,32.0,25139.0,HTTPS
1720731483.243143,C5diyE2y2gipwCAYq7,192.168.1.6,60664.0,192.168.1.4,21.0,tcp,10.520553827285768,176.0,188.0,SF,1.0,1.0,0.0,ShAdDafrF,18.0,1120.0,17.0,1056.0,FTP
1720727915.766391,C9pFl13LR6izQ95BC,192.168.1.4,41658.0,34.215.63.240,443.0,tcp,40.239227056503296,2525.0,6149.0,SF,1.0,0.0,0.0,ShADadfF,15.0,3313.0,16.0,6989.0,HTTPS
1720730680.081147,CVSTzxNdYiuxyaWlk,192.168.1.6,42308.0,192.168.1.4,21.0,tcp,9.321612119674684,126.0,188.0,SF,1.0,1.0,0.0,ShAdDafrF,18.0,1070.0,17.0,1056.0,FTP
1720729753.313177,CRWsZTg088K3eHvle,192.168.1.6,43528.0,192.168.1.4,21.0,tcp,9.54667592048645,114.0,188.0,SF,1.0,1.0,0.0,ShAdDafFr,18.0,1058.0,17.0,1056.0,FTP
1720728034.41665,CP7wIy9UyW8UZVLod,192.168.1.4,35804.0,144.118.67.10,443.0,tcp,125.176589012146,3782.0,451578.0,RSTR,1.0,0.0,11584.0,ShADadgr,106.0,9302.0,177.0,460778.0,HTTPS
1720730417.24533,CdzDX113OqonvmhZue,192.168.1.6,49628.0,192.168.1.4,21.0,tcp,9.686113834381104,132.0,188.0,SF,1.0,1.0,0.0,ShAdDafrF,18.0,1076.0,17.0,1056.0,FTP
1720729262.943978,CXR1MmzBaamxbaiii,192.168.1.6,54552.0,192.168.1.4,21.0,tcp,9.946424961090088,127.0,188.0,SF,1.0,1.0,0.0,ShAdDafrF,18.0,1071.0,17.0,1056.0,FTP
1720731207.301695,CohAa614qV91A1RG64,192.168.1.6,58396.0,192.168.1.4,21.0,tcp,9.216137886047363,118.0,188.0,SF,1.0,1.0,0.0,ShAdDafrF,18.0,1062.0,17.0,1056.0,FTP
1720730299.057343,CR5CnQ3rKZHnzla739,192.168.1.6,44682.0,192.168.1.4,21.0,tcp,10.10091996192932,123.0,188.0,SF,1.0,1.0,0.0,ShAdDafrF,18.0,1067.0,17.0,1056.0,FTP
1720728546.915965,CmcVqc32fqw3SFwxe2,192.168.1.6,33052.0,192.168.1.4,21.0,tcp,10.387871026992798,118.0,188.0,SF,1.0,1.0,0.0,ShAdDafrF,18.0,1062.0,17.0,1056.0,FTP
1720729173.217993,CmCSqj2nbVgKa2kdb6,192.168.1.6,37224.0,192.168.1.4,21.0,tcp,9.882858991622925,137.0,188.0,SF,1.0,1.0,0.0,ShAdDafrF,18.0,1081.0,17.0,1056.0,FTP
1720730525.214151,Ce8HL61sMFoZy7XJT4,192.168.1.6,49544.0,192.168.1.4,21.0,tcp,9.345261096954346,123.0,188.0,SF,1.0,1.0,0.0,ShAdDafrF,18.0,1067.0,17.0,1056.0,FTP
1720728219.941994,CC29xP3EY1AQHLNpX8,192.168.1.4,39791.0,192.168.1.1,53.0,udp,9.345261096954346,123.0,188.0,SF,1.0,1.0,0.0,ShAdDafrF,18.0,1067.0,17.0,1056.0,DNS
1720730817.883842,CATwla2XVj5id8Q7D1,192.168.1.6,54160.0,192.168.1.4,21.0,tcp,10.147877931594849,122.0,188.0,SF,1.0,1.0,0.0,ShAdDafFr,18.0,1066.0,17.0,1056.0,FTP
1720730288.470713,CVNX9F4bxWvvZqAiQi,192.168.1.6,51044.0,192.168.1.4,21.0,tcp,10.22812008857727,123.0,188.0,SF,1.0,1.0,0.0,ShAdDafFr,18.0,1067.0,17.0,1056.0,FTP
1720728500.742745,C5oZ5k2oxIz3n6t6qh,192.168.1.6,54864.0,192.168.1.4,21.0,tcp,9.781897068023682,117.0,188.0,SF,1.0,1.0,0.0,ShAdDafrF,18.0,1061.0,17.0,1056.0,FTP
1720728184.646062,CqgJgjtn2qARjmAzf,192.168.1.4,32920.0,192.168.1.1,53.0,udp,0.029860019683837,43.0,105.0,SF,1.0,1.0,0.0,Dd,1.0,71.0,1.0,133.0,DNS
1720728155.275589,CjGqXKyxA1PLYXIg2,192.168.1.4,46817.0,192.168.1.1,53.0,udp,0.018099069595336,54.0,270.0,SF,1.0,1.0,0.0,Dd,1.0,82.0,1.0,298.0,DNS
1720727944.1224,C72nBZ2Pwbriuvi8nl,192.168.1.4,35879.0,216.239.36.181,443.0,udp,0.018099069595336,54.0,270.0,SF,1.0,1.0,0.0,IIiiiIhhhHHhH,1.0,82.0,1.0,298.0,HTTPS
1720727958.046806,Cwe0Nt4SoJbSy75eCi,192.168.1.6,56512.0,192.168.1.4,21.0,tcp,11.093645811080933,117.0,188.0,SF,1.0,1.0,0.0,ShAdDafrF,18.0,1061.0,17.0,1056.0,FTP
1720731216.507605,CLRH023kpRcETSeOHl,192.168.1.6,51898.0,192.168.1.4,21.0,tcp,9.412106037139893,117.0,188.0,SF,1.0,1.0,0.0,ShAdDafrF,18.0,1061.0,17.0,1056.0,FTP
1720728865.598503,CatgUZq9mJGE7v3g7,192.168.1.6,52360.0,192.168.1.4,21.0,tcp,10.104910850524902,137.0,188.0,SF,1.0,1.0,0.0,ShAdDafrF,18.0,1081.0,17.0,1056.0,FTP
1720730697.779606,Cc2VfN1Orslzg7M7e,192.168.1.6,39362.0,192.168.1.4,21.0,tcp,10.76026201248169,136.0,188.0,SF,1.0,1.0,0.0,ShAdDafrF,18.0,1080.0,17.0,1056.0,FTP
1720731063.05851,C4bgU33eSgDnWbvWWd,192.168.1.6,38570.0,192.168.1.4,21.0,tcp,9.71687388420105,134.0,188.0,SF,1.0,1.0,0.0,ShAdDafrF,18.0,1078.0,17.0,1056.0,FTP
1720728403.437984,C3LfRo2v021HPsm103,192.168.1.6,38418.0,192.168.1.4,21.0,tcp,10.208301067352297,118.0,188.0,SF,1.0,1.0,0.0,ShAdDafrF,18.0,1062.0,17.0,1056.0,FTP
1720727915.08146,CHFjgt1HQBC17nwsXe,192.168.1.4,47732.0,142.251.41.3,443.0,tcp,10.208301067352297,118.0,188.0,SF,1.0,1.0,0.0,ShAdDafrF,18.0,1062.0,17.0,1056.0,HTTPS
1720728186.412717,CFc40i3BNGBFymVat,192.168.1.4,37032.0,63.140.39.82,443.0,tcp,10.208301067352297,118.0,188.0,SF,1.0,1.0,0.0,ShAdDafrF,18.0,1062.0,17.0,1056.0,HTTPS
1720727885.452152,CqojXi3VB8yWX9RsDc,192.168.1.4,48502.0,45.60.109.20,443.0,tcp,10.208301067352297,118.0,188.0,SF,1.0,1.0,0.0,ShAdDafrF,18.0,1062.0,17.0,1056.0,HTTPS
1720730459.794621,Cal4GY2Oz0471Qivu7,192.168.1.6,42224.0,192.168.1.4,21.0,tcp,9.592478036880491,127.0,188.0,SF,1.0,1.0,0.0,ShAdDafrF,18.0,1071.0,17.0,1056.0,FTP
1720731683.427642,CfuxhY3fAcjdcZxfjg,192.168.1.6,52594.0,192.168.1.4,21.0,tcp,10.894556999206545,165.0,188.0,SF,1.0,1.0,0.0,ShAdDafFr,18.0,1109.0,17.0,1056.0,FTP
1720728612.093676,CzdA5O1OeOoyBjUaAg,192.168.1.6,34184.0,192.168.1.4,21.0,tcp,10.767732858657835,119.0,188.0,SF,1.0,1.0,0.0,ShAdDafrF,18.0,1063.0,17.0,1056.0,FTP
1720727765.861586,CEkKNx26s09BeXxNK9,192.168.1.4,38013.0,192.168.1.1,53.0,udp,10.767732858657835,119.0,188.0,SF,1.0,1.0,0.0,ShAdDafrF,18.0,1063.0,17.0,1056.0,DNS
1720731564.508041,C3mOAv42fOcZcR2ayg,192.168.1.6,39762.0,192.168.1.4,21.0,tcp,9.883277177810667,136.0,188.0,SF,1.0,1.0,0.0,ShAdDafrF,18.0,1080.0,17.0,1056.0,FTP
1720731838.370427,C9ewkQDZOUwLNkBv6,192.168.1.6,51746.0,192.168.1.4,21.0,tcp,10.381784200668337,149.0,188.0,SF,1.0,1.0,0.0,ShAdDafrF,18.0,1093.0,17.0,1056.0,FTP
1720727763.149593,CLOJ8t2Blfn5eu3ALg,192.168.1.4,52590.0,192.168.1.1,53.0,udp,0.001609802246093,48.0,108.0,SF,1.0,1.0,0.0,Dd,1.0,76.0,1.0,136.0,DNS
1720729188.436802,C848Pq1OiZ6120GZv9,192.168.1.6,50156.0,192.168.1.4,21.0,tcp,10.340792179107666,126.0,188.0,SF,1.0,1.0,0.0,ShAdDafFr,18.0,1070.0,17.0,1056.0,FTP
1720728867.568454,Cy34Fw1edc4eTImiy6,192.168.1.6,52378.0,192.168.1.4,21.0,tcp,9.763439893722534,143.0,188.0,SF,1.0,1.0,0.0,ShAdDafrF,18.0,1087.0,17.0,1056.0,FTP
1720731217.082718,CEtBNa4vbJDqwpmqX5,192.168.1.6,51944.0,192.168.1.4,21.0,tcp,10.305525064468384,120.0,188.0,SF,1.0,1.0,0.0,ShAdDafrF,18.0,1064.0,17.0,1056.0,FTP
1720730444.388228,CCDv5W1CZeXyGzykEj,192.168.1.6,44098.0,192.168.1.4,21.0,tcp,9.007060050964355,125.0,188.0,SF,1.0,1.0,0.0,ShAdDafrF,18.0,1069.0,17.0,1056.0,FTP
1720731118.494721,CcDYig1W873hVBlvi6,192.168.1.6,57658.0,192.168.1.4,21.0,tcp,10.047173023223875,107.0,188.0,SF,1.0,1.0,0.0,ShAdDafrF,18.0,1051.0,17.0,1056.0,FTP
1720727914.018353,Cq7YPrjGJCfzT4fX,192.168.1.4,43307.0,192.168.1.1,53.0,udp,0.005948066711425,50.0,306.0,SF,1.0,1.0,0.0,Dd,1.0,78.0,1.0,334.0,DNS
1720727916.257698,CvmK7h4BcyF3CPU3R3,192.168.1.4,49096.0,142.251.32.98,443.0,udp,0.005948066711425,50.0,306.0,SF,1.0,1.0,0.0,IIiiiIhhhHHhH,1.0,78.0,1.0,334.0,HTTPS
1720727916.168905,CzgwF2LyiGyDOPfn4,192.168.1.4,46165.0,192.168.1.1,53.0,udp,0.001954078674316,83.0,176.0,SF,1.0,1.0,0.0,Dd,1.0,111.0,1.0,204.0,DNS
1720731016.890016,C9e9su3PuXuymZHiH5,192.168.1.6,35534.0,192.168.1.4,21.0,tcp,10.126492977142334,120.0,188.0,SF,1.0,1.0,0.0,ShAdDafrF,18.0,1064.0,17.0,1056.0,FTP
1720728295.202704,CrBnvD4cxYS8df98Mh,192.168.1.6,60696.0,192.168.1.4,21.0,tcp,9.875532150268556,118.0,188.0,SF,1.0,1.0,0.0,ShAdDafFr,18.0,1062.0,17.0,1056.0,FTP
1720730404.737001,CUkKUTYkVkIc37Xbl,192.168.1.6,55356.0,192.168.1.4,21.0,tcp,10.141200065612791,129.0,188.0,SF,1.0,1.0,0.0,ShAdDafrF,18.0,1073.0,17.0,1056.0,FTP
1720728553.465745,C88qjP3D30RknBg4y1,192.168.1.6,50706.0,192.168.1.4,21.0,tcp,10.45358395576477,118.0,188.0,SF,1.0,1.0,0.0,ShAdDafFr,18.0,1062.0,17.0,1056.0,FTP
1720729636.120528,CGrBTW35UTSVU3H0ig,192.168.1.6,47508.0,192.168.1.4,21.0,tcp,8.882206916809082,119.0,188.0,SF,1.0,1.0,0.0,ShAdDafFr,18.0,1063.0,17.0,1056.0,FTP
1720727763.353998,CEjY7U1caa3plmhF6k,192.168.1.4,45181.0,192.168.1.1,53.0,udp,0.015874147415161,56.0,370.0,SF,1.0,1.0,0.0,Dd,1.0,84.0,1.0,398.0,DNS
1720729582.227826,CbhEWF2qIaGlf9XF4e,192.168.1.6,51968.0,192.168.1.4,21.0,tcp,9.323598861694336,109.0,188.0,SF,1.0,1.0,0.0,ShAdDafFr,18.0,1053.0,17.0,1056.0,FTP
1720728283.852326,CFKxt71x2YREsOLce5,192.168.1.6,43446.0,192.168.1.4,21.0,tcp,9.746484994888306,118.0,188.0,SF,1.0,1.0,0.0,ShAdDafFr,18.0,1062.0,17.0,1056.0,FTP
1720731586.379132,CvFllv47Ql5FY2X4Aa,192.168.1.6,47692.0,192.168.1.4,21.0,tcp,9.004770994186401,161.0,188.0,SF,1.0,1.0,0.0,ShAdDafrF,18.0,1105.0,17.0,1056.0,FTP
1720728034.883099,CnQHKe3YiO1cl3fL42,192.168.1.4,33208.0,192.168.1.1,53.0,udp,0.005000829696655,60.0,120.0,SF,1.0,1.0,0.0,Dd,1.0,88.0,1.0,148.0,DNS
1720731831.999382,CiuJF52mkY0pwvTkHc,192.168.1.6,45432.0,192.168.1.4,21.0,tcp,9.643862962722778,157.0,188.0,SF,1.0,1.0,0.0,ShAdDafrF,18.0,1101.0,17.0,1056.0,FTP
1720728155.180588,CmbLGC3SB06ouhD56j,192.168.1.4,39795.0,192.168.1.1,53.0,udp,0.017065048217773,53.0,132.0,SF,1.0,1.0,0.0,Dd,1.0,81.0,1.0,160.0,DNS
1720728831.619715,C4RVty4d0ubgLqYUv8,192.168.1.6,47998.0,192.168.1.4,21.0,tcp,8.503758907318115,118.0,188.0,SF,1.0,1.0,0.0,ShAdDafrF,18.0,1062.0,17.0,1056.0,FTP
1720727943.769751,CAOId13My2Q08iMY91,192.168.1.4,33166.0,104.16.148.244,443.0,tcp,60.20371794700623,2020.0,1903.0,SF,1.0,0.0,0.0,ShADadFf,9.0,2496.0,7.0,2275.0,HTTPS
1720730279.043027,CqMhTt1PlwvwJ8Vixk,192.168.1.6,54094.0,192.168.1.4,21.0,tcp,10.965099096298218,125.0,188.0,SF,1.0,1.0,0.0,ShAdDafFr,18.0,1069.0,17.0,1056.0,FTP
1720728888.843152,CHwqwk4dLjWgfi5RSb,192.168.1.6,55554.0,192.168.1.4,21.0,tcp,9.557013988494871,146.0,188.0,SF,1.0,1.0,0.0,ShAdDafrF,18.0,1090.0,17.0,1056.0,FTP
1720728915.20076,CS6Lpy3P8hs1DLFLok,192.168.1.6,50516.0,192.168.1.4,21.0,tcp,9.284632205963137,146.0,188.0,SF,1.0,1.0,0.0,ShAdDafrF,18.0,1090.0,17.0,1056.0,FTP
1720730679.299427,CpSfmg47sHDEEKYjeb,192.168.1.6,42268.0,192.168.1.4,21.0,tcp,9.403915882110596,125.0,188.0,SF,1.0,1.0,0.0,ShAdDafrF,18.0,1069.0,17.0,1056.0,FTP
1720729501.46217,CDaew44kA7lLHRXdVl,192.168.1.6,43288.0,192.168.1.4,21.0,tcp,9.767873048782349,114.0,188.0,SF,1.0,1.0,0.0,ShAdDafrF,18.0,1058.0,17.0,1056.0,FTP
1720730024.504888,CD6frq3kQGPxNfcEde,192.168.1.6,59160.0,192.168.1.4,21.0,tcp,9.35765290260315,126.0,188.0,SF,1.0,1.0,0.0,ShAdDafrF,18.0,1070.0,17.0,1056.0,FTP
1720728570.237697,C8htXk3XxX2hUtI9Kc,192.168.1.6,38124.0,192.168.1.4,21.0,tcp,9.864906072616575,118.0,188.0,SF,1.0,1.0,0.0,ShAdDafrF,18.0,1062.0,17.0,1056.0,FTP
1720728155.197821,CkccbV2M3wflvJqOxd,192.168.1.4,43143.0,192.168.1.1,53.0,udp,0.002269029617309,57.0,114.0,SF,1.0,1.0,0.0,Dd,1.0,85.0,1.0,142.0,DNS
1720730652.281308,CSu1HBGEjST9HPnGf,192.168.1.6,33034.0,192.168.1.4,21.0,tcp,10.607874155044556,118.0,188.0,SF,1.0,1.0,0.0,ShAdDafrF,18.0,1062.0,17.0,1056.0,FTP
1720730544.861377,C6WvZm4MPjxFohcZ7f,192.168.1.6,58594.0,192.168.1.4,21.0,tcp,10.74693489074707,120.0,188.0,SF,1.0,1.0,0.0,ShAdDafrF,18.0,1064.0,17.0,1056.0,FTP
1720728996.57317,CCPjcf2mV1LcG9RAwj,192.168.1.6,51432.0,192.168.1.4,21.0,tcp,10.733613014221191,126.0,188.0,SF,1.0,1.0,0.0,ShAdDafrF,18.0,1070.0,17.0,1056.0,FTP
1720730236.424356,Cp2ryq4vBWzOtsNx92,192.168.1.6,35192.0,192.168.1.4,21.0,tcp,10.126420021057127,127.0,188.0,SF,1.0,1.0,0.0,ShAdDafrF,18.0,1071.0,17.0,1056.0,FTP
1720727763.085662,CyUPIq1aa6uio5SiL4,192.168.1.4,60176.0,204.79.197.219,443.0,tcp,60.20074105262756,2354.0,6602.0,RSTR,1.0,0.0,0.0,ShADadFr,10.0,2774.0,14.0,7174.0,HTTPS
1720730120.132733,CYUhGT2SxksR6m5GOk,192.168.1.6,48324.0,192.168.1.4,21.0,tcp,9.558416843414308,126.0,188.0,SF,1.0,1.0,0.0,ShAdDafFr,18.0,1070.0,17.0,1056.0,FTP
1720729922.735705,CE0Ksx23FZUAYWYy4b,192.168.1.6,45620.0,192.168.1.4,21.0,tcp,10.90215301513672,131.0,188.0,SF,1.0,1.0,0.0,ShAdDafrF,18.0,1075.0,17.0,1056.0,FTP
1720729417.880878,CUfbdYS9lNJSdiQnj,192.168.1.6,36228.0,192.168.1.4,21.0,tcp,9.78306794166565,114.0,188.0,SF,1.0,1.0,0.0,ShAdDafrF,18.0,1058.0,17.0,1056.0,FTP
1720727884.779719,CnoEFD4qWcQmw5gEf7,192.168.1.4,47478.0,13.107.21.237,443.0,tcp,122.58577799797058,3582.0,8284.0,RSTR,1.0,0.0,0.0,ShADadr,15.0,4202.0,18.0,9016.0,HTTPS
1720727794.683414,CWmHlevjgnWwVAEKa,192.168.1.4,35238.0,192.168.1.1,53.0,udp,0.001887083053588,56.0,315.0,SF,1.0,1.0,0.0,Dd,1.0,84.0,1.0,343.0,DNS
1720727884.542592,CrCpMVQNw1CQmkEud,192.168.1.4,57530.0,216.239.32.178,443.0,udp,0.001887083053588,56.0,315.0,SF,1.0,1.0,0.0,Dd,1.0,84.0,1.0,343.0,HTTPS
1720731428.27078,CzcMsW1GxjqYNDipIk,192.168.1.6,35448.0,192.168.1.4,21.0,tcp,10.533553838729858,149.0,188.0,SF,1.0,1.0,0.0,ShAdDafFr,18.0,1093.0,17.0,1056.0,FTP
1720727674.911178,C599vR1giRx5wbibk,192.168.1.4,35158.0,23.34.240.115,443.0,tcp,120.17883396148682,2498.0,5543.0,SF,1.0,0.0,0.0,ShADadfF,17.0,3390.0,19.0,6539.0,HTTPS
1720728154.964395,CmraJicNMkcez7ZQ9,192.168.1.4,33624.0,104.16.40.28,443.0,tcp,120.17883396148682,2498.0,5543.0,SF,1.0,0.0,0.0,ShADadfF,17.0,3390.0,19.0,6539.0,HTTPS
1720727996.31676,CMfue1Vzyv2Yo9SOk,192.168.1.6,51264.0,192.168.1.4,21.0,tcp,10.060343027114868,117.0,188.0,SF,1.0,1.0,0.0,ShAdDafrF,18.0,1061.0,17.0,1056.0,FTP
1720728124.596558,CL8MC31bJwN9tdEkj2,192.168.1.4,33384.0,192.168.1.1,53.0,udp,10.060343027114868,117.0,188.0,SF,1.0,1.0,0.0,ShAdDafrF,18.0,1061.0,17.0,1056.0,DNS
1720731213.543799,C8INph1hf29G8dqvt3,192.168.1.6,51866.0,192.168.1.4,21.0,tcp,9.044568061828612,117.0,188.0,SF,1.0,1.0,0.0,ShAdDafFr,18.0,1061.0,17.0,1056.0,FTP
1720727765.783583,C1LvDA43nUAUSdySBe,192.168.1.4,49445.0,192.168.1.1,53.0,udp,0.017371177673339,53.0,540.0,SF,1.0,1.0,0.0,Dd,1.0,81.0,1.0,568.0,DNS
1720728151.17914,ClpnyE1w9iz3lzXql,192.168.1.4,50018.0,192.168.1.1,53.0,udp,0.017371177673339,53.0,540.0,SF,1.0,1.0,0.0,Dd,1.0,81.0,1.0,568.0,DNS
1720730322.547562,C7qcX99fLMXhgaAe5,192.168.1.6,39218.0,192.168.1.4,21.0,tcp,11.166620016098022,122.0,188.0,SF,1.0,1.0,0.0,ShAdDafFr,18.0,1066.0,17.0,1056.0,FTP
1720728151.17643,CrQMLj10uRpOdJaD8d,192.168.1.4,44292.0,192.168.1.1,53.0,udp,11.166620016098022,122.0,188.0,SF,1.0,1.0,0.0,ShAdDafFr,18.0,1066.0,17.0,1056.0,DNS
1720731391.238253,CTKnvI15YPupSPTVa7,192.168.1.6,40494.0,192.168.1.4,21.0,tcp,11.276165962219238,164.0,188.0,SF,1.0,1.0,0.0,ShAdDafrF,18.0,1108.0,17.0,1056.0,FTP
1720727793.952711,CcuO9g2YeNYFAJJSAl,192.168.1.4,57864.0,44.207.14.248,443.0,tcp,11.276165962219238,164.0,188.0,SF,1.0,1.0,0.0,ShAdDafrF,18.0,1108.0,17.0,1056.0,HTTPS
1720728346.374483,CGuVFD3eXfJVJE4DPa,192.168.1.6,46260.0,192.168.1.4,21.0,tcp,10.548158884048462,116.0,188.0,SF,1.0,1.0,0.0,ShAdDafrF,18.0,1060.0,17.0,1056.0,FTP
1720727884.865977,ClAylE3XSMojt9RUwa,192.168.1.4,52756.0,192.168.1.1,53.0,udp,10.548158884048462,116.0,188.0,SF,1.0,1.0,0.0,ShAdDafrF,18.0,1060.0,17.0,1056.0,DNS
1720728139.7737,CSIIPc3fK2MQ9XOwl1,192.168.1.6,37328.0,192.168.1.4,21.0,tcp,8.759797096252441,118.0,188.0,SF,1.0,1.0,0.0,ShAdDafFr,18.0,1062.0,17.0,1056.0,FTP
1720729765.593303,C0cfj04y2C9WlgL3d4,192.168.1.6,59034.0,192.168.1.4,21.0,tcp,9.956768035888672,125.0,188.0,SF,1.0,1.0,0.0,ShAdDafrF,18.0,1069.0,17.0,1056.0,FTP
1720731013.669437,CRUNFM2rxDRgvd8h6b,192.168.1.6,35510.0,192.168.1.4,21.0,tcp,11.364175081253052,123.0,188.0,SF,1.0,1.0,0.0,ShAdDafrF,18.0,1067.0,17.0,1056.0,FTP
1720727902.397786,CO5B4n1eR3UnbmjeTj,192.168.1.6,46150.0,192.168.1.4,21.0,tcp,10.017969131469728,118.0,188.0,SF,1.0,1.0,0.0,ShAdDafFr,18.0,1062.0,17.0,1056.0,FTP
1720729031.37197,CpMCft36tAiW6Ubfy5,192.168.1.6,47714.0,192.168.1.4,21.0,tcp,10.32531714439392,128.0,188.0,SF,1.0,1.0,0.0,ShAdDafrF,18.0,1072.0,17.0,1056.0,FTP
1720731066.620554,CG8yUs42QUIQyIGsq9,192.168.1.6,38600.0,192.168.1.4,21.0,tcp,10.248109102249146,124.0,188.0,SF,1.0,1.0,0.0,ShAdDafrF,18.0,1068.0,17.0,1056.0,FTP
1720728094.304039,CiGF5A4ds0oJrpNiwc,192.168.1.4,33203.0,192.168.1.1,53.0,udp,0.014648914337158,41.0,176.0,SF,1.0,1.0,0.0,Dd,1.0,69.0,1.0,204.0,DNS
1720731947.89659,CxH7TI2n1FF19YEa01,192.168.1.6,39492.0,192.168.1.4,21.0,tcp,10.091162919998167,114.0,188.0,SF,1.0,1.0,0.0,ShAdDafFr,18.0,1058.0,17.0,1056.0,FTP
1720727763.146041,CQOg7L17pm9KBBfPMc,192.168.1.4,46228.0,23.194.190.226,443.0,tcp,121.59292602539062,5834.0,66855.0,SF,1.0,0.0,0.0,ShADadfF,62.0,9066.0,72.0,70607.0,HTTPS
1720729040.111814,CeTUROdzLEsK5wWuc,192.168.1.6,57832.0,192.168.1.4,21.0,tcp,10.359771966934204,124.0,188.0,SF,1.0,1.0,0.0,ShAdDafrF,18.0,1068.0,17.0,1056.0,FTP
1720728035.302416,C0gd7l43SqHxJFjzj6,192.168.1.4,51302.0,104.18.20.104,443.0,tcp,10.359771966934204,124.0,188.0,SF,1.0,1.0,0.0,ShAdDafrF,18.0,1068.0,17.0,1056.0,HTTPS
1720728329.930201,Cp1xdO2Eu4lOSEYNkg,192.168.1.6,52254.0,192.168.1.4,21.0,tcp,10.366771936416626,118.0,188.0,SF,1.0,1.0,0.0,ShAdDafrF,18.0,1062.0,17.0,1056.0,FTP
1720727763.136389,CMQjFm2UhSGYi9kazl,192.168.1.4,43112.0,192.168.1.1,53.0,udp,0.001992940902709,39.0,202.0,SF,1.0,1.0,0.0,Dd,1.0,67.0,1.0,230.0,DNS
1720731315.229175,CvI8N54OuhQ0JqMTtc,192.168.1.6,34594.0,192.168.1.4,21.0,tcp,10.193835973739624,177.0,188.0,SF,1.0,1.0,0.0,ShAdDafFr,18.0,1121.0,17.0,1056.0,FTP
1720729203.2874,CyEkCC1m3wnIrvjQ96,192.168.1.6,56300.0,192.168.1.4,21.0,tcp,9.824173927307127,117.0,188.0,SF,1.0,1.0,0.0,ShAdDafrF,18.0,1061.0,17.0,1056.0,FTP
1720728778.293767,Cnqht14DWjGbJh0dN3,192.168.1.6,41500.0,192.168.1.4,21.0,tcp,10.330878019332886,131.0,188.0,SF,1.0,1.0,0.0,ShAdDafrF,18.0,1075.0,17.0,1056.0,FTP
1720727912.447847,CjyoUwfuBFXcaykw4,192.168.1.6,47714.0,192.168.1.4,21.0,tcp,10.811170101165771,117.0,188.0,SF,1.0,1.0,0.0,ShAdDafrF,18.0,1061.0,17.0,1056.0,FTP
1720728096.549369,CuolJ84L1vF9wXqAw6,192.168.1.4,44248.0,45.60.73.43,443.0,tcp,10.811170101165771,117.0,188.0,SF,1.0,1.0,0.0,ShAdDafrF,18.0,1061.0,17.0,1056.0,HTTPS
1720727917.323602,CwY3wT3xaRmYX7nuYi,192.168.1.4,39958.0,142.251.32.98,443.0,udp,0.171590089797973,5763.0,9104.0,SF,1.0,0.0,0.0,Dd,14.0,6155.0,15.0,9524.0,HTTPS
1720728461.543739,CxFWjp2a85dc0HqBr2,192.168.1.6,56060.0,192.168.1.4,21.0,tcp,9.918787002563477,117.0,188.0,SF,1.0,1.0,0.0,ShAdDafrF,18.0,1061.0,17.0,1056.0,FTP
1720731679.966309,CHcTQkJNn1NVKxLPc,192.168.1.6,44900.0,192.168.1.4,21.0,tcp,10.857664823532104,151.0,188.0,SF,1.0,1.0,0.0,ShAdDafrF,18.0,1095.0,17.0,1056.0,FTP
1720728035.167381,CLkdBV3FwlPE6N0wvb,192.168.1.4,56132.0,192.168.1.1,53.0,udp,10.857664823532104,151.0,188.0,SF,1.0,1.0,0.0,ShAdDafrF,18.0,1095.0,17.0,1056.0,DNS
1720728095.635994,CmlX5W12rjw7HRXYS8,192.168.1.4,60828.0,192.168.1.1,53.0,udp,0.015291929244995,52.0,270.0,SF,1.0,1.0,0.0,Dd,1.0,80.0,1.0,298.0,DNS
1720727914.205698,CiURWg4265EXb8tsQ3,192.168.1.4,45805.0,192.168.1.1,53.0,udp,0.045049905776977,42.0,163.0,SF,1.0,1.0,0.0,Dd,1.0,70.0,1.0,191.0,DNS
1720731400.471093,C7jwP030FxEKISgRp5,192.168.1.6,48488.0,192.168.1.4,21.0,tcp,10.678367137908936,170.0,188.0,SF,1.0,1.0,0.0,ShAdDafrF,18.0,1114.0,17.0,1056.0,FTP
1720731297.948406,Cm6W4ZoxVCq54flHa,192.168.1.6,44876.0,192.168.1.4,21.0,tcp,10.193555116653442,183.0,188.0,SF,1.0,1.0,0.0,ShAdDafrF,18.0,1127.0,17.0,1056.0,FTP
1720730175.502732,ClQQc6h0Pra5Z9XX2,192.168.1.6,44954.0,192.168.1.4,21.0,tcp,10.157750844955444,132.0,188.0,SF,1.0,1.0,0.0,ShAdDafrF,18.0,1076.0,17.0,1056.0,FTP
1720729370.719807,CHoQUl2ZVpBCle2w4c,192.168.1.6,44542.0,192.168.1.4,21.0,tcp,10.411904096603394,120.0,188.0,SF,1.0,1.0,0.0,ShAdDafrF,18.0,1064.0,17.0,1056.0,FTP
1720728216.261249,CzLF1L1anOGzZ9ch7c,192.168.1.4,55224.0,162.159.133.233,443.0,tcp,0.042285919189453,1792.0,3797.0,SF,1.0,0.0,0.0,ShADadFRfR,8.0,2192.0,5.0,4065.0,HTTPS
1720728878.812787,CrkrKqqlQdDYpaQW3,192.168.1.6,38148.0,192.168.1.4,21.0,tcp,9.185520887374878,187.0,188.0,SF,1.0,1.0,0.0,ShAdDafFr,18.0,1131.0,17.0,1056.0,FTP
1720727821.852131,CguneF1FUdgthE2rHh,192.168.1.6,44966.0,192.168.1.4,21.0,tcp,9.134738206863403,118.0,188.0,SF,1.0,1.0,0.0,ShAdDafFr,18.0,1062.0,17.0,1056.0,FTP
1720727824.78564,CjP8sROu66LRUGcLc,192.168.1.4,54684.0,142.251.40.110,443.0,tcp,240.2137289047241,3199.0,833097.0,SF,1.0,0.0,9800.0,ShADadgFf,233.0,15323.0,350.0,851305.0,HTTPS
1720728186.549504,CcqJTg2N5AL2VaGj6l,192.168.1.4,49511.0,142.251.41.6,443.0,tcp,240.2137289047241,3199.0,833097.0,SF,1.0,0.0,9800.0,ShADadgFf,233.0,15323.0,350.0,851305.0,HTTPS
1720731056.790139,Cc5r8S2ilQwDpGWUt3,192.168.1.6,56108.0,192.168.1.4,21.0,tcp,9.810764074325562,139.0,188.0,SF,1.0,1.0,0.0,ShAdDafrF,18.0,1083.0,17.0,1056.0,FTP
1720728534.102555,CitY2b2iZRjlsNVlTi,192.168.1.6,36560.0,192.168.1.4,21.0,tcp,9.980753898620604,117.0,188.0,SF,1.0,1.0,0.0,ShAdDafrF,18.0,1061.0,17.0,1056.0,FTP
1720731245.956596,C3KXHF3qEsn1CvFZYi,192.168.1.6,36298.0,192.168.1.4,21.0,tcp,9.957779169082642,171.0,188.0,SF,1.0,1.0,0.0,ShAdDafrF,18.0,1115.0,17.0,1056.0,FTP
1720728373.654988,CeXPFJ1kmZvkkABLTb,192.168.1.6,56854.0,192.168.1.4,21.0,tcp,9.820446014404297,117.0,188.0,SF,1.0,1.0,0.0,ShAdDafrF,18.0,1061.0,17.0,1056.0,FTP
1720728436.452767,C1USI23y2AJiETJQ85,192.168.1.6,44222.0,192.168.1.4,21.0,tcp,10.022988080978394,118.0,188.0,SF,1.0,1.0,0.0,ShAdDafrF,18.0,1062.0,17.0,1056.0,FTP
1720731945.945277,CdPUSRVJKVYvcSx0j,192.168.1.6,39426.0,192.168.1.4,21.0,tcp,9.606523036956789,137.0,188.0,SF,1.0,1.0,0.0,ShAdDafrF,18.0,1081.0,17.0,1056.0,FTP
1720727861.947405,CixM91ouTykQMhOTa,192.168.1.6,42302.0,192.168.1.4,21.0,tcp,10.890874862670898,118.0,188.0,SF,1.0,1.0,0.0,ShAdDafrF,18.0,1062.0,17.0,1056.0,FTP
1720731725.510962,C7rH6O2xo58G7wHG3g,192.168.1.6,34608.0,192.168.1.4,21.0,tcp,10.850543022155762,177.0,188.0,SF,1.0,1.0,0.0,ShAdDafrF,18.0,1121.0,17.0,1056.0,FTP
1720728898.400354,C9R9ok24kzvAO0BQhk,192.168.1.6,35952.0,192.168.1.4,21.0,tcp,9.420204162597656,145.0,188.0,SF,1.0,1.0,0.0,ShAdDafrF,18.0,1089.0,17.0,1056.0,FTP
1720728035.201368,CHLnD412poX6s1tEEa,192.168.1.4,59939.0,192.168.1.1,53.0,udp,9.420204162597656,145.0,188.0,SF,1.0,1.0,0.0,ShAdDafrF,18.0,1089.0,17.0,1056.0,DNS
1720731056.801056,C3sftA3gIHtTVtsXF,192.168.1.6,56110.0,192.168.1.4,21.0,tcp,9.78785800933838,128.0,188.0,SF,1.0,1.0,0.0,ShAdDafrF,18.0,1072.0,17.0,1056.0,FTP
1720728875.45641,Cl3klJ1J6hYvfJNiTg,192.168.1.6,38044.0,192.168.1.4,21.0,tcp,9.614665985107422,165.0,188.0,SF,1.0,1.0,0.0,ShAdDafrF,18.0,1109.0,17.0,1056.0,FTP
1720728319.130444,CHiGFB4358YiTM9huj,192.168.1.6,35664.0,192.168.1.4,21.0,tcp,10.768712997436523,118.0,188.0,SF,1.0,1.0,0.0,ShAdDafrF,18.0,1062.0,17.0,1056.0,FTP
1720730891.337883,CzG4YOW6AXzjgkKh,192.168.1.6,43416.0,192.168.1.4,21.0,tcp,10.904032945632936,120.0,188.0,SF,1.0,1.0,0.0,ShAdDafrF,18.0,1064.0,17.0,1056.0,FTP
1720728306.197757,CGV4NfwOwdiCnWMte,192.168.1.4,56206.0,44.205.220.150,443.0,tcp,10.904032945632936,120.0,188.0,SF,1.0,1.0,0.0,ShAdDafrF,18.0,1064.0,17.0,1056.0,HTTPS
1720728275.629151,C7WBkc3ZNf1zzeZA7k,192.168.1.4,53478.0,40.126.24.146,443.0,tcp,0.0,120.0,188.0,SF,0.0,1.0,0.0,ShAdDafrF,18.0,1064.0,17.0,1056.0,HTTPS
1720731891.031508,CrSTCj26PqvdKAmZpg,192.168.1.6,59834.0,192.168.1.4,21.0,tcp,10.404782056808472,197.0,188.0,SF,1.0,1.0,0.0,ShAdDafFr,18.0,1141.0,17.0,1056.0,FTP
1720729226.090473,C6S0pp17sI0Zqd4xag,192.168.1.6,34954.0,192.168.1.4,21.0,tcp,10.655610084533691,122.0,188.0,SF,1.0,1.0,0.0,ShAdDafrF,18.0,1066.0,17.0,1056.0,FTP
1720730162.695623,Cab2P42yVEL9C5gsac,192.168.1.6,40658.0,192.168.1.4,21.0,tcp,10.262753009796144,126.0,188.0,SF,1.0,1.0,0.0,ShAdDafFr,18.0,1070.0,17.0,1056.0,FTP
1720727915.87976,CzE5mJ1YzJ7GwoyIW5,192.168.1.4,35632.0,216.34.207.169,443.0,tcp,10.262753009796144,126.0,188.0,SF,1.0,1.0,0.0,ShAdDafFr,18.0,1070.0,17.0,1056.0,HTTPS
1720728245.070649,C9az1P2ZDAxhfqLg24,192.168.1.4,56173.0,192.168.1.1,53.0,udp,10.262753009796144,126.0,188.0,SF,1.0,1.0,0.0,ShAdDafFr,18.0,1070.0,17.0,1056.0,DNS
1720728035.132604,CWnf9r3yf3MomaoLKd,192.168.1.4,52146.0,192.168.1.1,53.0,udp,10.262753009796144,126.0,188.0,SF,1.0,1.0,0.0,ShAdDafFr,18.0,1070.0,17.0,1056.0,DNS
1720729576.374663,CxlpwX34wxHEKOt8T7,192.168.1.6,51900.0,192.168.1.4,21.0,tcp,9.77427077293396,112.0,188.0,SF,1.0,1.0,0.0,ShAdDafFr,18.0,1056.0,17.0,1056.0,FTP
1720730652.352706,CWJZmL1nuasIt84bD3,192.168.1.6,33040.0,192.168.1.4,21.0,tcp,10.612327098846436,126.0,188.0,SF,1.0,1.0,0.0,ShAdDafFr,18.0,1070.0,17.0,1056.0,FTP
1720729525.552471,CTOusC4tkGEnTZ1wKl,192.168.1.6,56894.0,192.168.1.4,21.0,tcp,10.278807163238524,115.0,188.0,SF,1.0,1.0,0.0,ShAdDafFr,18.0,1059.0,17.0,1056.0,FTP
1720727915.524094,C5LU771emmBPUAPOsk,192.168.1.4,39231.0,192.168.1.1,53.0,udp,0.003714799880981,49.0,352.0,SF,1.0,1.0,0.0,Dd,1.0,77.0,1.0,380.0,DNS
1720731187.699412,CThNJifuWFUGlfHs1,192.168.1.6,48976.0,192.168.1.4,21.0,tcp,10.082611799240112,122.0,188.0,SF,1.0,1.0,0.0,ShAdDafFr,18.0,1066.0,17.0,1056.0,FTP
1720728993.173984,CXhyDp4oqIkP9F97H5,192.168.1.6,51360.0,192.168.1.4,21.0,tcp,10.199655055999756,119.0,188.0,SF,1.0,1.0,0.0,ShAdDafrF,18.0,1063.0,17.0,1056.0,FTP
1720728006.398923,Cmqhrp31yUn7la0dz3,192.168.1.6,38280.0,192.168.1.4,21.0,tcp,10.390743970870972,118.0,188.0,SF,1.0,1.0,0.0,ShAdDafrF,18.0,1062.0,17.0,1056.0,FTP
1720731697.476528,Coxq1k2NRTMoZOTfp1,192.168.1.6,35560.0,192.168.1.4,21.0,tcp,10.317504167556764,175.0,188.0,SF,1.0,1.0,0.0,ShAdDafrF,18.0,1119.0,17.0,1056.0,FTP
1720730940.715433,CUnZHX1UC83KwBK7ka,192.168.1.6,40758.0,192.168.1.4,21.0,tcp,10.344383001327516,135.0,188.0,SF,1.0,1.0,0.0,ShAdDafrF,18.0,1079.0,17.0,1056.0,FTP
1720728750.639873,CQDuif1uMWQ6PlTNKh,192.168.1.6,54216.0,192.168.1.4,21.0,tcp,10.393243074417114,118.0,188.0,SF,1.0,1.0,0.0,ShAdDafrF,18.0,1062.0,17.0,1056.0,FTP
1720729745.526263,Cynpa11ew6T3PXNUG,192.168.1.6,60708.0,192.168.1.4,21.0,tcp,10.4171040058136,115.0,188.0,SF,1.0,1.0,0.0,ShAdDafrF,18.0,1059.0,17.0,1056.0,FTP
1720729542.396984,C0h1WY1uzazbArzyF7,192.168.1.6,37748.0,192.168.1.4,21.0,tcp,10.59617280960083,148.0,188.0,SF,1.0,1.0,0.0,ShAdDafrF,18.0,1092.0,17.0,1056.0,FTP
1720728095.263245,CwhOzD3IK9eaVcAbP2,192.168.1.4,52049.0,192.168.1.1,53.0,udp,0.001345872879028,51.0,112.0,SF,1.0,1.0,0.0,Dd,1.0,79.0,1.0,140.0,DNS
1720729145.167622,CzXKp32j7JARM5NLbg,192.168.1.6,38928.0,192.168.1.4,21.0,tcp,9.81883692741394,122.0,188.0,SF,1.0,1.0,0.0,ShAdDafrF,18.0,1066.0,17.0,1056.0,FTP
1720728216.089486,C2zXoiHW3K9s4RkRa,192.168.1.4,49593.0,192.168.1.1,53.0,udp,0.001627206802368,53.0,113.0,SF,1.0,1.0,0.0,Dd,1.0,81.0,1.0,141.0,DNS
1720731767.209708,CnxFo41zl3AeNSKaWl,192.168.1.6,47998.0,192.168.1.4,21.0,tcp,10.15610408782959,157.0,188.0,SF,1.0,1.0,0.0,ShAdDafrF,18.0,1101.0,17.0,1056.0,FTP
1720730964.842787,CMMy2m28cKz6sesJzl,192.168.1.6,48894.0,192.168.1.4,21.0,tcp,10.576865911483765,129.0,188.0,SF,1.0,1.0,0.0,ShAdDafrF,18.0,1073.0,17.0,1056.0,FTP
1720730463.38042,CWyQl01JYVlKobaIcd,192.168.1.6,36234.0,192.168.1.4,21.0,tcp,9.163013935089111,137.0,188.0,SF,1.0,1.0,0.0,ShAdDafFr,18.0,1081.0,17.0,1056.0,FTP
1720728094.411944,CZTP1s4iUiNWOknXO8,192.168.1.4,50788.0,45.60.73.43,443.0,tcp,114.3353991508484,9404.0,1462776.0,SF,1.0,0.0,20272.0,ShADadtgFRf,340.0,27092.0,476.0,1487536.0,HTTPS
1720730489.170015,Cdsd8014ZMtAkJ1ih8,192.168.1.6,48716.0,192.168.1.4,21.0,tcp,9.544861793518066,136.0,188.0,SF,1.0,1.0,0.0,ShAdDafrF,18.0,1080.0,17.0,1056.0,FTP
1720728095.036759,CqYPpC1M5ZmE6oNd,192.168.1.4,53354.0,192.168.1.1,53.0,udp,0.015125036239624,49.0,184.0,SF,1.0,1.0,0.0,Dd,1.0,77.0,1.0,212.0,DNS
1720730246.46072,CklShZ2CbuwHyXnCl6,192.168.1.6,59294.0,192.168.1.4,21.0,tcp,10.065079927444458,140.0,188.0,SF,1.0,1.0,0.0,ShAdDafrF,18.0,1084.0,17.0,1056.0,FTP
1720731464.427211,CxJGkfpfMgb5irsC9,192.168.1.6,56660.0,192.168.1.4,21.0,tcp,10.68871283531189,152.0,188.0,SF,1.0,1.0,0.0,ShAdDafrF,18.0,1096.0,17.0,1056.0,FTP
1720731077.313827,C9SNdP2yVZUdluXV5c,192.168.1.6,56996.0,192.168.1.4,21.0,tcp,9.524221897125244,132.0,188.0,SF,1.0,1.0,0.0,ShAdDafrF,18.0,1076.0,17.0,1056.0,FTP
1720727779.307839,CXqtz23vaWhtdcJ3G9,192.168.1.4,45289.0,192.168.1.1,53.0,udp,0.032319068908691,76.0,670.0,SF,1.0,1.0,0.0,Dd,1.0,104.0,1.0,698.0,DNS
1720731255.946521,CIHK3L2OQlDo00Pvh9,192.168.1.6,53412.0,192.168.1.4,21.0,tcp,10.56328797340393,174.0,188.0,SF,1.0,1.0,0.0,ShAdDafrF,18.0,1118.0,17.0,1056.0,FTP
1720727845.080249,CIeot13C2H934KLGdh,192.168.1.6,39296.0,192.168.1.4,21.0,tcp,10.61773681640625,118.0,188.0,SF,1.0,1.0,0.0,ShAdDafFr,18.0,1062.0,17.0,1056.0,FTP
1720729044.327508,Cu5sqC1ddZ8NmMoK6d,192.168.1.6,55928.0,192.168.1.4,21.0,tcp,9.882965087890623,114.0,188.0,SF,1.0,1.0,0.0,ShAdDafrF,18.0,1058.0,17.0,1056.0,FTP
1720731463.175119,CWt5Gm4vT0zpmNynZ3,192.168.1.6,56588.0,192.168.1.4,21.0,tcp,9.478863000869753,166.0,188.0,SF,1.0,1.0,0.0,ShAdDafFr,18.0,1110.0,17.0,1056.0,FTP
1720728320.801693,CzHsOZ2BuuCXtJWyJc,192.168.1.6,35696.0,192.168.1.4,21.0,tcp,10.457740068435667,118.0,188.0,SF,1.0,1.0,0.0,ShAdDafFr,18.0,1062.0,17.0,1056.0,FTP
1720731308.342784,C58sdgYXIg7Sd7gqa,192.168.1.6,55928.0,192.168.1.4,21.0,tcp,10.109375,166.0,188.0,SF,1.0,1.0,0.0,ShAdDafrF,18.0,1110.0,17.0,1056.0,FTP
1720727793.877588,CQ4uhz1qEuxwYFqkHh,192.168.1.4,37001.0,192.168.1.1,53.0,udp,0.00597596168518,53.0,110.0,SF,1.0,1.0,0.0,Dd,1.0,81.0,1.0,138.0,DNS
1720727943.727455,CJ67sg4uTB1oylj5R8,192.168.1.4,53245.0,192.168.1.1,53.0,udp,0.00597596168518,53.0,110.0,SF,1.0,1.0,0.0,Dd,1.0,81.0,1.0,138.0,DNS
1720727915.106999,CDRiVP2i6ZUh4MjNxg,192.168.1.4,58838.0,142.251.32.104,443.0,udp,0.00597596168518,53.0,110.0,SF,1.0,1.0,0.0,Dd,1.0,81.0,1.0,138.0,HTTPS
1720730152.875298,CWp4t92nepw75g62Kf,192.168.1.6,55604.0,192.168.1.4,21.0,tcp,9.820163011550903,124.0,188.0,SF,1.0,1.0,0.0,ShAdDafFr,18.0,1068.0,17.0,1056.0,FTP
1720730099.544664,CO3kvo34Z5gzUxG2zb,192.168.1.6,48980.0,192.168.1.4,21.0,tcp,10.180522203445436,125.0,188.0,SF,1.0,1.0,0.0,ShAdDafrF,18.0,1069.0,17.0,1056.0,FTP
1720731475.092496,CVszYt3YkhEZJogkuh,192.168.1.6,42252.0,192.168.1.4,21.0,tcp,9.421360969543455,154.0,188.0,SF,1.0,1.0,0.0,ShAdDafrF,18.0,1098.0,17.0,1056.0,FTP
1720729127.165177,CvJbGw1QAa5CPMj2A,192.168.1.6,45802.0,192.168.1.4,21.0,tcp,11.196640968322754,133.0,188.0,SF,1.0,1.0,0.0,ShAdDafrF,18.0,1077.0,17.0,1056.0,FTP
1720730378.798963,Col6EX3tqoLv0w8uoe,192.168.1.6,33410.0,192.168.1.4,21.0,tcp,8.971817970275879,124.0,188.0,SF,1.0,1.0,0.0,ShAdDafrF,18.0,1068.0,17.0,1056.0,FTP
1720731338.957998,CbtXuQ1A6BuLNQNjb,192.168.1.6,38356.0,192.168.1.4,21.0,tcp,9.272228956222534,147.0,188.0,SF,1.0,1.0,0.0,ShAdDafFr,18.0,1091.0,17.0,1056.0,FTP
1720730559.258698,C8DGLr26KVmfExD9ai,192.168.1.6,59520.0,192.168.1.4,21.0,tcp,10.171122074127195,130.0,188.0,SF,1.0,1.0,0.0,ShAdDafrF,18.0,1074.0,17.0,1056.0,FTP
1720728915.241462,CngDtFv72hK4fzhl6,192.168.1.6,50524.0,192.168.1.4,21.0,tcp,9.256314992904665,172.0,188.0,SF,1.0,1.0,0.0,ShAdDafrF,18.0,1116.0,17.0,1056.0,FTP
1720729030.205633,CxRVyI2I2ZeX3O7fc1,192.168.1.6,47698.0,192.168.1.4,21.0,tcp,9.9060640335083,126.0,188.0,SF,1.0,1.0,0.0,ShAdDafrF,18.0,1070.0,17.0,1056.0,FTP
1720728356.922843,C5Xh2t1cwOtuSUHaFg,192.168.1.6,36016.0,192.168.1.4,21.0,tcp,9.803271055221558,118.0,188.0,SF,1.0,1.0,0.0,ShAdDafrF,18.0,1062.0,17.0,1056.0,FTP
1720727854.23294,ChW8gZ39ncpQn85JDe,192.168.1.4,35334.0,192.168.1.1,53.0,udp,9.803271055221558,118.0,188.0,SF,1.0,1.0,0.0,ShAdDafrF,18.0,1062.0,17.0,1056.0,DNS
1720728096.521436,CF5dggwzawgvT0bPj,192.168.1.4,55017.0,192.168.1.1,53.0,udp,0.018692970275878,52.0,112.0,SF,1.0,1.0,0.0,Dd,1.0,80.0,1.0,140.0,DNS
1720728001.374155,CMzNHtha2uOKlxes4,192.168.1.6,51360.0,192.168.1.4,21.0,tcp,10.444812059402466,118.0,188.0,SF,1.0,1.0,0.0,ShAdDafrF,18.0,1062.0,17.0,1056.0,FTP
1720730847.922979,CD8cuC3QfrDGD0bR4h,192.168.1.6,45106.0,192.168.1.4,21.0,tcp,9.382247924804688,124.0,188.0,SF,1.0,1.0,0.0,ShAdDafrF,18.0,1068.0,17.0,1056.0,FTP
1720731742.544973,CFXeb64piDQugrkKCi,192.168.1.6,52748.0,192.168.1.4,21.0,tcp,10.05348515510559,163.0,188.0,SF,1.0,1.0,0.0,ShAdDafrF,18.0,1107.0,17.0,1056.0,FTP
1720728042.134821,CPq6bWwEplKSOGJe,192.168.1.6,56538.0,192.168.1.4,21.0,tcp,10.821622133255005,118.0,188.0,SF,1.0,1.0,0.0,ShAdDafrF,18.0,1062.0,17.0,1056.0,FTP
1720730169.012291,CR7DJI2MA1fSDcLsMa,192.168.1.6,34504.0,192.168.1.4,21.0,tcp,10.885432958602903,118.0,188.0,SF,1.0,1.0,0.0,ShAdDafrF,18.0,1062.0,17.0,1056.0,FTP
1720731484.513987,CuFzox3chAqc4E1qrb,192.168.1.6,60702.0,192.168.1.4,21.0,tcp,9.60987901687622,171.0,188.0,SF,1.0,1.0,0.0,ShAdDafFr,18.0,1115.0,17.0,1056.0,FTP
1720728096.621411,CXgRiB1KRs2XbyeCL1,192.168.1.4,50480.0,162.247.243.29,443.0,tcp,112.1343548297882,7769.0,6130.0,SF,1.0,0.0,0.0,ShADadFRf,21.0,8845.0,20.0,7178.0,HTTPS
1720727947.361594,C6YGuA20CTKWYnG8ol,192.168.1.6,60194.0,192.168.1.4,21.0,tcp,10.685101985931396,118.0,188.0,SF,1.0,1.0,0.0,ShAdDafrF,18.0,1062.0,17.0,1056.0,FTP
1720728969.923083,CxICtk1O6yuAVviKcg,192.168.1.6,43134.0,192.168.1.4,21.0,tcp,9.599586009979248,157.0,188.0,SF,1.0,1.0,0.0,ShAdDafFr,18.0,1101.0,17.0,1056.0,FTP
1720730887.221828,CQHsMa1XtViFvFzKOg,192.168.1.6,43348.0,192.168.1.4,21.0,tcp,11.051165103912354,130.0,188.0,SF,1.0,1.0,0.0,ShAdDafrF,18.0,1074.0,17.0,1056.0,FTP
1720731379.506378,CM5nYq1XQsHT7FX7Tf,192.168.1.6,46284.0,192.168.1.4,21.0,tcp,10.819623947143556,158.0,188.0,SF,1.0,1.0,0.0,ShAdDafrF,18.0,1102.0,17.0,1056.0,FTP
1720727793.51129,Cg6bxw3Gk3MV2nDfZ7,192.168.1.4,56100.0,18.238.11.190,443.0,tcp,10.819623947143556,158.0,188.0,SF,1.0,1.0,0.0,ShAdDafrF,18.0,1102.0,17.0,1056.0,HTTPS
1720728943.449261,C2Qqaj4x10mNaEoANj,192.168.1.6,37558.0,192.168.1.4,21.0,tcp,10.079308032989502,120.0,188.0,SF,1.0,1.0,0.0,ShAdDafrF,18.0,1064.0,17.0,1056.0,FTP
1720730636.7633,CBDg3vWzHnA8abDdg,192.168.1.6,48600.0,192.168.1.4,21.0,tcp,10.155626058578491,133.0,188.0,SF,1.0,1.0,0.0,ShAdDafrF,18.0,1077.0,17.0,1056.0,FTP
1720730729.236858,CZPFjZ90fOY8fLOcc,192.168.1.6,50878.0,192.168.1.4,21.0,tcp,9.36663818359375,120.0,188.0,SF,1.0,1.0,0.0,ShAdDafrF,18.0,1064.0,17.0,1056.0,FTP
1720728306.005526,CEH8ds4ynt4ZiafVxh,192.168.1.4,47828.0,192.168.1.1,53.0,udp,9.36663818359375,120.0,188.0,SF,1.0,1.0,0.0,ShAdDafrF,18.0,1064.0,17.0,1056.0,DNS
1720728034.891831,C0UXlF1M8GZOInWqib,192.168.1.4,43310.0,192.168.1.1,53.0,udp,9.36663818359375,120.0,188.0,SF,1.0,1.0,0.0,ShAdDafrF,18.0,1064.0,17.0,1056.0,DNS
1720728139.806423,Ccxd8S1vjkLajLvgth,192.168.1.6,37340.0,192.168.1.4,21.0,tcp,8.761964082717896,117.0,188.0,SF,1.0,1.0,0.0,ShAdDafrF,18.0,1061.0,17.0,1056.0,FTP
1720727947.571761,CKBhFj2ZCc0kE9KHac,192.168.1.6,60308.0,192.168.1.4,21.0,tcp,10.228902101516724,118.0,188.0,SF,1.0,1.0,0.0,ShAdDafrF,18.0,1062.0,17.0,1056.0,FTP
1720731707.79421,CuPa6CfDT6ZF4cD8i,192.168.1.6,52920.0,192.168.1.4,21.0,tcp,10.695034980773926,192.0,188.0,SF,1.0,1.0,0.0,ShAdDafFr,18.0,1136.0,17.0,1056.0,FTP
1720727779.30792,CKCqFQGgCy9GdLqMk,192.168.1.4,49311.0,192.168.1.1,53.0,udp,0.032449960708618,76.0,155.0,SF,1.0,1.0,0.0,Dd,1.0,104.0,1.0,183.0,DNS
1720729798.265751,ClihE513xlN4WEp4Za,192.168.1.6,54308.0,192.168.1.4,21.0,tcp,9.620991230010986,119.0,188.0,SF,1.0,1.0,0.0,ShAdDafrF,18.0,1063.0,17.0,1056.0,FTP
1720728031.067128,C95Z8w4JRMHXxUN2Dd,192.168.1.4,42164.0,192.168.1.1,53.0,udp,9.620991230010986,119.0,188.0,SF,1.0,1.0,0.0,ShAdDafrF,18.0,1063.0,17.0,1056.0,DNS
1720728786.958223,Ca7fHb2Ejx7QseY0ma,192.168.1.6,33884.0,192.168.1.4,21.0,tcp,9.89810585975647,118.0,188.0,SF,1.0,1.0,0.0,ShAdDafFr,18.0,1062.0,17.0,1056.0,FTP
1720731072.775507,C1qEfH3C6gQXI4ONb8,192.168.1.6,38700.0,192.168.1.4,21.0,tcp,10.99244999885559,127.0,188.0,SF,1.0,1.0,0.0,ShAdDafrF,18.0,1071.0,17.0,1056.0,FTP
1720727854.232882,COBQSVHaJT5IBazHl,192.168.1.4,43366.0,192.168.1.1,53.0,udp,10.99244999885559,127.0,188.0,SF,1.0,1.0,0.0,ShAdDafrF,18.0,1071.0,17.0,1056.0,DNS
1720730028.952343,CpmXCs10MSK1yIQsf4,192.168.1.6,59246.0,192.168.1.4,21.0,tcp,10.092442035675049,128.0,188.0,SF,1.0,1.0,0.0,ShAdDafrF,18.0,1072.0,17.0,1056.0,FTP
1720730901.739732,C9f6hP1BJClKub8Gz5,192.168.1.6,46474.0,192.168.1.4,21.0,tcp,9.47691798210144,119.0,188.0,SF,1.0,1.0,0.0,ShAdDafrF,18.0,1063.0,17.0,1056.0,FTP
1720728186.199917,CQ78k91h2cHS0hS6dh,192.168.1.4,46036.0,192.168.1.1,53.0,udp,0.017664909362792,42.0,210.0,SF,1.0,1.0,0.0,Dd,1.0,70.0,1.0,238.0,DNS
1720728096.379029,CG3KGE3HHZ51a7kcB9,192.168.1.4,52697.0,192.168.1.1,53.0,udp,0.018856048583984,44.0,263.0,SF,1.0,1.0,0.0,Dd,1.0,72.0,1.0,291.0,DNS
1720729998.038644,CRSTnwMVVYmEOJsr5,192.168.1.6,52172.0,192.168.1.4,21.0,tcp,9.79911994934082,133.0,188.0,SF,1.0,1.0,0.0,ShAdDafrF,18.0,1077.0,17.0,1056.0,FTP
1720728687.974214,CfYwSA3JZ8bejrqwg4,192.168.1.6,55106.0,192.168.1.4,21.0,tcp,9.794404029846191,132.0,188.0,SF,1.0,1.0,0.0,ShAdDafFr,18.0,1076.0,17.0,1056.0,FTP
1720731868.617192,CRM2ESWMAKZFkwtg8,192.168.1.6,58046.0,192.168.1.4,21.0,tcp,10.235349893569946,121.0,188.0,SF,1.0,1.0,0.0,ShAdDafrF,18.0,1065.0,17.0,1056.0,FTP
1720731035.800376,CqPWzB2y9LynBfcmBf,192.168.1.6,56844.0,192.168.1.4,21.0,tcp,10.352756023406982,118.0,188.0,SF,1.0,1.0,0.0,ShAdDafFr,18.0,1062.0,17.0,1056.0,FTP
1720727884.509627,Cd4lXN2UyhzytbVxze,192.168.1.4,60580.0,192.168.1.1,53.0,udp,0.121052980422973,41.0,161.0,SF,1.0,1.0,0.0,Dd,1.0,69.0,1.0,189.0,DNS
1720729658.123967,CPyVX21tstVopwwapc,192.168.1.6,55792.0,192.168.1.4,21.0,tcp,9.633933067321776,148.0,188.0,SF,1.0,1.0,0.0,ShAdDafrF,18.0,1092.0,17.0,1056.0,FTP
1720731621.778229,Cm0W5r4SxMBXJOYUVi,192.168.1.6,45182.0,192.168.1.4,21.0,tcp,9.144157886505129,146.0,188.0,SF,1.0,1.0,0.0,ShAdDafrF,18.0,1090.0,17.0,1056.0,FTP
1720731276.352444,Cij2mK3Qk4C1Xi2fk,192.168.1.6,39886.0,192.168.1.4,21.0,tcp,10.594928979873655,173.0,188.0,SF,1.0,1.0,0.0,ShAdDafrF,18.0,1117.0,17.0,1056.0,FTP
1720728004.955425,Crif954t4JwCaE8dT,192.168.1.4,57132.0,54.163.15.9,443.0,tcp,59.55550694465637,3276.0,4095.0,SF,1.0,0.0,0.0,ShADadfF,14.0,4012.0,16.0,4935.0,HTTPS
1720729902.46033,COjNz9gBak0xSfN5,192.168.1.6,59734.0,192.168.1.4,21.0,tcp,10.069211959838867,122.0,188.0,SF,1.0,1.0,0.0,ShAdDafFr,18.0,1066.0,17.0,1056.0,FTP
1720728697.706545,Cau7123pf2Lv8vqEuj,192.168.1.6,40152.0,192.168.1.4,21.0,tcp,10.716710805892944,133.0,188.0,SF,1.0,1.0,0.0,ShAdDafrF,18.0,1077.0,17.0,1056.0,FTP
1720727914.881486,CPUn2j2Av0Epmu5HRi,192.168.1.4,46402.0,13.224.214.16,443.0,tcp,10.716710805892944,133.0,188.0,SF,1.0,1.0,0.0,ShAdDafrF,18.0,1077.0,17.0,1056.0,HTTPS
1720731002.92022,CjMCaq2zbWx1KN55L5,192.168.1.6,44328.0,192.168.1.4,21.0,tcp,10.704650163650513,117.0,188.0,SF,1.0,1.0,0.0,ShAdDafrF,18.0,1061.0,17.0,1056.0,FTP
1720731349.840551,CSgZ6p3BhPXmtGnhce,192.168.1.6,55314.0,192.168.1.4,21.0,tcp,10.25725507736206,153.0,188.0,SF,1.0,1.0,0.0,ShAdDafrF,18.0,1097.0,17.0,1056.0,FTP
1720728271.86687,Cxj0t24rdLTYEossbb,192.168.1.4,45518.0,192.168.1.1,53.0,udp,10.25725507736206,153.0,188.0,SF,1.0,1.0,0.0,ShAdDafrF,18.0,1097.0,17.0,1056.0,DNS
1720731411.203097,Cwmza3d0MmFaF0xM1,192.168.1.6,47746.0,192.168.1.4,21.0,tcp,9.914346933364868,163.0,188.0,SF,1.0,1.0,0.0,ShAdDafrF,18.0,1107.0,17.0,1056.0,FTP
1720728993.228979,CVtdLd2vqt5KDmqAIe,192.168.1.6,51366.0,192.168.1.4,21.0,tcp,10.198170900344849,125.0,188.0,SF,1.0,1.0,0.0,ShAdDafrF,18.0,1069.0,17.0,1056.0,FTP
1720729357.790518,Cq8HMzLvH4bz9UUv8,192.168.1.6,48592.0,192.168.1.4,21.0,tcp,10.527546882629396,116.0,188.0,SF,1.0,1.0,0.0,ShAdDafrF,18.0,1060.0,17.0,1056.0,FTP
1720731413.748071,CApz454GXMWJogOMo5,192.168.1.6,38964.0,192.168.1.4,21.0,tcp,10.958379983901978,142.0,188.0,SF,1.0,1.0,0.0,ShAdDafrF,18.0,1086.0,17.0,1056.0,FTP
1720728096.493534,CljFyF2bEmGLzsbYL,192.168.1.4,58878.0,142.250.64.102,443.0,tcp,10.958379983901978,142.0,188.0,SF,1.0,1.0,0.0,ShAdDafrF,18.0,1086.0,17.0,1056.0,HTTPS
1720731002.888421,CoUeuZ1hXHpUzcryf5,192.168.1.6,44310.0,192.168.1.4,21.0,tcp,10.694875001907349,126.0,188.0,SF,1.0,1.0,0.0,ShAdDafrF,18.0,1070.0,17.0,1056.0,FTP
1720730210.366661,CRhRUi3H5KgDjuFX4,192.168.1.6,59408.0,192.168.1.4,21.0,tcp,9.88875699043274,129.0,188.0,SF,1.0,1.0,0.0,ShAdDafrF,18.0,1073.0,17.0,1056.0,FTP
1720730345.231995,CeF21P2L5Ehv3UmpO6,192.168.1.6,48938.0,192.168.1.4,21.0,tcp,9.881759881973268,131.0,188.0,SF,1.0,1.0,0.0,ShAdDafrF,18.0,1075.0,17.0,1056.0,FTP
1720728187.104379,CFEtqH3rpG2Rfhsia1,192.168.1.4,44908.0,107.23.117.125,443.0,tcp,9.881759881973268,131.0,188.0,SF,1.0,1.0,0.0,ShAdDafrF,18.0,1075.0,17.0,1056.0,HTTPS
1720729436.225058,CXlOAIUebISFcHOp9,192.168.1.4,36146.0,185.125.188.59,443.0,tcp,9.881759881973268,131.0,188.0,SF,1.0,1.0,0.0,ShAdDafrF,18.0,1075.0,17.0,1056.0,HTTPS
1720728275.038673,C9iKba4R7EmlgMaFXd,192.168.1.4,42117.0,192.168.1.1,53.0,udp,9.881759881973268,131.0,188.0,SF,1.0,1.0,0.0,ShAdDafrF,18.0,1075.0,17.0,1056.0,DNS
1720727763.892664,CaEXys74YK5TlAqn8,192.168.1.4,53288.0,23.197.180.6,443.0,tcp,300.69954895973206,3657.0,115007.0,SF,1.0,0.0,0.0,ShADadFfR,58.0,6657.0,91.0,119747.0,HTTPS
1720728788.646046,CzbVja4eGakuRJYRq3,192.168.1.6,33914.0,192.168.1.4,21.0,tcp,9.78614616394043,122.0,188.0,SF,1.0,1.0,0.0,ShAdDafrF,18.0,1066.0,17.0,1056.0,FTP
1720728414.984432,CbHmJsYFfZfdmG1jg,192.168.1.6,47042.0,192.168.1.4,21.0,tcp,10.823370933532717,118.0,188.0,SF,1.0,1.0,0.0,ShAdDafrF,18.0,1062.0,17.0,1056.0,FTP
1720728621.491197,CS9Ztu2sidT7Uptccf,192.168.1.6,37354.0,192.168.1.4,21.0,tcp,9.677146911621094,125.0,188.0,SF,1.0,1.0,0.0,ShAdDafrF,18.0,1069.0,17.0,1056.0,FTP
1720730498.544853,CYp7VkpNNDB2pCSa5,192.168.1.6,58746.0,192.168.1.4,21.0,tcp,10.186537981033323,125.0,188.0,SF,1.0,1.0,0.0,ShAdDafrF,18.0,1069.0,17.0,1056.0,FTP
1720729475.235332,CXCA4i35nIu2xbltG,192.168.1.6,50020.0,192.168.1.4,21.0,tcp,10.5313560962677,120.0,188.0,SF,1.0,1.0,0.0,ShAdDafrF,18.0,1064.0,17.0,1056.0,FTP
1720728125.356862,C2cHfY1tquLrBVY3P,192.168.1.4,46642.0,192.168.1.1,53.0,udp,0.744480848312377,49.0,192.0,SF,1.0,1.0,0.0,Dd,1.0,77.0,1.0,220.0,DNS
1720730335.512536,CCUvE33Fp4jhfS0oJf,192.168.1.6,35388.0,192.168.1.4,21.0,tcp,10.19893503189087,118.0,188.0,SF,1.0,1.0,0.0,ShAdDafFr,18.0,1062.0,17.0,1056.0,FTP
1720727885.400331,C0dkQ5dWwJe1IVLsl,192.168.1.6,53558.0,192.168.1.4,21.0,tcp,10.344544887542725,118.0,188.0,SF,1.0,1.0,0.0,ShAdDafrF,18.0,1062.0,17.0,1056.0,FTP
1720731028.657492,Cj0WHr1xctvzQ7J1Xb,192.168.1.6,43560.0,192.168.1.4,21.0,tcp,10.243182182312012,127.0,188.0,SF,1.0,1.0,0.0,ShAdDafrF,18.0,1071.0,17.0,1056.0,FTP
1720728096.401675,CSwXfj4Qe7P9eRAIj1,192.168.1.4,41099.0,192.168.1.1,53.0,udp,0.029370069503784,46.0,127.0,SF,1.0,1.0,0.0,Dd,1.0,74.0,1.0,155.0,DNS
1720727796.083101,Chk0ZA4buCJALYrdE1,192.168.1.6,57556.0,192.168.1.4,21.0,tcp,9.902138948440552,118.0,188.0,SF,1.0,1.0,0.0,ShAdDafFr,18.0,1062.0,17.0,1056.0,FTP
1720728268.850375,COxxaO3clvysF7gXZe,192.168.1.6,34720.0,192.168.1.4,21.0,tcp,10.383229970932009,118.0,188.0,SF,1.0,1.0,0.0,ShAdDafrF,18.0,1062.0,17.0,1056.0,FTP
1720728600.175056,C5mhNZb35KLV4IF1j,192.168.1.6,35604.0,192.168.1.4,21.0,tcp,10.82778811454773,114.0,188.0,SF,1.0,1.0,0.0,ShAdDafrF,18.0,1058.0,17.0,1056.0,FTP
1720729909.405405,CprM812zNxQ4OC9SLl,192.168.1.6,43498.0,192.168.1.4,21.0,tcp,9.33415699005127,125.0,188.0,SF,1.0,1.0,0.0,ShAdDafFr,18.0,1069.0,17.0,1056.0,FTP
1720728155.753782,CQ1CuK3CR7PCNxjTUf,192.168.1.4,53506.0,192.168.1.1,53.0,udp,9.33415699005127,125.0,188.0,SF,1.0,1.0,0.0,ShAdDafFr,18.0,1069.0,17.0,1056.0,DNS
1720730030.403911,CLsyFw4XukBiothLh4,192.168.1.6,59252.0,192.168.1.4,21.0,tcp,9.163914918899536,137.0,188.0,SF,1.0,1.0,0.0,ShAdDafFr,18.0,1081.0,17.0,1056.0,FTP
1720728245.070732,Cysjsl2KTupYtqS0Wg,192.168.1.4,35005.0,192.168.1.1,53.0,udp,9.163914918899536,137.0,188.0,SF,1.0,1.0,0.0,ShAdDafFr,18.0,1081.0,17.0,1056.0,DNS
1720730572.737902,CIinx848SFVUEfFkch,192.168.1.6,33744.0,192.168.1.4,21.0,tcp,10.116310119628906,137.0,188.0,SF,1.0,1.0,0.0,ShAdDafrF,18.0,1081.0,17.0,1056.0,FTP
1720728081.84875,CQ8t7J2wmtwNnafYV1,192.168.1.6,52168.0,192.168.1.4,21.0,tcp,9.554549932479858,118.0,188.0,SF,1.0,1.0,0.0,ShAdDafrF,18.0,1062.0,17.0,1056.0,FTP
1720729575.388996,CIgFOo4JPeR1TIu1U9,192.168.1.6,51854.0,192.168.1.4,21.0,tcp,9.716426134109495,116.0,188.0,SF,1.0,1.0,0.0,ShAdDafrF,18.0,1060.0,17.0,1056.0,FTP
1720727765.78167,CFXFEa1xe9ssv39Nx9,192.168.1.4,40659.0,192.168.1.1,53.0,udp,9.716426134109495,116.0,188.0,SF,1.0,1.0,0.0,ShAdDafrF,18.0,1060.0,17.0,1056.0,DNS
1720731273.831665,CYEdhE346QV0uqZwol,192.168.1.6,39802.0,192.168.1.4,21.0,tcp,9.497441053390505,168.0,188.0,SF,1.0,1.0,0.0,ShAdDafFr,18.0,1112.0,17.0,1056.0,FTP
1720730566.194352,Cfl1f04idkma3pxbnd,192.168.1.6,33678.0,192.168.1.4,21.0,tcp,10.717456102371216,123.0,188.0,SF,1.0,1.0,0.0,ShAdDafrF,18.0,1067.0,17.0,1056.0,FTP
1720728096.38017,CS7lwwNmibDAF6sFg,192.168.1.4,60917.0,192.168.1.1,53.0,udp,10.717456102371216,123.0,188.0,SF,1.0,1.0,0.0,ShAdDafrF,18.0,1067.0,17.0,1056.0,DNS
1720728551.107267,C5KUYl4fcZDqP5oza6,192.168.1.6,33068.0,192.168.1.4,21.0,tcp,10.02800703048706,118.0,188.0,SF,1.0,1.0,0.0,ShAdDafrF,18.0,1062.0,17.0,1056.0,FTP
1720731266.465281,C6qZ2j2TX1nCaBALwe,192.168.1.6,60990.0,192.168.1.4,21.0,tcp,9.87104105949402,163.0,188.0,SF,1.0,1.0,0.0,ShAdDafrF,18.0,1107.0,17.0,1056.0,FTP
1720728560.687344,CMtwlR3r4Q5byzUcB1,192.168.1.6,50792.0,192.168.1.4,21.0,tcp,9.550173044204712,118.0,188.0,SF,1.0,1.0,0.0,ShAdDafrF,18.0,1062.0,17.0,1056.0,FTP
1720729834.081494,CygFv03nKBfuHAbYb3,192.168.1.6,43380.0,192.168.1.4,21.0,tcp,11.046515941619871,131.0,188.0,SF,1.0,1.0,0.0,ShAdDafFr,18.0,1075.0,17.0,1056.0,FTP
1720731136.765911,CtbKdj4w1TYdqGC3Oi,192.168.1.6,35484.0,192.168.1.4,21.0,tcp,10.089639902114868,109.0,188.0,SF,1.0,1.0,0.0,ShAdDafFr,18.0,1053.0,17.0,1056.0,FTP
1720731421.088587,CFrmvB1pQFA8SRVcMk,192.168.1.6,39030.0,192.168.1.4,21.0,tcp,10.98445200920105,153.0,188.0,SF,1.0,1.0,0.0,ShAdDafrF,18.0,1097.0,17.0,1056.0,FTP
1720730417.738331,Ccg1U8iYBoBdXKrO6,192.168.1.6,49638.0,192.168.1.4,21.0,tcp,9.633747816085815,120.0,188.0,SF,1.0,1.0,0.0,ShAdDafrF,18.0,1064.0,17.0,1056.0,FTP
1720727884.444188,CKlPFe4uPG8kmrTTdl,192.168.1.4,50408.0,104.18.32.90,443.0,tcp,9.633747816085815,120.0,188.0,SF,1.0,1.0,0.0,ShAdDafrF,18.0,1064.0,17.0,1056.0,HTTPS
1720731187.751271,CbWxYMNLcR0Rkauna,192.168.1.6,48984.0,192.168.1.4,21.0,tcp,10.082154035568236,121.0,188.0,SF,1.0,1.0,0.0,ShAdDafrF,18.0,1065.0,17.0,1056.0,FTP
1720729988.752983,C3fdyZTxHzKCYp7i4,192.168.1.6,44552.0,192.168.1.4,21.0,tcp,9.275264978408812,122.0,188.0,SF,1.0,1.0,0.0,ShAdDafFr,18.0,1066.0,17.0,1056.0,FTP
1720727914.219608,CrRn294eQj1fXxdt26,192.168.1.4,51698.0,13.224.214.32,443.0,tcp,9.275264978408812,122.0,188.0,SF,1.0,1.0,0.0,ShAdDafFr,18.0,1066.0,17.0,1056.0,HTTPS
1720729884.930089,CJKGPc2kEWToKYYnSe,192.168.1.6,52146.0,192.168.1.4,21.0,tcp,10.448455095291138,129.0,188.0,SF,1.0,1.0,0.0,ShAdDafrF,18.0,1073.0,17.0,1056.0,FTP
1720728219.816653,CMAr2M4aJ4HeWac75,192.168.1.4,34248.0,204.79.197.203,443.0,tcp,10.448455095291138,129.0,188.0,SF,1.0,1.0,0.0,ShAdDafrF,18.0,1073.0,17.0,1056.0,HTTPS
1720727915.85797,Cb7BZP2Y5SrkYjULlf,192.168.1.4,42065.0,192.168.1.1,53.0,udp,0.003614902496337,75.0,141.0,SF,1.0,1.0,0.0,Dd,1.0,103.0,1.0,169.0,DNS
1720728275.1403,CO93Tp3t8TATKGWusg,192.168.1.4,57701.0,192.168.1.1,53.0,udp,0.003614902496337,75.0,141.0,SF,1.0,1.0,0.0,Dd,1.0,103.0,1.0,169.0,DNS
1720728306.007788,Czem2SGh9yKVvilk6,192.168.1.4,53001.0,192.168.1.1,53.0,udp,0.019356966018676,37.0,122.0,SF,1.0,1.0,0.0,Dd,1.0,65.0,1.0,150.0,DNS
1720727793.498004,Cg6bxw3Gk3MV2nDfZ7,192.168.1.4,56100.0,18.238.11.190,443.0,tcp,0.044047117233276,1835.0,6136.0,SF,1.0,0.0,0.0,ShADadFRfR,12.0,2443.0,10.0,6664.0,HTTPS
1720728219.942088,CYly478t2ENHYEVp2,192.168.1.4,57854.0,192.168.1.1,53.0,udp,0.016084194183349,63.0,124.0,SF,1.0,1.0,0.0,Dd,1.0,91.0,1.0,152.0,DNS
1720728852.882051,CZja8Z3XRoVME79vK8,192.168.1.6,39836.0,192.168.1.4,21.0,tcp,9.095206022262571,118.0,188.0,SF,1.0,1.0,0.0,ShAdDafrF,18.0,1062.0,17.0,1056.0,FTP
1720730552.29326,C5lhvZ2fXW7vqVXmc4,192.168.1.6,58714.0,192.168.1.4,21.0,tcp,10.087063789367676,138.0,188.0,SF,1.0,1.0,0.0,ShAdDafrF,18.0,1082.0,17.0,1056.0,FTP
1720729302.771761,C2D2vQ33IZZMssLGT9,192.168.1.6,45796.0,192.168.1.4,21.0,tcp,9.410407066345217,145.0,188.0,SF,1.0,1.0,0.0,ShAdDafrF,18.0,1089.0,17.0,1056.0,FTP
1720729258.847121,CiApAA2SN2fsooeSkl,192.168.1.6,54508.0,192.168.1.4,21.0,tcp,10.551281929016112,117.0,188.0,SF,1.0,1.0,0.0,ShAdDafrF,18.0,1061.0,17.0,1056.0,FTP
1720728185.119445,CcWKMe2DWG6mc32YU9,192.168.1.4,58719.0,192.168.1.1,53.0,udp,0.071732997894287,58.0,507.0,SF,1.0,1.0,0.0,Dd,1.0,86.0,1.0,535.0,DNS
1720728415.084801,C7stmo4g9uXP9RwL8,192.168.1.6,47058.0,192.168.1.4,21.0,tcp,10.837818145751951,116.0,188.0,SF,1.0,1.0,0.0,ShAdDafrF,18.0,1060.0,17.0,1056.0,FTP
1720730484.471495,CO9CQ61cky03V2R85e,192.168.1.6,48636.0,192.168.1.4,21.0,tcp,10.753177165985107,128.0,188.0,SF,1.0,1.0,0.0,ShAdDafrF,18.0,1072.0,17.0,1056.0,FTP
1720730054.61205,CCXVQp3sEsnVj2z38j,192.168.1.6,54768.0,192.168.1.4,21.0,tcp,9.78979206085205,115.0,188.0,SF,1.0,1.0,0.0,ShAdDafrF,18.0,1059.0,17.0,1056.0,FTP
1720730525.83777,C9jh7o4sDmYZopqXi7,192.168.1.6,49588.0,192.168.1.4,21.0,tcp,10.915916919708252,121.0,188.0,SF,1.0,1.0,0.0,ShAdDafFr,18.0,1065.0,17.0,1056.0,FTP
1720731724.790903,CTLNNF1pAUKrpEMFS4,192.168.1.6,34574.0,192.168.1.4,21.0,tcp,11.03961992263794,176.0,188.0,SF,1.0,1.0,0.0,ShAdDafrF,18.0,1120.0,17.0,1056.0,FTP
1720727794.846676,Ce64Tw4E67UScoZIVb,192.168.1.4,38109.0,142.251.40.196,443.0,tcp,11.03961992263794,176.0,188.0,SF,1.0,1.0,0.0,ShAdDafrF,18.0,1120.0,17.0,1056.0,HTTPS
1720730359.414611,CRuzUr3MXMLeHqv5f,192.168.1.6,56800.0,192.168.1.4,21.0,tcp,10.06997299194336,125.0,188.0,SF,1.0,1.0,0.0,ShAdDafrF,18.0,1069.0,17.0,1056.0,FTP
1720728004.007898,CJbswJ38asIcJzwo42,192.168.1.4,45478.0,104.16.148.244,443.0,tcp,10.06997299194336,125.0,188.0,SF,1.0,1.0,0.0,ShAdDafrF,18.0,1069.0,17.0,1056.0,HTTPS
1720730390.651655,CDveU4lbE8Y3Oqug,192.168.1.6,35230.0,192.168.1.4,21.0,tcp,8.902619123458862,128.0,188.0,SF,1.0,1.0,0.0,ShAdDafFr,18.0,1072.0,17.0,1056.0,FTP
1720727914.20563,CKVHAT3xGYqRXjSyW4,192.168.1.4,50431.0,192.168.1.1,53.0,udp,8.902619123458862,128.0,188.0,SF,1.0,1.0,0.0,ShAdDafFr,18.0,1072.0,17.0,1056.0,DNS
1720727915.083657,C28qeo1v1VBFHCjR84,192.168.1.4,58830.0,142.251.32.104,443.0,tcp,0.071477890014648,1872.0,6952.0,SF,1.0,0.0,0.0,ShADadFfR,11.0,2428.0,9.0,7428.0,HTTPS
1720728245.103676,CdpbfD2FQllp8ZTdn9,192.168.1.4,52435.0,192.168.1.1,53.0,udp,0.001374006271362,55.0,121.0,SF,1.0,1.0,0.0,Dd,1.0,83.0,1.0,149.0,DNS
1720731574.402612,CRlwzT3zeKknEQWbOl,192.168.1.6,57218.0,192.168.1.4,21.0,tcp,9.056628942489624,158.0,188.0,SF,1.0,1.0,0.0,ShAdDafrF,18.0,1102.0,17.0,1056.0,FTP
1720728076.372939,CBhpxh16PP6uHpHkzf,192.168.1.6,52072.0,192.168.1.4,21.0,tcp,9.8840229511261,118.0,188.0,SF,1.0,1.0,0.0,ShAdDafrF,18.0,1062.0,17.0,1056.0,FTP
1720731621.798758,CuOmDK1LytLsirl05,192.168.1.6,45198.0,192.168.1.4,21.0,tcp,9.155961036682127,168.0,188.0,SF,1.0,1.0,0.0,ShAdDafrF,18.0,1112.0,17.0,1056.0,FTP
1720730399.35856,ClC44O2L6LT92TLPhe,192.168.1.6,34050.0,192.168.1.4,21.0,tcp,9.260268926620483,117.0,188.0,SF,1.0,1.0,0.0,ShAdDafrF,18.0,1061.0,17.0,1056.0,FTP
1720727765.837952,CiQOFp4SxuIxUQIO11,192.168.1.4,46372.0,192.168.1.1,53.0,udp,9.260268926620483,117.0,188.0,SF,1.0,1.0,0.0,ShAdDafrF,18.0,1061.0,17.0,1056.0,DNS
1720727673.253106,Ce9tHw3g88hh3S4LMf,192.168.1.4,48098.0,23.34.240.106,443.0,tcp,149.9159798622131,201566.0,1933393.0,SF,1.0,0.0,191136.0,ShADadggtfF,551.0,230274.0,775.0,1976597.0,HTTPS
1720730417.255639,C2TG0w3zrgg0NAaNd,192.168.1.6,49632.0,192.168.1.4,21.0,tcp,9.67583394050598,118.0,188.0,SF,1.0,1.0,0.0,ShAdDafFr,18.0,1062.0,17.0,1056.0,FTP
1720728999.736897,C9cCf22XGKNwSu7iuj,192.168.1.6,51458.0,192.168.1.4,21.0,tcp,10.765254974365234,132.0,188.0,SF,1.0,1.0,0.0,ShAdDafrF,18.0,1076.0,17.0,1056.0,FTP
1720730339.460274,CFQ3zc4mPy8ap2ckga,192.168.1.6,35452.0,192.168.1.4,21.0,tcp,9.561944007873535,121.0,188.0,SF,1.0,1.0,0.0,ShAdDafrF,18.0,1065.0,17.0,1056.0,FTP
1720731850.443167,C4U9Cc1pfEjZuk8Vwj,192.168.1.6,35424.0,192.168.1.4,21.0,tcp,10.33433198928833,132.0,188.0,SF,1.0,1.0,0.0,ShAdDafrF,18.0,1076.0,17.0,1056.0,FTP
1720729272.890565,C99opx3IwNMJHUq9X5,192.168.1.6,34452.0,192.168.1.4,21.0,tcp,9.404463052749634,115.0,188.0,SF,1.0,1.0,0.0,ShAdDafrF,18.0,1059.0,17.0,1056.0,FTP
1720730452.564656,C5ftKnLadtM9tT4u6,192.168.1.6,44208.0,192.168.1.4,21.0,tcp,9.727500915527344,127.0,188.0,SF,1.0,1.0,0.0,ShAdDafrF,18.0,1071.0,17.0,1056.0,FTP
1720729616.85707,ClcXvjZV2mQ2KXpgg,192.168.1.6,47606.0,192.168.1.4,21.0,tcp,10.073961973190308,109.0,188.0,SF,1.0,1.0,0.0,ShAdDafrF,18.0,1053.0,17.0,1056.0,FTP
1720727876.120633,C4B8zu2gtVeLwU4n55,192.168.1.6,46326.0,192.168.1.4,21.0,tcp,9.041483163833618,117.0,188.0,SF,1.0,1.0,0.0,ShAdDafFr,18.0,1061.0,17.0,1056.0,FTP
1720728136.394867,CUup4K2M04JxX2EkPg,192.168.1.6,37282.0,192.168.1.4,21.0,tcp,9.59646701812744,118.0,188.0,SF,1.0,1.0,0.0,ShAdDafrF,18.0,1062.0,17.0,1056.0,FTP
1720728185.119581,CXuUFp4fS70ZdJeAL4,192.168.1.4,46541.0,192.168.1.1,53.0,udp,9.59646701812744,118.0,188.0,SF,1.0,1.0,0.0,ShAdDafrF,18.0,1062.0,17.0,1056.0,DNS
1720728442.543098,CI8jw43sj8uIoqqf0f,192.168.1.6,44294.0,192.168.1.4,21.0,tcp,10.227862119674684,118.0,188.0,SF,1.0,1.0,0.0,ShAdDafrF,18.0,1062.0,17.0,1056.0,FTP
1720727752.657171,Czhkrv3hKhFj7K8V8k,192.168.1.6,34082.0,192.168.1.4,21.0,tcp,9.25651502609253,118.0,188.0,SF,1.0,1.0,0.0,ShAdDafrF,18.0,1062.0,17.0,1056.0,FTP
1720728444.781779,CC849YLcROLhS2nmf,192.168.1.6,37898.0,192.168.1.4,21.0,tcp,9.3959698677063,117.0,188.0,SF,1.0,1.0,0.0,ShAdDafrF,18.0,1061.0,17.0,1056.0,FTP
1720728885.07127,CBDzpi2fDuSPKt8bd9,192.168.1.6,55476.0,192.168.1.4,21.0,tcp,9.263466119766235,159.0,188.0,SF,1.0,1.0,0.0,ShAdDafrF,18.0,1103.0,17.0,1056.0,FTP
1720727956.308094,CNETF53TmZASNn7uh3,192.168.1.4,39869.0,192.168.1.1,53.0,udp,0.016588926315307,41.0,410.0,SF,1.0,1.0,0.0,Dd,1.0,69.0,1.0,438.0,DNS
1720729452.6588,Cm5ZUc2Z1C2moM87ck,192.168.1.6,55658.0,192.168.1.4,21.0,tcp,10.199406147003174,156.0,188.0,SF,1.0,1.0,0.0,ShAdDafrF,18.0,1100.0,17.0,1056.0,FTP
1720728211.804007,C322vj1l3AbGrIp5z3,192.168.1.4,43281.0,192.168.1.1,53.0,udp,0.001296997070312,40.0,96.0,SF,1.0,1.0,0.0,Dd,1.0,68.0,1.0,124.0,DNS
1720729432.450768,CRC1qKo6Uf0JL4mmh,192.168.1.4,36292.0,91.189.91.83,80.0,udp,0.001296997070312,40.0,96.0,SF,1.0,1.0,0.0,Dd,1.0,68.0,1.0,124.0,HTTP
1720730112.14529,Cj4NPx3pjoLPsTucYb,192.168.1.6,50394.0,192.168.1.4,21.0,tcp,10.553160190582275,123.0,188.0,SF,1.0,1.0,0.0,ShAdDafFr,18.0,1067.0,17.0,1056.0,FTP
1720729061.431595,CZpVka3OcszI0Otz4,192.168.1.6,59958.0,192.168.1.4,21.0,tcp,10.34061884880066,119.0,188.0,SF,1.0,1.0,0.0,ShAdDafrF,18.0,1063.0,17.0,1056.0,FTP
1720728095.565562,CruC1f1TVS6VPlyiZ,192.168.1.4,35457.0,192.168.1.1,53.0,udp,0.004520893096923,53.0,103.0,SF,1.0,1.0,0.0,Dd,1.0,81.0,1.0,131.0,DNS
1720731157.767199,CkfqQm4B4WlqYJrgk2,192.168.1.6,59916.0,192.168.1.4,21.0,tcp,9.704259872436523,105.0,188.0,SF,1.0,1.0,0.0,ShAdDafFr,18.0,1049.0,17.0,1056.0,FTP
1720731721.289682,CAWMkX1KGFrrpVfxYh,192.168.1.6,38666.0,192.168.1.4,21.0,tcp,11.203972101211548,165.0,188.0,SF,1.0,1.0,0.0,ShAdDafrF,18.0,1109.0,17.0,1056.0,FTP
1720728100.893686,CcDEEq3JfgOwUjHvwc,192.168.1.6,39994.0,192.168.1.4,21.0,tcp,10.039439916610718,118.0,188.0,SF,1.0,1.0,0.0,ShAdDafFr,18.0,1062.0,17.0,1056.0,FTP
1720728342.561269,CHiNZY14Fx4szAm3c1,192.168.1.6,38842.0,192.168.1.4,21.0,tcp,11.20415997505188,118.0,188.0,SF,1.0,1.0,0.0,ShAdDafrF,18.0,1062.0,17.0,1056.0,FTP
1720727764.149824,CJ45Ru3QfDriB1IbZi,192.168.1.4,55625.0,192.168.1.1,53.0,udp,0.003650188446044,48.0,380.0,SF,1.0,1.0,0.0,Dd,1.0,76.0,1.0,408.0,DNS
1720730398.379175,C3HfN72wtMTA0pKGdg,192.168.1.6,34008.0,192.168.1.4,21.0,tcp,9.377007007598875,128.0,188.0,SF,1.0,1.0,0.0,ShAdDafrF,18.0,1072.0,17.0,1056.0,FTP
1720727793.480897,C5VUHY3XHRrRoKRZyl,192.168.1.4,59698.0,104.18.32.137,443.0,tcp,9.377007007598875,128.0,188.0,SF,1.0,1.0,0.0,ShAdDafrF,18.0,1072.0,17.0,1056.0,HTTPS
1720728306.035683,CdP1OC3SlY3JfRtESb,192.168.1.4,52690.0,192.168.1.1,53.0,udp,9.377007007598875,128.0,188.0,SF,1.0,1.0,0.0,ShAdDafrF,18.0,1072.0,17.0,1056.0,DNS
1720728244.944202,CZJ3TLxgouE46W9pd,192.168.1.4,32896.0,192.168.1.1,53.0,udp,0.001100063323974,48.0,108.0,SF,1.0,1.0,0.0,Dd,1.0,76.0,1.0,136.0,DNS
1720728274.989768,Ce0aKR35jWgztI2klj,192.168.1.4,33989.0,192.168.1.1,53.0,udp,0.001865863800048,39.0,156.0,SF,1.0,1.0,0.0,Dd,1.0,67.0,1.0,184.0,DNS
1720728091.497066,CdaGc049k3Kxv0MaVd,192.168.1.6,35176.0,192.168.1.4,21.0,tcp,9.52676796913147,118.0,188.0,SF,1.0,1.0,0.0,ShAdDafrF,18.0,1062.0,17.0,1056.0,FTP
1720728245.094495,CjaW2G1jB1gFBJlZoh,192.168.1.4,48448.0,192.168.1.1,53.0,udp,9.52676796913147,118.0,188.0,SF,1.0,1.0,0.0,ShAdDafrF,18.0,1062.0,17.0,1056.0,DNS
1720731720.999215,CLSoZT3lJIDALKBnEd,192.168.1.6,38652.0,192.168.1.4,21.0,tcp,11.202755212783812,169.0,188.0,SF,1.0,1.0,0.0,ShAdDafrF,18.0,1113.0,17.0,1056.0,FTP
1720731098.661955,C9H5xWFo3Z1xsm2Z3,192.168.1.6,43372.0,192.168.1.4,21.0,tcp,9.09833288192749,127.0,188.0,SF,1.0,1.0,0.0,ShAdDafrF,18.0,1071.0,17.0,1056.0,FTP
1720729642.324264,CnNibO1ky05mFfSXug,192.168.1.6,47592.0,192.168.1.4,21.0,tcp,9.828160047531128,112.0,188.0,SF,1.0,1.0,0.0,ShAdDafrF,18.0,1056.0,17.0,1056.0,FTP
1720729503.08117,Cukjqz1eaJTxNr6CFi,192.168.1.6,39496.0,192.168.1.4,21.0,tcp,10.23403286933899,116.0,188.0,SF,1.0,1.0,0.0,ShAdDafrF,18.0,1060.0,17.0,1056.0,FTP
1720728095.560732,CJ1avk3XZU7AvtQzd,192.168.1.4,51325.0,142.250.72.102,443.0,tcp,10.23403286933899,116.0,188.0,SF,1.0,1.0,0.0,ShAdDafrF,18.0,1060.0,17.0,1056.0,HTTPS
1720730639.112245,CrlqW83ViSYsjA9r91,192.168.1.6,48666.0,192.168.1.4,21.0,tcp,10.309804916381836,123.0,188.0,SF,1.0,1.0,0.0,ShAdDafrF,18.0,1067.0,17.0,1056.0,FTP
1720728155.55485,CNUMQK1GN4qjvha71j,192.168.1.4,36470.0,192.168.1.1,53.0,udp,10.309804916381836,123.0,188.0,SF,1.0,1.0,0.0,ShAdDafrF,18.0,1067.0,17.0,1056.0,DNS
1720730407.778701,CVCfiy3kAuSWLBJEY8,192.168.1.6,55406.0,192.168.1.4,21.0,tcp,9.494961023330688,121.0,188.0,SF,1.0,1.0,0.0,ShAdDafFr,18.0,1065.0,17.0,1056.0,FTP
1720730150.631224,CrB1351u9MwlgQunVf,192.168.1.6,55570.0,192.168.1.4,21.0,tcp,9.86837100982666,130.0,188.0,SF,1.0,1.0,0.0,ShAdDafrF,18.0,1074.0,17.0,1056.0,FTP
1720728593.275843,C3NCqd3uHntHGFNtT8,192.168.1.6,35474.0,192.168.1.4,21.0,tcp,10.28817105293274,114.0,188.0,SF,1.0,1.0,0.0,ShAdDafrF,18.0,1058.0,17.0,1056.0,FTP
1720729185.724829,CuVEsf2tAupHMCGZPa,192.168.1.6,50124.0,192.168.1.4,21.0,tcp,10.539775133132936,132.0,188.0,SF,1.0,1.0,0.0,ShAdDafFr,18.0,1076.0,17.0,1056.0,FTP
1720728004.869692,CJDsX42RdtGNrixXSi,192.168.1.4,44330.0,192.168.1.1,53.0,udp,0.083232879638671,50.0,333.0,SF,1.0,1.0,0.0,Dd,1.0,78.0,1.0,361.0,DNS
1720728564.386369,CwxVp6Kb685wHJox8,192.168.1.6,38098.0,192.168.1.4,21.0,tcp,10.002635955810549,118.0,188.0,SF,1.0,1.0,0.0,ShAdDafrF,18.0,1062.0,17.0,1056.0,FTP
1720727916.400975,C3b01a3jcbZ58SJ7Hh,192.168.1.4,36433.0,192.168.1.1,53.0,udp,0.004682064056396,54.0,111.0,SF,1.0,1.0,0.0,Dd,1.0,82.0,1.0,139.0,DNS
1720728094.43139,CzZFFA4OLYZMbLxHUk,192.168.1.4,45700.0,204.141.89.122,443.0,tcp,114.32428097724916,2563.0,4519.0,SF,1.0,0.0,0.0,ShADadFf,15.0,3351.0,14.0,5255.0,HTTPS
1720728593.082113,C9GSP74Ii04c8NTq25,192.168.1.6,35468.0,192.168.1.4,21.0,tcp,10.492157936096191,114.0,188.0,SF,1.0,1.0,0.0,ShAdDafrF,18.0,1058.0,17.0,1056.0,FTP
1720729249.782464,CxXVia23zKzHgggEV6,192.168.1.6,44016.0,192.168.1.4,21.0,tcp,9.265910863876345,124.0,188.0,SF,1.0,1.0,0.0,ShAdDafFr,18.0,1068.0,17.0,1056.0,FTP
1720727943.949883,CwxJQqTWDZ7SmsKea,192.168.1.6,60176.0,192.168.1.4,21.0,tcp,10.85599398612976,118.0,188.0,SF,1.0,1.0,0.0,ShAdDafrF,18.0,1062.0,17.0,1056.0,FTP
1720729566.872553,CuuhMH36iYpnFtVhEj,192.168.1.6,55698.0,192.168.1.4,21.0,tcp,9.479225873947144,112.0,188.0,SF,1.0,1.0,0.0,ShAdDafrF,18.0,1056.0,17.0,1056.0,FTP
1720728031.083613,CwPHyK2M1l47g0Beja,192.168.1.4,60996.0,204.79.197.237,443.0,tcp,63.24886608123779,3330.0,7853.0,RSTR,1.0,0.0,0.0,ShADadFr,10.0,3750.0,14.0,8425.0,HTTPS
1720728125.413374,Cm0jzW2BfiXY2Xg3Dj,192.168.1.4,38008.0,192.168.1.1,53.0,udp,0.015503168106079,41.0,410.0,SF,1.0,1.0,0.0,Dd,1.0,69.0,1.0,438.0,DNS
1720730971.448347,C3UG8m4MKML0w8acm9,192.168.1.6,48996.0,192.168.1.4,21.0,tcp,10.656328916549684,125.0,188.0,SF,1.0,1.0,0.0,ShAdDafrF,18.0,1069.0,17.0,1056.0,FTP
1720730679.341784,CmSSmj16qcHCmaXkUe,192.168.1.6,42286.0,192.168.1.4,21.0,tcp,9.38794493675232,125.0,188.0,SF,1.0,1.0,0.0,ShAdDafFr,18.0,1069.0,17.0,1056.0,FTP
1720730114.080572,C6dPkf1hto1SwqOBCb,192.168.1.6,48218.0,192.168.1.4,21.0,tcp,9.093882083892822,141.0,188.0,SF,1.0,1.0,0.0,ShAdDafrF,18.0,1085.0,17.0,1056.0,FTP
1720730534.334122,Ci9zMd4aUVZ4jrg83c,192.168.1.6,58674.0,192.168.1.4,21.0,tcp,9.73608112335205,122.0,188.0,SF,1.0,1.0,0.0,ShAdDafrF,18.0,1066.0,17.0,1056.0,FTP
1720729402.428163,CaqeHl4w7ocafCalw7,192.168.1.6,49198.0,192.168.1.4,21.0,tcp,9.981214046478271,124.0,188.0,SF,1.0,1.0,0.0,ShAdDafrF,18.0,1068.0,17.0,1056.0,FTP
1720728034.455862,Cd6NeO2dgWrNjiAgHl,192.168.1.4,35816.0,144.118.67.10,443.0,tcp,44.74533200263977,4874.0,15100299.0,RSTO,1.0,0.0,317482.0,ShADadgttWgR,2882.0,155990.0,6163.0,15468570.0,HTTPS
1720729356.357439,Cc77mc2FthHPW214Pd,192.168.1.6,48500.0,192.168.1.4,21.0,tcp,9.92107605934143,113.0,188.0,SF,1.0,1.0,0.0,ShAdDafrF,18.0,1057.0,17.0,1056.0,FTP
1720730778.333305,CmiFBnuBF6Dd3GQdl,192.168.1.6,57986.0,192.168.1.4,21.0,tcp,9.558320999145508,117.0,188.0,SF,1.0,1.0,0.0,ShAdDafrF,18.0,1061.0,17.0,1056.0,FTP
1720730035.423434,CDT5wPaZu7Ekbken3,192.168.1.6,34320.0,192.168.1.4,21.0,tcp,9.494497060775757,148.0,188.0,SF,1.0,1.0,0.0,ShAdDafrF,18.0,1092.0,17.0,1056.0,FTP
1720730668.962917,CV4P8m1zYC6Uk3to14,192.168.1.6,45632.0,192.168.1.4,21.0,tcp,10.33634901046753,128.0,188.0,SF,1.0,1.0,0.0,ShAdDafrF,18.0,1072.0,17.0,1056.0,FTP
1720729406.799119,Cy4gJa3LahiyYpd5p2,192.168.1.6,36786.0,192.168.1.4,21.0,tcp,11.055438995361328,123.0,188.0,SF,1.0,1.0,0.0,ShAdDafrF,18.0,1067.0,17.0,1056.0,FTP
1720731046.034146,CYzUWt3WAfXWRLwqKc,192.168.1.6,33060.0,192.168.1.4,21.0,tcp,10.733305931091309,122.0,188.0,SF,1.0,1.0,0.0,ShAdDafrF,18.0,1066.0,17.0,1056.0,FTP
1720729219.997603,CzvG8rtJ2CdPmYhO4,192.168.1.6,40254.0,192.168.1.4,21.0,tcp,9.904673099517822,119.0,188.0,SF,1.0,1.0,0.0,ShAdDafFr,18.0,1063.0,17.0,1056.0,FTP
1720728096.08301,CZuWQu4k9QIm4jbsXc,192.168.1.4,35021.0,192.168.1.1,53.0,udp,0.034485101699829,49.0,236.0,SF,1.0,1.0,0.0,Dd,1.0,77.0,1.0,264.0,DNS
1720728791.829864,CRcJXdrCeM1iRRc9l,192.168.1.6,33952.0,192.168.1.4,21.0,tcp,10.418868064880373,114.0,188.0,SF,1.0,1.0,0.0,ShAdDafFr,18.0,1058.0,17.0,1056.0,FTP
1720731421.078359,CznJxovxn5ZstS8Ii,192.168.1.6,39024.0,192.168.1.4,21.0,tcp,10.970607995986938,152.0,188.0,SF,1.0,1.0,0.0,ShAdDafFr,18.0,1096.0,17.0,1056.0,FTP
1720731821.022031,CMCwOC4nLvL26Ptzr7,192.168.1.6,42388.0,192.168.1.4,21.0,tcp,10.852128028869627,163.0,188.0,SF,1.0,1.0,0.0,ShAdDafrF,18.0,1107.0,17.0,1056.0,FTP
1720730223.840189,C4xOD4pPeHQVGbbU2,192.168.1.6,47056.0,192.168.1.4,21.0,tcp,10.868385076522827,130.0,188.0,SF,1.0,1.0,0.0,ShAdDafrF,18.0,1074.0,17.0,1056.0,FTP
1720730951.012264,CkdeGW1jRbY2TpRyJ,192.168.1.6,56858.0,192.168.1.4,21.0,tcp,10.27687692642212,149.0,188.0,SF,1.0,1.0,0.0,ShAdDafrF,18.0,1093.0,17.0,1056.0,FTP
1720727761.913857,CDdcBF2ZHIhnKcvHd,192.168.1.6,52166.0,192.168.1.4,21.0,tcp,9.74980902671814,118.0,188.0,SF,1.0,1.0,0.0,ShAdDafFr,18.0,1062.0,17.0,1056.0,FTP
1720729931.271725,CrDphZ1C5Q3wB0uFCe,192.168.1.6,52148.0,192.168.1.4,21.0,tcp,10.663504123687744,128.0,188.0,SF,1.0,1.0,0.0,ShAdDafrF,18.0,1072.0,17.0,1056.0,FTP
1720730015.952366,CKiyQX28ssW7ZEKxY1,192.168.1.6,51538.0,192.168.1.4,21.0,tcp,9.720083951950071,133.0,188.0,SF,1.0,1.0,0.0,ShAdDafrF,18.0,1077.0,17.0,1056.0,FTP
1720730222.256309,COHBqF1wznh0PQ9TL5,192.168.1.6,38162.0,192.168.1.4,21.0,tcp,10.520240068435667,123.0,188.0,SF,1.0,1.0,0.0,ShAdDafFr,18.0,1067.0,17.0,1056.0,FTP
1720727915.831608,CcJXJp1nw1hnV4V6A4,192.168.1.4,54408.0,192.168.1.1,53.0,udp,10.520240068435667,123.0,188.0,SF,1.0,1.0,0.0,ShAdDafFr,18.0,1067.0,17.0,1056.0,DNS
1720728456.561928,CT4GGo3rpUjYspdY,192.168.1.6,56018.0,192.168.1.4,21.0,tcp,9.184393882751465,117.0,188.0,SF,1.0,1.0,0.0,ShAdDafrF,18.0,1061.0,17.0,1056.0,FTP
1720731371.036035,CzUxAP1NhdizHq5txi,192.168.1.6,56864.0,192.168.1.4,21.0,tcp,10.92436695098877,168.0,188.0,SF,1.0,1.0,0.0,ShAdDafrF,18.0,1112.0,17.0,1056.0,FTP
1720730929.385445,C4NVa13nJ5g3gCjZ6,192.168.1.6,43520.0,192.168.1.4,21.0,tcp,11.367438793182371,159.0,188.0,SF,1.0,1.0,0.0,ShAdDafrF,18.0,1103.0,17.0,1056.0,FTP
1720730857.206608,CyLRKP28FqoqtK1L32,192.168.1.6,41932.0,192.168.1.4,21.0,tcp,10.574434995651243,121.0,188.0,SF,1.0,1.0,0.0,ShAdDafFr,18.0,1065.0,17.0,1056.0,FTP
1720728167.105758,CPvGHR1MVFG6QwbzU1,192.168.1.6,46938.0,192.168.1.4,21.0,tcp,9.570421934127808,118.0,188.0,SF,1.0,1.0,0.0,ShAdDafFr,18.0,1062.0,17.0,1056.0,FTP
1720727910.961078,Cvt5rS2q4X0dE7ymil,192.168.1.4,60580.0,192.168.1.1,53.0,udp,0.015737056732177,41.0,195.0,SF,1.0,1.0,0.0,Dd,1.0,69.0,1.0,223.0,DNS
1720728211.827163,Ch4BOQ1uyenBP7tRVa,192.168.1.4,60332.0,204.79.197.239,443.0,tcp,6.03844404220581,3229.0,8714.0,SF,1.0,0.0,0.0,ShADadFf,19.0,4009.0,21.0,9566.0,HTTPS
1720728124.888975,CGnRzY2zWFTKSeEeQ4,192.168.1.4,36244.0,192.168.1.1,53.0,udp,0.089063167572021,41.0,100.0,SF,1.0,1.0,0.0,Dd,1.0,69.0,1.0,128.0,DNS
1720727764.01244,CmbsEp3mmOpylF9dNb,192.168.1.4,51722.0,104.26.2.70,443.0,tcp,0.042844057083129,1789.0,5476.0,SF,1.0,0.0,0.0,ShADaFdRfR,8.0,2165.0,6.0,5796.0,HTTPS
1720727916.362348,C4u2jr2BwrQhS07jk3,192.168.1.4,45356.0,34.128.128.0,443.0,tcp,0.042844057083129,1789.0,5476.0,SF,1.0,0.0,0.0,IIiishhHH,8.0,2165.0,6.0,5796.0,HTTPS
1720727765.824223,CkN8uG1v8LlP8Hr39i,192.168.1.4,56930.0,192.168.1.1,53.0,udp,0.042844057083129,1789.0,5476.0,SF,1.0,0.0,0.0,IIiishhHH,8.0,2165.0,6.0,5796.0,DNS
1720729633.233157,C3g0rd1eWfn1NUzq71,192.168.1.4,50370.0,192.168.1.1,53.0,udp,0.042844057083129,1789.0,5476.0,SF,1.0,0.0,0.0,IIiishhHH,8.0,2165.0,6.0,5796.0,DNS
1720727892.280673,CZYNm21JtXD51jGzac,192.168.1.6,53572.0,192.168.1.4,21.0,tcp,10.106852054595947,117.0,188.0,SF,1.0,1.0,0.0,ShAdDafrF,18.0,1061.0,17.0,1056.0,FTP
1720728918.152909,CqmIuB3ra8z1Paz5F8,192.168.1.6,50550.0,192.168.1.4,21.0,tcp,9.513901948928831,165.0,188.0,SF,1.0,1.0,0.0,ShAdDafrF,18.0,1109.0,17.0,1056.0,FTP
1720727906.092315,CWfEJl1Wa0ewRcZb89,192.168.1.6,47672.0,192.168.1.4,21.0,tcp,9.889457941055298,117.0,188.0,SF,1.0,1.0,0.0,ShAdDafrF,18.0,1061.0,17.0,1056.0,FTP
1720727765.64298,Ca2KvL1ZrVY0UBWS1f,192.168.1.4,54361.0,192.168.1.1,53.0,udp,0.001863002777099,46.0,218.0,SF,1.0,1.0,0.0,Dd,1.0,74.0,1.0,246.0,DNS
1720728504.638554,Cewncr2HNJLhcHGuCd,192.168.1.6,41910.0,192.168.1.4,21.0,tcp,9.7512469291687,117.0,188.0,SF,1.0,1.0,0.0,ShAdDafrF,18.0,1061.0,17.0,1056.0,FTP
1720730083.723767,CE6IDN300r6lMaTd9d,192.168.1.6,33534.0,192.168.1.4,21.0,tcp,9.066423892974854,141.0,188.0,SF,1.0,1.0,0.0,ShAdDafrF,18.0,1085.0,17.0,1056.0,FTP
1720730898.295197,CYd2Tb2Q7IfGghOwCl,192.168.1.6,46444.0,192.168.1.4,21.0,tcp,9.79379105567932,127.0,188.0,SF,1.0,1.0,0.0,ShAdDafrF,18.0,1071.0,17.0,1056.0,FTP
1720730359.038576,CIWnXY2cTkDPlcGnG,192.168.1.6,56780.0,192.168.1.4,21.0,tcp,10.260736227035522,127.0,188.0,SF,1.0,1.0,0.0,ShAdDafrF,18.0,1071.0,17.0,1056.0,FTP
1720728306.020566,CuwOqQG0sotFdPmc9,192.168.1.4,38350.0,146.75.36.84,443.0,udp,0.083688974380493,6108.0,9338.0,SF,1.0,0.0,0.0,Dd,12.0,6444.0,13.0,9702.0,HTTPS
1720729064.732456,COxEln1QVTmDGJpjPi,192.168.1.6,36958.0,192.168.1.4,21.0,tcp,9.704894065856934,135.0,188.0,SF,1.0,1.0,0.0,ShAdDafrF,18.0,1079.0,17.0,1056.0,FTP
1720728219.949511,CLVEOfO4EzJOtV9Jc,192.168.1.4,43486.0,192.168.1.1,53.0,udp,0.002534866333007,39.0,159.0,SF,1.0,1.0,0.0,Dd,1.0,67.0,1.0,187.0,DNS
1720728187.642875,CTNEg12Sigj6wZ1q3j,192.168.1.4,49232.0,52.35.241.161,443.0,udp,0.002534866333007,39.0,159.0,SF,1.0,1.0,0.0,Dd,1.0,67.0,1.0,187.0,HTTPS
1720728130.146911,CBmyJ61lw6PGlaVL3c,192.168.1.6,46926.0,192.168.1.4,21.0,tcp,9.669522047042848,117.0,188.0,SF,1.0,1.0,0.0,ShAdDafrF,18.0,1061.0,17.0,1056.0,FTP
1720729379.242681,CYXTni4i8TqR8k7dV7,192.168.1.6,47862.0,192.168.1.4,21.0,tcp,10.652889966964722,132.0,188.0,SF,1.0,1.0,0.0,ShAdDafrF,18.0,1076.0,17.0,1056.0,FTP
1720730173.012,CAO2xu3pSynEo9c0L1,192.168.1.6,44908.0,192.168.1.4,21.0,tcp,10.667184829711914,121.0,188.0,SF,1.0,1.0,0.0,ShAdDafrF,18.0,1065.0,17.0,1056.0,FTP
1720731305.16242,CrgwlUGuRTQ4tEJda,192.168.1.6,55846.0,192.168.1.4,21.0,tcp,10.066587924957275,170.0,188.0,SF,1.0,1.0,0.0,ShAdDafrF,18.0,1114.0,17.0,1056.0,FTP
1720727835.14752,CKE1Wp2scjlqsONcg5,192.168.1.6,42400.0,192.168.1.4,21.0,tcp,9.962877035140991,118.0,188.0,SF,1.0,1.0,0.0,ShAdDafrF,18.0,1062.0,17.0,1056.0,FTP
1720727975.934674,CEYQQt1LFzmJ2NxRea,192.168.1.6,55062.0,192.168.1.4,21.0,tcp,9.897924900054932,114.0,188.0,SF,1.0,1.0,0.0,ShAdDafFr,18.0,1058.0,17.0,1056.0,FTP
1720728890.962705,CzWlWh2Ziq01V4Vlh5,192.168.1.6,55568.0,192.168.1.4,21.0,tcp,8.732988119125366,127.0,188.0,SF,1.0,1.0,0.0,ShAdDafrF,18.0,1071.0,17.0,1056.0,FTP
1720730974.836287,CYNvmnDb9iECQhIXl,192.168.1.6,36178.0,192.168.1.4,21.0,tcp,10.334619045257568,137.0,188.0,SF,1.0,1.0,0.0,ShAdDafrF,18.0,1081.0,17.0,1056.0,FTP
1720728219.971974,Ccv8Rf1UO3NqBkBSBa,192.168.1.4,52148.0,13.107.21.237,443.0,tcp,10.334619045257568,137.0,188.0,SF,1.0,1.0,0.0,ShAdDafrF,18.0,1081.0,17.0,1056.0,HTTPS
1720731905.823145,CyDTvy44zMOM8V1Lkb,192.168.1.6,49942.0,192.168.1.4,21.0,tcp,10.04623007774353,170.0,188.0,SF,1.0,1.0,0.0,ShAdDafFr,18.0,1114.0,17.0,1056.0,FTP
1720729208.306497,CYpoUz1B5JbWbpOtfj,192.168.1.6,56394.0,192.168.1.4,21.0,tcp,10.431488990783691,118.0,188.0,SF,1.0,1.0,0.0,ShAdDafrF,18.0,1062.0,17.0,1056.0,FTP
1720728096.842103,CAFtGT1x6zA8qHjHjh,192.168.1.4,44641.0,192.168.1.1,53.0,udp,10.431488990783691,118.0,188.0,SF,1.0,1.0,0.0,ShAdDafrF,18.0,1062.0,17.0,1056.0,DNS
1720730606.816373,COqS5e1sPEaItzL5qc,192.168.1.6,41836.0,192.168.1.4,21.0,tcp,10.5882089138031,119.0,188.0,SF,1.0,1.0,0.0,ShAdDafrF,18.0,1063.0,17.0,1056.0,FTP
1720727885.112109,CKsxkC4pi6RdxTlrjg,192.168.1.4,44303.0,142.251.40.226,443.0,tcp,10.5882089138031,119.0,188.0,SF,1.0,1.0,0.0,ShAdDafrF,18.0,1063.0,17.0,1056.0,HTTPS
1720730385.59839,CBWcuJ2ytvZW6V75Tf,192.168.1.6,35128.0,192.168.1.4,21.0,tcp,9.645514011383057,126.0,188.0,SF,1.0,1.0,0.0,ShAdDafrF,18.0,1070.0,17.0,1056.0,FTP
1720731524.049515,CN4zcF2mXvLe0vSCwi,192.168.1.6,46434.0,192.168.1.4,21.0,tcp,10.137409925460815,154.0,188.0,SF,1.0,1.0,0.0,ShAdDafFr,18.0,1098.0,17.0,1056.0,FTP
1720729946.709875,CEFacq3crC0qV2ORWg,192.168.1.6,56074.0,192.168.1.4,21.0,tcp,10.320258855819702,123.0,188.0,SF,1.0,1.0,0.0,ShAdDafrF,18.0,1067.0,17.0,1056.0,FTP
1720728197.319325,CNcLHQSeId7gn0AFa,192.168.1.6,53880.0,192.168.1.4,21.0,tcp,9.7171049118042,118.0,188.0,SF,1.0,1.0,0.0,ShAdDafrF,18.0,1062.0,17.0,1056.0,FTP
1720728663.755534,CaWLUq1dM32Lk9etH5,192.168.1.6,34198.0,192.168.1.4,21.0,tcp,10.10909914970398,142.0,188.0,SF,1.0,1.0,0.0,ShAdDafrF,18.0,1086.0,17.0,1056.0,FTP
1720731920.930015,C1jGAQQ8mgqmdybF,192.168.1.6,38640.0,192.168.1.4,21.0,tcp,9.97182297706604,165.0,188.0,SF,1.0,1.0,0.0,ShAdDafrF,18.0,1109.0,17.0,1056.0,FTP
1720727854.932236,Cow61FWaoGvB6q5Re,192.168.1.6,42206.0,192.168.1.4,21.0,tcp,10.0335590839386,118.0,188.0,SF,1.0,1.0,0.0,ShAdDafFr,18.0,1062.0,17.0,1056.0,FTP
1720729088.725748,CGZYKm3Q1SEbGNgURf,192.168.1.6,50556.0,192.168.1.4,21.0,tcp,9.93394899368286,120.0,188.0,SF,1.0,1.0,0.0,ShAdDafrF,18.0,1064.0,17.0,1056.0,FTP
1720727793.920716,COyr2Q38Z7uGCjSrw7,192.168.1.4,34740.0,18.238.4.23,443.0,tcp,9.93394899368286,120.0,188.0,SF,1.0,1.0,0.0,ShAdDafrF,18.0,1064.0,17.0,1056.0,HTTPS
1720730084.261612,C1j78KiZAN09jFoqf,192.168.1.6,33558.0,192.168.1.4,21.0,tcp,9.068614959716797,124.0,188.0,SF,1.0,1.0,0.0,ShAdDafrF,18.0,1068.0,17.0,1056.0,FTP
1720728094.428773,CQdRYy2fqRUMO5wQab,192.168.1.4,57088.0,192.168.1.1,53.0,udp,0.001902103424072,45.0,99.0,SF,1.0,1.0,0.0,Dd,1.0,73.0,1.0,127.0,DNS
1720731828.369481,CVNlqL228D11Kvylk1,192.168.1.6,45364.0,192.168.1.4,21.0,tcp,10.146020889282228,159.0,188.0,SF,1.0,1.0,0.0,ShAdDafrF,18.0,1103.0,17.0,1056.0,FTP
1720727974.021089,ChmCA82DLQz9RN6IU1,192.168.1.4,38124.0,204.235.147.206,443.0,tcp,10.146020889282228,159.0,188.0,SF,1.0,1.0,0.0,ShAdDafrF,18.0,1103.0,17.0,1056.0,HTTPS
1720728432.757308,CMsWGH1NCvWhbOKcOa,192.168.1.6,50550.0,192.168.1.4,21.0,tcp,9.785672903060911,118.0,188.0,SF,1.0,1.0,0.0,ShAdDafrF,18.0,1062.0,17.0,1056.0,FTP
1720728684.256737,CMxFfw2BBGZzMqi5Tf,192.168.1.6,54986.0,192.168.1.4,21.0,tcp,10.40878200531006,132.0,188.0,SF,1.0,1.0,0.0,ShAdDafrF,18.0,1076.0,17.0,1056.0,FTP
1720730159.372125,CfnY8g4EvIi1J7SFwl,192.168.1.6,40602.0,192.168.1.4,21.0,tcp,9.626502990722656,127.0,188.0,SF,1.0,1.0,0.0,ShAdDafFr,18.0,1071.0,17.0,1056.0,FTP
1720728791.939614,CRo4NJ1RFhlvWYTIQi,192.168.1.6,33954.0,192.168.1.4,21.0,tcp,10.566941022872925,115.0,188.0,SF,1.0,1.0,0.0,ShAdDafrF,18.0,1059.0,17.0,1056.0,FTP
1720728306.121742,Cx5Chl1L0VkDlBlr9,192.168.1.4,58496.0,104.244.42.131,443.0,tcp,10.566941022872925,115.0,188.0,SF,1.0,1.0,0.0,ShAdDafrF,18.0,1059.0,17.0,1056.0,HTTPS
1720730590.80893,C1CFdA2PdeIsJ3xoO,192.168.1.6,35024.0,192.168.1.4,21.0,tcp,9.40428113937378,137.0,188.0,SF,1.0,1.0,0.0,ShAdDafrF,18.0,1081.0,17.0,1056.0,FTP
1720727733.509501,C3g0GW36UL10JdvcA8,192.168.1.4,60801.0,142.251.40.110,443.0,udp,0.090872049331665,4024.0,9412.0,SF,1.0,0.0,0.0,Dd,7.0,4220.0,10.0,9692.0,HTTPS
1720731359.187393,Ch38J2l4Opv5XkWEb,192.168.1.6,35736.0,192.168.1.4,21.0,tcp,10.302914142608644,149.0,188.0,SF,1.0,1.0,0.0,ShAdDafrF,18.0,1093.0,17.0,1056.0,FTP
1720728062.474765,CuWDdz4L5RBo9UGWgb,192.168.1.6,46110.0,192.168.1.4,21.0,tcp,9.298671960830688,118.0,188.0,SF,1.0,1.0,0.0,ShAdDafrF,18.0,1062.0,17.0,1056.0,FTP
1720727885.089552,ChQgYSOxcydlGNEt5,192.168.1.4,50378.0,54.84.50.115,443.0,tcp,9.298671960830688,118.0,188.0,SF,1.0,1.0,0.0,ShAdDafrF,18.0,1062.0,17.0,1056.0,HTTPS
1720729706.335406,CiDFtZKaSxlzaDNA9,192.168.1.6,47910.0,192.168.1.4,21.0,tcp,8.700132846832275,121.0,188.0,SF,1.0,1.0,0.0,ShAdDafrF,18.0,1065.0,17.0,1056.0,FTP
1720730411.303305,CK2dws21O6YbRQojl,192.168.1.6,55448.0,192.168.1.4,21.0,tcp,9.880186080932615,127.0,188.0,SF,1.0,1.0,0.0,ShAdDafrF,18.0,1071.0,17.0,1056.0,FTP
1720727853.436005,C4SF5c4MFcpofbilNa,192.168.1.4,34382.0,192.96.159.127,443.0,tcp,0.382245779037475,2799.0,66284.0,SF,1.0,0.0,0.0,ShADadfF,28.0,4263.0,33.0,68008.0,HTTPS
1720729379.252927,Cct90lrTNx4nBTQJ6,192.168.1.6,47876.0,192.168.1.4,21.0,tcp,10.663022994995115,134.0,188.0,SF,1.0,1.0,0.0,ShAdDafrF,18.0,1078.0,17.0,1056.0,FTP
1720727913.667506,CRKzVU125DXcSVb443,192.168.1.4,40673.0,192.168.1.1,53.0,udp,10.663022994995115,134.0,188.0,SF,1.0,1.0,0.0,ShAdDafrF,18.0,1078.0,17.0,1056.0,DNS
1720728514.593271,C5xMdW116o5Z7NaJc9,192.168.1.6,48308.0,192.168.1.4,21.0,tcp,9.546406984329224,118.0,188.0,SF,1.0,1.0,0.0,ShAdDafrF,18.0,1062.0,17.0,1056.0,FTP
1720729641.98998,CyFSix3re7b5WUUX3,192.168.1.6,47584.0,192.168.1.4,21.0,tcp,9.697696924209597,107.0,188.0,SF,1.0,1.0,0.0,ShAdDafFr,18.0,1051.0,17.0,1056.0,FTP
1720730252.902471,Co9b7i3OONquiMd5tg,192.168.1.6,59362.0,192.168.1.4,21.0,tcp,10.81309199333191,124.0,188.0,SF,1.0,1.0,0.0,ShAdDafFr,18.0,1068.0,17.0,1056.0,FTP
1720730263.715675,CM8gLO22dXZhK8ascg,192.168.1.6,45268.0,192.168.1.4,21.0,tcp,9.402249813079834,136.0,188.0,SF,1.0,1.0,0.0,ShAdDafrF,18.0,1080.0,17.0,1056.0,FTP
1720727765.837329,C9qu762l39x2a2uA2j,192.168.1.4,52979.0,192.168.1.1,53.0,udp,9.402249813079834,136.0,188.0,SF,1.0,1.0,0.0,ShAdDafrF,18.0,1080.0,17.0,1056.0,DNS
1720729432.331486,Ccvf032HhfbgPs5iml,192.168.1.4,34521.0,192.168.1.1,53.0,udp,0.002002954483032,59.0,120.0,SF,1.0,1.0,0.0,Dd,1.0,87.0,1.0,148.0,DNS
1720730552.714652,C5vXT94UwSJ5gwKm4,192.168.1.6,58722.0,192.168.1.4,21.0,tcp,10.226513862609863,130.0,188.0,SF,1.0,1.0,0.0,ShAdDafFr,18.0,1074.0,17.0,1056.0,FTP
1720728186.721181,COXWuy25HsSnOQ2TUd,192.168.1.4,49192.0,23.205.106.91,443.0,tcp,10.226513862609863,130.0,188.0,SF,1.0,1.0,0.0,ShAdDafFr,18.0,1074.0,17.0,1056.0,HTTPS
1720728726.605894,CEtMyN2NJgItyGE5Cb,192.168.1.6,59564.0,192.168.1.4,21.0,tcp,10.512379884719849,138.0,188.0,SF,1.0,1.0,0.0,ShAdDafrF,18.0,1082.0,17.0,1056.0,FTP
1720727915.923097,CpVWZ62yZLgZZftMJj,192.168.1.4,49434.0,192.168.1.1,53.0,udp,0.245464086532592,49.0,207.0,SF,1.0,1.0,0.0,Dd,1.0,77.0,1.0,235.0,DNS
1720729452.668931,C7fpMt39a2TcavQhZc,192.168.1.6,55672.0,192.168.1.4,21.0,tcp,10.199726104736328,152.0,188.0,SF,1.0,1.0,0.0,ShAdDafrF,18.0,1096.0,17.0,1056.0,FTP
1720728274.989844,CsrE1n1fkaB1YabX1g,192.168.1.4,56137.0,192.168.1.1,53.0,udp,0.001995801925659,39.0,97.0,SF,1.0,1.0,0.0,Dd,1.0,67.0,1.0,125.0,DNS
1720729827.188419,CFnZIt1rG55eSvBMCf,192.168.1.6,34344.0,192.168.1.4,21.0,tcp,10.518318891525269,123.0,188.0,SF,1.0,1.0,0.0,ShAdDafrF,18.0,1067.0,17.0,1056.0,FTP
1720731166.149586,CXXAeq2fbpFjCsfJh8,192.168.1.6,41734.0,192.168.1.4,21.0,tcp,9.826571941375732,107.0,188.0,SF,1.0,1.0,0.0,ShAdDafrF,18.0,1051.0,17.0,1056.0,FTP
1720728306.208744,Cdi7F649kYWnys50zc,192.168.1.4,51354.0,192.168.1.1,53.0,udp,0.001824855804443,43.0,127.0,SF,1.0,1.0,0.0,Dd,1.0,71.0,1.0,155.0,DNS
1720727885.419672,C8dD3AAPNeTDIdQmh,192.168.1.4,46947.0,192.168.1.1,53.0,udp,0.001824855804443,43.0,127.0,SF,1.0,1.0,0.0,Dd,1.0,71.0,1.0,155.0,DNS
1720730388.674072,CXk3h2Yot57llU3V9,192.168.1.6,35208.0,192.168.1.4,21.0,tcp,10.684349060058594,129.0,188.0,SF,1.0,1.0,0.0,ShAdDafrF,18.0,1073.0,17.0,1056.0,FTP
1720729759.702435,CngEg5znfxmd6Acj4,192.168.1.6,43640.0,192.168.1.4,21.0,tcp,9.636039972305298,116.0,188.0,SF,1.0,1.0,0.0,ShAdDafrF,18.0,1060.0,17.0,1056.0,FTP
1720728095.642418,Cpnj4UhsIid02qJQg,192.168.1.4,58820.0,52.62.241.242,443.0,tcp,9.636039972305298,116.0,188.0,SF,1.0,1.0,0.0,ShAdDafrF,18.0,1060.0,17.0,1056.0,HTTPS
1720727915.981902,Ctt0qq2styhkLDkl4b,192.168.1.6,39904.0,192.168.1.4,21.0,tcp,11.11739206314087,116.0,188.0,SF,1.0,1.0,0.0,ShAdDafrF,18.0,1060.0,17.0,1056.0,FTP
1720729606.498303,C2RjR43hRt36JHIoOa,192.168.1.6,48552.0,192.168.1.4,21.0,tcp,9.209846019744871,109.0,188.0,SF,1.0,1.0,0.0,ShAdDafrF,18.0,1053.0,17.0,1056.0,FTP
1720727974.022927,C0OEEc4QmldHxBWFPg,192.168.1.4,38092.0,204.235.147.206,443.0,tcp,9.209846019744871,109.0,188.0,SF,1.0,1.0,0.0,ShAdDafrF,18.0,1053.0,17.0,1056.0,HTTPS
1720731817.536804,CWryty4gkWrAV7OG3,192.168.1.6,42314.0,192.168.1.4,21.0,tcp,11.21829104423523,148.0,188.0,SF,1.0,1.0,0.0,ShAdDafrF,18.0,1092.0,17.0,1056.0,FTP
1720728034.68581,ChXOBM3WOOaf5SmTuc,192.168.1.4,43008.0,104.96.220.114,443.0,tcp,0.042199850082397,1821.0,5013.0,SF,1.0,0.0,0.0,ShADFadRfR,8.0,2197.0,7.0,5385.0,HTTPS
1720728004.953798,CinHgG1NZwQmVECjnj,192.168.1.4,50204.0,192.168.1.1,53.0,udp,0.042199850082397,1821.0,5013.0,SF,1.0,0.0,0.0,ShADFadRfR,8.0,2197.0,7.0,5385.0,DNS
1720728034.883099,CnQHKe3YiO1cl3fL42,192.168.1.4,33208.0,192.168.1.1,53.0,udp,0.042199850082397,1821.0,5013.0,SF,1.0,0.0,0.0,ShADFadRfR,8.0,2197.0,7.0,5385.0,DNS
1720730898.241414,CI2ZeR2rym3imM4a5c,192.168.1.6,46408.0,192.168.1.4,21.0,tcp,9.77503490447998,126.0,188.0,SF,1.0,1.0,0.0,ShAdDafrF,18.0,1070.0,17.0,1056.0,FTP
1720730132.565748,C8mY4WVlWTiqOEDKd,192.168.1.6,52838.0,192.168.1.4,21.0,tcp,9.919662952423096,129.0,188.0,SF,1.0,1.0,0.0,ShAdDafrF,18.0,1073.0,17.0,1056.0,FTP
1720729621.643299,CDF4293CZwYrVhp2ih,192.168.1.6,47656.0,192.168.1.4,21.0,tcp,9.785093784332275,117.0,188.0,SF,1.0,1.0,0.0,ShAdDafrF,18.0,1061.0,17.0,1056.0,FTP
1720729138.335044,CWZO7p1Mu3HdgmqLTj,192.168.1.6,47384.0,192.168.1.4,21.0,tcp,9.942403078079224,125.0,188.0,SF,1.0,1.0,0.0,ShAdDafFr,18.0,1069.0,17.0,1056.0,FTP
1720728035.577285,CSVKRZ1rd7QFdJM0I7,192.168.1.4,51310.0,104.18.20.104,443.0,tcp,9.942403078079224,125.0,188.0,SF,1.0,1.0,0.0,ShAdDafFr,18.0,1069.0,17.0,1056.0,HTTPS
1720729033.607158,Cb4tLZZPBkOCewfTj,192.168.1.6,57740.0,192.168.1.4,21.0,tcp,10.295711994171144,132.0,188.0,SF,1.0,1.0,0.0,ShAdDafFr,18.0,1076.0,17.0,1056.0,FTP
1720730108.571194,CSqbDz2blQmRlT8vve,192.168.1.6,50302.0,192.168.1.4,21.0,tcp,9.564264059066772,119.0,188.0,SF,1.0,1.0,0.0,ShAdDafrF,18.0,1063.0,17.0,1056.0,FTP
1720730940.694902,CJUd2z1sLNE7PPBcz7,192.168.1.6,40730.0,192.168.1.4,21.0,tcp,10.37514305114746,148.0,188.0,SF,1.0,1.0,0.0,ShAdDafFr,18.0,1092.0,17.0,1056.0,FTP
1720727925.542925,C72Taj2W7PEmXoUQA7,192.168.1.4,33648.0,162.247.243.29,443.0,tcp,283.2129201889038,5576.0,5480.0,SF,1.0,0.0,0.0,ShADadFRf,22.0,6704.0,21.0,6580.0,HTTPS
1720728094.359767,ChfzIEODovgjVSgKc,192.168.1.4,35702.0,192.168.1.1,53.0,udp,0.028990983963012,45.0,875.0,SF,1.0,1.0,0.0,Dd,1.0,73.0,1.0,903.0,DNS
1720731089.781092,CjhnJX12QF2bouJWih,192.168.1.6,51628.0,192.168.1.4,21.0,tcp,8.91582703590393,117.0,188.0,SF,1.0,1.0,0.0,ShAdDafFr,18.0,1061.0,17.0,1056.0,FTP
1720728158.828707,CwpK543LgLjvhWSK4b,192.168.1.6,47796.0,192.168.1.4,21.0,tcp,9.59453797340393,117.0,188.0,SF,1.0,1.0,0.0,ShAdDafrF,18.0,1061.0,17.0,1056.0,FTP
1720727765.78218,COlTWc27uuNeqhLfsb,192.168.1.4,51839.0,192.168.1.1,53.0,udp,0.02686595916748,127.0,127.0,SF,1.0,1.0,0.0,Dd,3.0,211.0,3.0,211.0,DNS
1720730584.810203,CfaAA63ccrYBiybGL,192.168.1.6,34928.0,192.168.1.4,21.0,tcp,10.06566286087036,122.0,188.0,SF,1.0,1.0,0.0,ShAdDafFr,18.0,1066.0,17.0,1056.0,FTP
1720727793.540649,CL6gm33nvJORW21dJb,192.168.1.4,45860.0,142.251.41.3,443.0,tcp,240.0885090827942,2456.0,226765.0,SF,1.0,0.0,0.0,ShADadFf,90.0,7144.0,154.0,234781.0,HTTPS
1720731433.059617,Csnn6tf0RotaQsShk,192.168.1.6,52940.0,192.168.1.4,21.0,tcp,11.113791942596436,160.0,188.0,SF,1.0,1.0,0.0,ShAdDafrF,18.0,1104.0,17.0,1056.0,FTP
1720730780.600057,C2eGO33XcUO0a6tpv9,192.168.1.6,58088.0,192.168.1.4,21.0,tcp,9.464256048202516,133.0,188.0,SF,1.0,1.0,0.0,ShAdDafrF,18.0,1077.0,17.0,1056.0,FTP
1720729462.880836,C0nOKs3EwziyyGsDYe,192.168.1.6,56540.0,192.168.1.4,21.0,tcp,10.779372930526732,140.0,188.0,SF,1.0,1.0,0.0,ShAdDafrF,18.0,1084.0,17.0,1056.0,FTP
1720731276.336496,CRybxY2K8BMcPC4pp5,192.168.1.6,39870.0,192.168.1.4,21.0,tcp,10.600623846054075,174.0,188.0,SF,1.0,1.0,0.0,ShAdDafrF,18.0,1118.0,17.0,1056.0,FTP
1720728186.398418,CbG53gi7UcAKy6f2c,192.168.1.4,40848.0,192.168.1.1,53.0,udp,10.600623846054075,174.0,188.0,SF,1.0,1.0,0.0,ShAdDafrF,18.0,1118.0,17.0,1056.0,DNS
1720727824.873725,CAXAts45KkMzJyHNrj,192.168.1.4,37306.0,142.251.41.3,443.0,udp,10.600623846054075,174.0,188.0,SF,1.0,1.0,0.0,ShAdDafrF,18.0,1118.0,17.0,1056.0,HTTPS
1720730063.657411,CCyfVSJC3n3Tvc21,192.168.1.6,51180.0,192.168.1.4,21.0,tcp,10.172045946121216,133.0,188.0,SF,1.0,1.0,0.0,ShAdDafrF,18.0,1077.0,17.0,1056.0,FTP
1720729356.286403,CWzaVc4i7Ztuy8MUd6,192.168.1.6,48476.0,192.168.1.4,21.0,tcp,9.914069175720217,117.0,188.0,SF,1.0,1.0,0.0,ShAdDafrF,18.0,1061.0,17.0,1056.0,FTP
1720729410.676942,CWazPk3zosMmaMXSv,192.168.1.6,36852.0,192.168.1.4,21.0,tcp,9.62200689315796,118.0,188.0,SF,1.0,1.0,0.0,ShAdDafrF,18.0,1062.0,17.0,1056.0,FTP
1720728026.543692,CvOJiP1V4LpIriS6Td,192.168.1.4,54370.0,142.251.40.238,443.0,tcp,9.62200689315796,118.0,188.0,SF,1.0,1.0,0.0,IIZiishH,18.0,1062.0,17.0,1056.0,HTTPS
1720729095.775094,ClQRWY39EeLaViXeGh,192.168.1.6,41550.0,192.168.1.4,21.0,tcp,10.96970796585083,130.0,188.0,SF,1.0,1.0,0.0,ShAdDafrF,18.0,1074.0,17.0,1056.0,FTP
1720730373.122221,CIcKiB2OpnkdzEn64c,192.168.1.6,33370.0,192.168.1.4,21.0,tcp,10.23197889328003,135.0,188.0,SF,1.0,1.0,0.0,ShAdDafrF,18.0,1079.0,17.0,1056.0,FTP
1720727914.258238,CuRvzf2j9taDqszCYf,192.168.1.4,59902.0,192.168.1.1,53.0,udp,10.23197889328003,135.0,188.0,SF,1.0,1.0,0.0,ShAdDafrF,18.0,1079.0,17.0,1056.0,DNS
1720727793.225746,C9jijNqjxwLXRH3x8,192.168.1.4,40153.0,192.168.1.1,53.0,udp,10.23197889328003,135.0,188.0,SF,1.0,1.0,0.0,ShAdDafrF,18.0,1079.0,17.0,1056.0,DNS
1720730224.246995,CPj9xv258UvVj99Kzd,192.168.1.6,47072.0,192.168.1.4,21.0,tcp,10.866497039794922,135.0,188.0,SF,1.0,1.0,0.0,ShAdDafrF,18.0,1079.0,17.0,1056.0,FTP
1720730367.934875,CZev8H1Rkxu4Li7Afi,192.168.1.6,44802.0,192.168.1.4,21.0,tcp,10.853518962860107,121.0,188.0,SF,1.0,1.0,0.0,ShAdDafrF,18.0,1065.0,17.0,1056.0,FTP
1720728130.110913,Ccmydy22zmcJ5ANrG8,192.168.1.6,46906.0,192.168.1.4,21.0,tcp,9.652329921722412,117.0,188.0,SF,1.0,1.0,0.0,ShAdDafrF,18.0,1061.0,17.0,1056.0,FTP
1720731569.829047,CTyzcQ21wqELq3S4q2,192.168.1.6,39862.0,192.168.1.4,21.0,tcp,9.603517055511476,142.0,188.0,SF,1.0,1.0,0.0,ShAdDafrF,18.0,1086.0,17.0,1056.0,FTP
1720729759.727474,CT0MV83RD1UXpFpgH7,192.168.1.6,43652.0,192.168.1.4,21.0,tcp,9.62330198287964,123.0,188.0,SF,1.0,1.0,0.0,ShAdDafrF,18.0,1067.0,17.0,1056.0,FTP
1720728884.47422,CVDLdr923CSi0hSkd,192.168.1.6,55458.0,192.168.1.4,21.0,tcp,9.127420902252195,160.0,188.0,SF,1.0,1.0,0.0,ShAdDafrF,18.0,1104.0,17.0,1056.0,FTP
1720729642.362556,CifWi323CG3WcH2XIh,192.168.1.6,47634.0,192.168.1.4,21.0,tcp,9.838748931884766,121.0,188.0,SF,1.0,1.0,0.0,ShAdDafFr,18.0,1065.0,17.0,1056.0,FTP
1720727915.696339,CzC0OI2u9QKaPeOHnc,192.168.1.4,40726.0,18.238.4.5,443.0,tcp,0.050159215927124,1851.0,5006.0,SF,1.0,0.0,0.0,ShADadFRfR,11.0,2395.0,9.0,5482.0,HTTPS
1720727916.092238,CePmAUOqZhr2oNNf9,192.168.1.6,39954.0,192.168.1.4,21.0,tcp,11.13106107711792,117.0,188.0,SF,1.0,1.0,0.0,ShAdDafrF,18.0,1061.0,17.0,1056.0,FTP
1720730738.071974,CByfPi3uKXwSilEK86,192.168.1.6,52460.0,192.168.1.4,21.0,tcp,10.33951997756958,137.0,188.0,SF,1.0,1.0,0.0,ShAdDafrF,18.0,1081.0,17.0,1056.0,FTP
1720728156.385292,Chvso220t60i9u3Yhe,192.168.1.4,53118.0,192.168.1.1,53.0,udp,10.33951997756958,137.0,188.0,SF,1.0,1.0,0.0,ShAdDafrF,18.0,1081.0,17.0,1056.0,DNS
1720727884.931262,C8KYnR2ouEw3FzVZXc,192.168.1.4,52461.0,192.168.1.1,53.0,udp,0.025973081588745,41.0,310.0,SF,1.0,1.0,0.0,Dd,1.0,69.0,1.0,338.0,DNS
1720728245.135862,CeblaF31PFaRL4Sxm6,192.168.1.4,35350.0,192.168.1.1,53.0,udp,0.020351886749267,58.0,131.0,SF,1.0,1.0,0.0,Dd,1.0,86.0,1.0,159.0,DNS
1720727946.307598,CpVzAN3GhHZ0H8TjHj,192.168.1.4,45092.0,192.168.1.1,53.0,udp,0.020351886749267,58.0,131.0,SF,1.0,1.0,0.0,Dd,1.0,86.0,1.0,159.0,DNS
1720730686.826321,CCl9e12Uqik0caRg8i,192.168.1.6,33136.0,192.168.1.4,21.0,tcp,11.023766040802002,126.0,188.0,SF,1.0,1.0,0.0,ShAdDafrF,18.0,1070.0,17.0,1056.0,FTP
1720728245.964148,CAvDRx2oBESzyn58E7,192.168.1.6,50800.0,192.168.1.4,21.0,tcp,11.014526844024658,118.0,188.0,SF,1.0,1.0,0.0,ShAdDafrF,18.0,1062.0,17.0,1056.0,FTP
1720728096.467568,CVX4Z32zyPAL2FAiK2,192.168.1.4,59410.0,192.168.1.1,53.0,udp,11.014526844024658,118.0,188.0,SF,1.0,1.0,0.0,ShAdDafrF,18.0,1062.0,17.0,1056.0,DNS
1720729871.141341,CaJgWf4O4sHTkoRne5,192.168.1.6,51938.0,192.168.1.4,21.0,tcp,9.956382036209106,122.0,188.0,SF,1.0,1.0,0.0,ShAdDafrF,18.0,1066.0,17.0,1056.0,FTP
1720727768.683475,C0FgWV31rBgeYeGmn6,192.168.1.6,53418.0,192.168.1.4,21.0,tcp,8.703450918197632,118.0,188.0,SF,1.0,1.0,0.0,ShAdDafrF,18.0,1062.0,17.0,1056.0,FTP
1720728245.141205,CYuQHfwEpS0Jc6dV1,192.168.1.4,39867.0,192.168.1.1,53.0,udp,8.703450918197632,118.0,188.0,SF,1.0,1.0,0.0,ShAdDafrF,18.0,1062.0,17.0,1056.0,DNS
1720730825.030209,C4SJ0vZaPSJqtCkAa,192.168.1.6,34244.0,192.168.1.4,21.0,tcp,9.57109785079956,124.0,188.0,SF,1.0,1.0,0.0,ShAdDafrF,18.0,1068.0,17.0,1056.0,FTP
1720729432.422043,Czs5Oc1vVeIOlRxByf,192.168.1.4,50849.0,192.168.1.1,53.0,udp,9.57109785079956,124.0,188.0,SF,1.0,1.0,0.0,ShAdDafrF,18.0,1068.0,17.0,1056.0,DNS
1720728305.844419,CWjBoP1T0ROW2EVqc1,192.168.1.4,49300.0,35.245.15.98,443.0,tcp,20.05006694793701,2413.0,4914.0,SF,1.0,0.0,0.0,ShADadfF,13.0,3097.0,11.0,5494.0,HTTPS
1720731370.965741,CJryjv32mUzbuNsiNh,192.168.1.6,56838.0,192.168.1.4,21.0,tcp,10.919000148773192,151.0,188.0,SF,1.0,1.0,0.0,ShAdDafrF,18.0,1095.0,17.0,1056.0,FTP
1720728305.102855,C1nzSj4havobGO1Sj9,192.168.1.4,56658.0,192.168.1.1,53.0,udp,0.016361951828002,37.0,222.0,SF,1.0,1.0,0.0,Dd,1.0,65.0,1.0,250.0,DNS
1720730961.289313,CPB90A1nlrclf4tMyh,192.168.1.6,51466.0,192.168.1.4,21.0,tcp,10.080030918121338,119.0,188.0,SF,1.0,1.0,0.0,ShAdDafrF,18.0,1063.0,17.0,1056.0,FTP
1720731633.746239,ChpHs51n07zPtLnzTe,192.168.1.6,42174.0,192.168.1.4,21.0,tcp,9.43955111503601,180.0,188.0,SF,1.0,1.0,0.0,ShAdDafrF,18.0,1124.0,17.0,1056.0,FTP
1720729681.217827,CozKk54m7CaQYAWMb3,192.168.1.6,54750.0,192.168.1.4,21.0,tcp,9.90312886238098,130.0,188.0,SF,1.0,1.0,0.0,ShAdDafrF,18.0,1074.0,17.0,1056.0,FTP
1720727974.160527,CA7xIbGgrjXXhMwD7,192.168.1.4,38154.0,204.235.147.206,443.0,tcp,9.90312886238098,130.0,188.0,SF,1.0,1.0,0.0,ShAdDafrF,18.0,1074.0,17.0,1056.0,HTTPS
1720728906.088278,CPsYjW3rcrMlhIxMu9,192.168.1.6,43452.0,192.168.1.4,21.0,tcp,9.112342834472656,166.0,188.0,SF,1.0,1.0,0.0,ShAdDafrF,18.0,1110.0,17.0,1056.0,FTP
1720728865.519225,CiZ3yv27K4zvDqm56,192.168.1.6,52334.0,192.168.1.4,21.0,tcp,9.937013149261476,157.0,188.0,SF,1.0,1.0,0.0,ShAdDafrF,18.0,1101.0,17.0,1056.0,FTP
1720728273.064175,C9N7Gz3OC2sIpJxF88,192.168.1.4,33863.0,192.168.1.1,53.0,udp,9.937013149261476,157.0,188.0,SF,1.0,1.0,0.0,ShAdDafrF,18.0,1101.0,17.0,1056.0,DNS
1720728034.681262,C5gLuB1qobpE8pouV4,192.168.1.4,58146.0,192.229.163.25,443.0,udp,9.937013149261476,157.0,188.0,SF,1.0,1.0,0.0,ShAdDafrF,18.0,1101.0,17.0,1056.0,HTTPS
1720727676.414981,CcZ9fp4BPh0TqLo4Re,192.168.1.4,47622.0,13.107.253.40,443.0,tcp,90.08124709129332,3033.0,6366.0,SF,1.0,0.0,0.0,ShADadfF,17.0,3925.0,19.0,7362.0,HTTPS
1720731362.835958,CQ3GtB2vRJzDOnQO8,192.168.1.6,35824.0,192.168.1.4,21.0,tcp,10.136511087417604,162.0,188.0,SF,1.0,1.0,0.0,ShAdDafrF,18.0,1106.0,17.0,1056.0,FTP
1720729690.259726,CRX2KC4KRG8IGU1z25,192.168.1.6,56054.0,192.168.1.4,21.0,tcp,9.470788955688477,109.0,188.0,SF,1.0,1.0,0.0,ShAdDafrF,18.0,1053.0,17.0,1056.0,FTP
1720729631.428532,CScT6ylCHNSke3bIb,192.168.1.6,32958.0,192.168.1.4,21.0,tcp,10.105461120605469,122.0,188.0,SF,1.0,1.0,0.0,ShAdDafrF,18.0,1066.0,17.0,1056.0,FTP
1720731938.04606,Cr1kd25q8RGrDHmt7,192.168.1.6,33082.0,192.168.1.4,21.0,tcp,9.779034852981567,156.0,188.0,SF,1.0,1.0,0.0,ShAdDafrF,18.0,1100.0,17.0,1056.0,FTP
1720729956.383279,CYsuhh4OoUeb5sCxW2,192.168.1.6,48466.0,192.168.1.4,21.0,tcp,10.306497812271118,128.0,188.0,SF,1.0,1.0,0.0,ShAdDafrF,18.0,1072.0,17.0,1056.0,FTP
1720729871.089894,CsMVUM2gzuv3BWT459,192.168.1.6,51928.0,192.168.1.4,21.0,tcp,9.932445049285889,127.0,188.0,SF,1.0,1.0,0.0,ShAdDafrF,18.0,1071.0,17.0,1056.0,FTP
1720728320.880815,CwjE0g3nn9gjNz6w4c,192.168.1.6,35712.0,192.168.1.4,21.0,tcp,10.4542338848114,118.0,188.0,SF,1.0,1.0,0.0,ShAdDafrF,18.0,1062.0,17.0,1056.0,FTP
1720729749.051808,CUnVKr4tkpuXKceOBi,192.168.1.6,60732.0,192.168.1.4,21.0,tcp,10.2495858669281,115.0,188.0,SF,1.0,1.0,0.0,ShAdDafrF,18.0,1059.0,17.0,1056.0,FTP
1720727764.952047,C3INaW2X9d777Qv8De,192.168.1.4,49350.0,35.244.154.8,443.0,tcp,10.2495858669281,115.0,188.0,SF,1.0,1.0,0.0,IIiishhhHH,18.0,1059.0,17.0,1056.0,HTTPS
1720727884.50728,C76cT6QeNYDTHwRW5,192.168.1.4,59217.0,192.168.1.1,53.0,udp,0.03833794593811,51.0,154.0,SF,1.0,1.0,0.0,Dd,1.0,79.0,1.0,182.0,DNS
1720729548.475432,CkbjUz49FjK0V8VrG1,192.168.1.6,48940.0,192.168.1.4,21.0,tcp,9.932047128677368,137.0,188.0,SF,1.0,1.0,0.0,ShAdDafrF,18.0,1081.0,17.0,1056.0,FTP
1720731640.444898,COdiZR3YuOiGBSRWva,192.168.1.6,42244.0,192.168.1.4,21.0,tcp,9.234783172607422,162.0,188.0,SF,1.0,1.0,0.0,ShAdDafFr,18.0,1106.0,17.0,1056.0,FTP
1720730485.501367,CSrhhz1Dac6Ww2uhZ6,192.168.1.6,48656.0,192.168.1.4,21.0,tcp,9.49855089187622,129.0,188.0,SF,1.0,1.0,0.0,ShAdDafFr,18.0,1073.0,17.0,1056.0,FTP
1720728120.059596,Cr8ndq1waLKPUD7SNe,192.168.1.6,53738.0,192.168.1.4,21.0,tcp,9.84473705291748,118.0,188.0,SF,1.0,1.0,0.0,ShAdDafrF,18.0,1062.0,17.0,1056.0,FTP
1720727916.238348,CMPKXl1Q9SdKlixuz,192.168.1.4,51828.0,192.168.1.1,53.0,udp,0.043766975402832,50.0,135.0,SF,1.0,1.0,0.0,Dd,1.0,78.0,1.0,163.0,DNS
1720730179.887654,CD5Ccv1lkSffjfjD3h,192.168.1.6,44982.0,192.168.1.4,21.0,tcp,10.749759912490845,137.0,188.0,SF,1.0,1.0,0.0,ShAdDafrF,18.0,1081.0,17.0,1056.0,FTP
1720728792.17874,CSvhKK2Dn9Jc148L37,192.168.1.6,33994.0,192.168.1.4,21.0,tcp,10.570600032806396,122.0,188.0,SF,1.0,1.0,0.0,ShAdDafFr,18.0,1066.0,17.0,1056.0,FTP
1720728496.191406,COMme93ysh63XFZUfk,192.168.1.6,54838.0,192.168.1.4,21.0,tcp,10.190996885299684,118.0,188.0,SF,1.0,1.0,0.0,ShAdDafrF,18.0,1062.0,17.0,1056.0,FTP
1720728433.233953,CaK30m3hsJEfySytEi,192.168.1.4,45193.0,192.168.1.1,53.0,udp,0.001342058181762,58.0,418.0,SF,1.0,1.0,0.0,Dd,1.0,86.0,1.0,446.0,DNS
1720730059.483558,C9GAAa4582gmbVwknb,192.168.1.6,54840.0,192.168.1.4,21.0,tcp,9.382842063903809,136.0,188.0,SF,1.0,1.0,0.0,ShAdDafrF,18.0,1080.0,17.0,1056.0,FTP
1720727884.793653,CnoEFD4qWcQmw5gEf7,192.168.1.4,47478.0,13.107.21.237,443.0,tcp,9.382842063903809,136.0,188.0,SF,1.0,1.0,0.0,ShAdDafrF,18.0,1080.0,17.0,1056.0,HTTPS
1720728186.388229,CfdkU53ZJ00r4uI8yl,192.168.1.4,44386.0,192.168.1.1,53.0,udp,9.382842063903809,136.0,188.0,SF,1.0,1.0,0.0,ShAdDafrF,18.0,1080.0,17.0,1056.0,DNS
1720728124.630783,CANpQK137baOH2BgX9,192.168.1.4,39108.0,18.238.4.35,443.0,tcp,84.12606382369995,10204.0,282158.0,SF,1.0,0.0,0.0,ShADadtFf,87.0,14736.0,143.0,289602.0,HTTPS
1720729432.334339,CD3eHd4QCVEoM5C6Me,192.168.1.4,34483.0,192.168.1.1,53.0,udp,84.12606382369995,10204.0,282158.0,SF,1.0,0.0,0.0,ShADadtFf,87.0,14736.0,143.0,289602.0,DNS
1720728306.004912,CJzcENuQSSliBYk71,192.168.1.4,50614.0,31.13.71.7,443.0,udp,84.12606382369995,10204.0,282158.0,SF,1.0,0.0,0.0,ShADadtFf,87.0,14736.0,143.0,289602.0,HTTPS
1720730752.925767,CovZimvhP3HsoD9U5,192.168.1.6,60588.0,192.168.1.4,21.0,tcp,9.925591945648192,127.0,188.0,SF,1.0,1.0,0.0,ShAdDafrF,18.0,1071.0,17.0,1056.0,FTP
1720731616.14297,CGuO1t2s6bEh55XgIf,192.168.1.6,45146.0,192.168.1.4,21.0,tcp,9.34876799583435,188.0,188.0,SF,1.0,1.0,0.0,ShAdDafFr,18.0,1132.0,17.0,1056.0,FTP
1720728154.604458,C72uaM3SRyiaW94Zdb,192.168.1.4,33610.0,104.16.40.28,443.0,tcp,9.34876799583435,188.0,188.0,SF,1.0,1.0,0.0,ShAdDafFr,18.0,1132.0,17.0,1056.0,HTTPS
1720727876.231057,C6dT4K11olp4x9eVXc,192.168.1.6,46362.0,192.168.1.4,21.0,tcp,9.037606000900269,118.0,188.0,SF,1.0,1.0,0.0,ShAdDafrF,18.0,1062.0,17.0,1056.0,FTP
1720727915.501753,CUV8kSUjAcnUMP0Fh,192.168.1.4,49806.0,192.168.1.1,53.0,udp,0.022873878479003,45.0,246.0,SF,1.0,1.0,0.0,Dd,1.0,73.0,1.0,274.0,DNS
1720729382.858499,CCGOfl2npx6b1hhc2k,192.168.1.6,47920.0,192.168.1.4,21.0,tcp,10.181524991989136,119.0,188.0,SF,1.0,1.0,0.0,ShAdDafrF,18.0,1063.0,17.0,1056.0,FTP
1720730201.349591,Ci4jZT1zAkNtCXJ23i,192.168.1.6,45158.0,192.168.1.4,21.0,tcp,10.189321041107178,124.0,188.0,SF,1.0,1.0,0.0,ShAdDafrF,18.0,1068.0,17.0,1056.0,FTP
1720727958.10171,CdUDZs37eQOglEW5M4,192.168.1.6,56528.0,192.168.1.4,21.0,tcp,11.092765808105469,117.0,188.0,SF,1.0,1.0,0.0,ShAdDafrF,18.0,1061.0,17.0,1056.0,FTP
1720728271.86687,Cxj0t24rdLTYEossbb,192.168.1.4,45518.0,192.168.1.1,53.0,udp,0.016303062438964,70.0,340.0,SF,1.0,1.0,0.0,Dd,1.0,98.0,1.0,368.0,DNS
1720729848.571836,Ct2Ggt2ZedBGTXm74c,192.168.1.6,41796.0,192.168.1.4,21.0,tcp,9.676286935806274,121.0,188.0,SF,1.0,1.0,0.0,ShAdDafrF,18.0,1065.0,17.0,1056.0,FTP
1720728983.134215,CChWLN1eW21jc75P14,192.168.1.6,33984.0,192.168.1.4,21.0,tcp,10.094628810882568,118.0,188.0,SF,1.0,1.0,0.0,ShAdDafFr,18.0,1062.0,17.0,1056.0,FTP
1720731464.417004,CFFs7sQsU8IPBN7oh,192.168.1.6,56650.0,192.168.1.4,21.0,tcp,10.68861484527588,156.0,188.0,SF,1.0,1.0,0.0,ShAdDafFr,18.0,1100.0,17.0,1056.0,FTP
1720728193.080378,Cuz6PB450HukHBQp4b,192.168.1.6,53774.0,192.168.1.4,21.0,tcp,10.072479963302612,118.0,188.0,SF,1.0,1.0,0.0,ShAdDafFr,18.0,1062.0,17.0,1056.0,FTP
1720731695.817046,CY2AIt1BYhoVgsOEB,192.168.1.6,35550.0,192.168.1.4,21.0,tcp,10.42290210723877,167.0,188.0,SF,1.0,1.0,0.0,ShAdDafFr,18.0,1111.0,17.0,1056.0,FTP
1720729185.568136,CvEHZo49HluEjU4wfc,192.168.1.6,50080.0,192.168.1.4,21.0,tcp,10.56877899169922,131.0,188.0,SF,1.0,1.0,0.0,ShAdDafrF,18.0,1075.0,17.0,1056.0,FTP
1720727915.70304,CIlCP69DCbeAXVJk,192.168.1.4,51600.0,192.168.1.1,53.0,udp,10.56877899169922,131.0,188.0,SF,1.0,1.0,0.0,ShAdDafrF,18.0,1075.0,17.0,1056.0,DNS
1720729337.360628,CtVwSn2UX1aEl5xC1k,192.168.1.6,50748.0,192.168.1.4,21.0,tcp,10.375081062316896,128.0,188.0,SF,1.0,1.0,0.0,ShAdDafrF,18.0,1072.0,17.0,1056.0,FTP
1720730505.350283,CZxWfP3ImhaQJaEyWb,192.168.1.6,60810.0,192.168.1.4,21.0,tcp,9.928126096725464,127.0,188.0,SF,1.0,1.0,0.0,ShAdDafrF,18.0,1071.0,17.0,1056.0,FTP
1720730426.921431,CUELV4wgbAk4mU99a,192.168.1.6,58828.0,192.168.1.4,21.0,tcp,9.346148014068604,127.0,188.0,SF,1.0,1.0,0.0,ShAdDafrF,18.0,1071.0,17.0,1056.0,FTP
1720728155.275732,CrO1zj3i7ADWT5AZrj,192.168.1.4,48803.0,192.168.1.1,53.0,udp,9.346148014068604,127.0,188.0,SF,1.0,1.0,0.0,ShAdDafrF,18.0,1071.0,17.0,1056.0,DNS
1720728097.273204,CuolJ84L1vF9wXqAw6,192.168.1.4,44248.0,45.60.73.43,443.0,udp,9.346148014068604,127.0,188.0,SF,1.0,1.0,0.0,ShAdDafrF,18.0,1071.0,17.0,1056.0,HTTPS
1720728219.935796,CAdqvS3OgpIDnDxR92,192.168.1.4,34101.0,192.168.1.1,53.0,udp,9.346148014068604,127.0,188.0,SF,1.0,1.0,0.0,ShAdDafrF,18.0,1071.0,17.0,1056.0,DNS
1720728125.057297,CrIDi54QmAR8kjnFk9,192.168.1.4,50341.0,172.64.154.159,443.0,udp,9.346148014068604,127.0,188.0,SF,1.0,1.0,0.0,ShAdDafrF,18.0,1071.0,17.0,1056.0,HTTPS
1720729504.320671,CXo8Fv1yaalHFBiig6,192.168.1.6,39522.0,192.168.1.4,21.0,tcp,10.68099284172058,129.0,188.0,SF,1.0,1.0,0.0,ShAdDafrF,18.0,1073.0,17.0,1056.0,FTP
1720731544.874788,CqfZvC49lGiKQvBCIl,192.168.1.6,39648.0,192.168.1.4,21.0,tcp,9.781636953353882,142.0,188.0,SF,1.0,1.0,0.0,ShAdDafrF,18.0,1086.0,17.0,1056.0,FTP
1720730813.058829,Cz2vvH21OpiIC6ZqS3,192.168.1.6,54104.0,192.168.1.4,21.0,tcp,9.292662858963013,134.0,188.0,SF,1.0,1.0,0.0,ShAdDafrF,18.0,1078.0,17.0,1056.0,FTP
1720728305.133972,CtXLkd4d4O0yY7LgXb,192.168.1.4,56553.0,192.168.1.1,53.0,udp,9.292662858963013,134.0,188.0,SF,1.0,1.0,0.0,ShAdDafrF,18.0,1078.0,17.0,1056.0,DNS
1720731891.013248,CbcfLxzKLti4AmxV6,192.168.1.6,59824.0,192.168.1.4,21.0,tcp,10.412879943847656,155.0,188.0,SF,1.0,1.0,0.0,ShAdDafrF,18.0,1099.0,17.0,1056.0,FTP
1720730692.699933,CR2oN8IJEymaX3pG4,192.168.1.6,33240.0,192.168.1.4,21.0,tcp,10.21725296974182,128.0,188.0,SF,1.0,1.0,0.0,ShAdDafrF,18.0,1072.0,17.0,1056.0,FTP
1720729272.904151,CwX5uY3V563LnkjSCj,192.168.1.6,34460.0,192.168.1.4,21.0,tcp,9.400989055633543,123.0,188.0,SF,1.0,1.0,0.0,ShAdDafrF,18.0,1067.0,17.0,1056.0,FTP
1720729657.823989,Ca7R9w1ltCTtzB9Zc2,192.168.1.6,55780.0,192.168.1.4,21.0,tcp,9.614500045776367,121.0,188.0,SF,1.0,1.0,0.0,ShAdDafrF,18.0,1065.0,17.0,1056.0,FTP
1720728207.013704,Chpjab5OrzyKhQt79,192.168.1.6,43848.0,192.168.1.4,21.0,tcp,9.361250877380373,118.0,188.0,SF,1.0,1.0,0.0,ShAdDafrF,18.0,1062.0,17.0,1056.0,FTP
1720728078.307453,C792mA3A2alNb2pyG4,192.168.1.4,43815.0,192.168.1.1,53.0,udp,0.016088008880615,48.0,266.0,SF,1.0,1.0,0.0,Dd,1.0,76.0,1.0,294.0,DNS
1720731604.858032,Ceox9d3ta4had5cOu3,192.168.1.6,37944.0,192.168.1.4,21.0,tcp,9.488318920135498,162.0,188.0,SF,1.0,1.0,0.0,ShAdDafrF,18.0,1106.0,17.0,1056.0,FTP
1720728856.299597,CrxrORLxAO36oPfNk,192.168.1.6,50674.0,192.168.1.4,21.0,tcp,9.308878898620604,144.0,188.0,SF,1.0,1.0,0.0,ShAdDafrF,18.0,1088.0,17.0,1056.0,FTP
1720731320.77837,CjP9qC2QQokFe4uaX,192.168.1.6,34716.0,192.168.1.4,21.0,tcp,9.567686080932615,154.0,188.0,SF,1.0,1.0,0.0,ShAdDafrF,18.0,1098.0,17.0,1056.0,FTP
1720727793.433462,CDE7tehikVuWkx3fj,192.168.1.4,52767.0,192.168.1.1,53.0,udp,0.016021013259887,46.0,106.0,SF,1.0,1.0,0.0,Dd,1.0,74.0,1.0,134.0,DNS
1720727642.913418,C50yvK2FJ6c0JIvM8c,192.168.1.4,37088.0,23.205.106.154,443.0,tcp,300.8368330001831,3178.0,56768.0,SF,1.0,0.0,0.0,ShADadFfR,33.0,4878.0,40.0,58856.0,HTTPS
1720730359.929088,C11JW9FXKE11n6n9f,192.168.1.6,56802.0,192.168.1.4,21.0,tcp,9.074877977371216,136.0,188.0,SF,1.0,1.0,0.0,ShAdDafrF,18.0,1080.0,17.0,1056.0,FTP
1720728336.187878,Cs7lUR1Z51gn0qyGda,192.168.1.4,53339.0,192.168.1.1,53.0,udp,9.074877977371216,136.0,188.0,SF,1.0,1.0,0.0,ShAdDafrF,18.0,1080.0,17.0,1056.0,DNS
1720731763.561651,CAzPGG1XkYlaw6qSAf,192.168.1.6,47936.0,192.168.1.4,21.0,tcp,10.452999114990234,165.0,188.0,SF,1.0,1.0,0.0,ShAdDafrF,18.0,1109.0,17.0,1056.0,FTP
1720729858.248292,CmJNIhcWGMRtU7Nw8,192.168.1.6,47870.0,192.168.1.4,21.0,tcp,10.60124897956848,137.0,188.0,SF,1.0,1.0,0.0,ShAdDafrF,18.0,1081.0,17.0,1056.0,FTP
1720730348.678439,Cf6gD74F50i46Tn5Hb,192.168.1.6,48976.0,192.168.1.4,21.0,tcp,10.359961032867432,135.0,188.0,SF,1.0,1.0,0.0,ShAdDafrF,18.0,1079.0,17.0,1056.0,FTP
1720730404.334689,CmC6P13PyDvF0v5R4h,192.168.1.6,55352.0,192.168.1.4,21.0,tcp,10.322986125946043,123.0,188.0,SF,1.0,1.0,0.0,ShAdDafrF,18.0,1067.0,17.0,1056.0,FTP
1720728433.924591,CysPLO3oGTCeBltPAj,192.168.1.6,44156.0,192.168.1.4,21.0,tcp,10.327767848968506,118.0,188.0,SF,1.0,1.0,0.0,ShAdDafrF,18.0,1062.0,17.0,1056.0,FTP
1720728186.603161,CygXXPhpDnD2j0SRe,192.168.1.4,54362.0,192.168.1.1,53.0,udp,10.327767848968506,118.0,188.0,SF,1.0,1.0,0.0,ShAdDafrF,18.0,1062.0,17.0,1056.0,DNS
1720728492.028665,CBOi7B2Qzeq8QYTezl,192.168.1.6,36428.0,192.168.1.4,21.0,tcp,10.078336000442505,118.0,188.0,SF,1.0,1.0,0.0,ShAdDafrF,18.0,1062.0,17.0,1056.0,FTP
1720729556.871645,Cd6IXj4zilikFc5wKb,192.168.1.6,56750.0,192.168.1.4,21.0,tcp,10.037126064300535,113.0,188.0,SF,1.0,1.0,0.0,ShAdDafFr,18.0,1057.0,17.0,1056.0,FTP
1720729347.804615,C122E74HZyaowiNjjh,192.168.1.6,32936.0,192.168.1.4,21.0,tcp,9.955257892608644,122.0,188.0,SF,1.0,1.0,0.0,ShAdDafrF,18.0,1066.0,17.0,1056.0,FTP
1720728211.804007,C322vj1l3AbGrIp5z3,192.168.1.4,43281.0,192.168.1.1,53.0,udp,9.955257892608644,122.0,188.0,SF,1.0,1.0,0.0,ShAdDafrF,18.0,1066.0,17.0,1056.0,DNS
1720730327.641068,CxobMe1jiU3GNDcS0a,192.168.1.6,57456.0,192.168.1.4,21.0,tcp,10.226782083511353,125.0,188.0,SF,1.0,1.0,0.0,ShAdDafrF,18.0,1069.0,17.0,1056.0,FTP
1720727666.484327,Cny4ck4AhNzw9VoEv4,192.168.1.4,45844.0,72.21.81.200,80.0,tcp,227.66508603096008,2634.0,230089.0,RSTR,1.0,0.0,0.0,ShADadtfr,81.0,6854.0,98.0,235181.0,HTTP
1720728003.96066,CwWcBk0VaL3Q4YOF4,192.168.1.4,45454.0,104.16.148.244,443.0,tcp,60.24098491668701,2084.0,1903.0,SF,1.0,0.0,0.0,ShADadFf,9.0,2560.0,7.0,2275.0,HTTPS
1720729073.187331,CmWFyMrYS69EOx8Ze,192.168.1.6,48992.0,192.168.1.4,21.0,tcp,10.626322984695436,131.0,188.0,SF,1.0,1.0,0.0,ShAdDafrF,18.0,1075.0,17.0,1056.0,FTP
1720731889.727589,CS4G9z1FQebodUr8eb,192.168.1.6,59818.0,192.168.1.4,21.0,tcp,9.5387761592865,172.0,188.0,SF,1.0,1.0,0.0,ShAdDafrF,18.0,1116.0,17.0,1056.0,FTP
1720729834.133511,C1KNwv1py4ECPHCp8l,192.168.1.6,43402.0,192.168.1.4,21.0,tcp,11.038651943206789,138.0,188.0,SF,1.0,1.0,0.0,ShAdDafFr,18.0,1082.0,17.0,1056.0,FTP
1720731554.65672,CCMmgY3taYA2kGLst3,192.168.1.6,35510.0,192.168.1.4,21.0,tcp,9.89614200592041,142.0,188.0,SF,1.0,1.0,0.0,ShAdDafrF,18.0,1086.0,17.0,1056.0,FTP
1720728305.183465,CMFTS21Wbkaivf6JCc,192.168.1.4,44222.0,192.168.1.1,53.0,udp,0.002091884613037,86.0,168.0,SF,1.0,1.0,0.0,Dd,1.0,114.0,1.0,196.0,DNS
1720728245.220334,CSC5lhhukJzcG5mGc,192.168.1.4,57480.0,192.168.1.1,53.0,udp,0.002091884613037,86.0,168.0,SF,1.0,1.0,0.0,Dd,1.0,114.0,1.0,196.0,DNS
1720729942.694044,CcN0nQ1TuWW2pFk663,192.168.1.6,47804.0,192.168.1.4,21.0,tcp,10.348628997802734,130.0,188.0,SF,1.0,1.0,0.0,ShAdDafrF,18.0,1074.0,17.0,1056.0,FTP
1720731197.833575,CvEHQC25Wj18AvznZf,192.168.1.6,35214.0,192.168.1.4,21.0,tcp,9.548660039901732,117.0,188.0,SF,1.0,1.0,0.0,ShAdDafrF,18.0,1061.0,17.0,1056.0,FTP
1720727883.720415,CjYrZX3Z9Caij8uIDd,192.168.1.4,60178.0,192.168.1.1,53.0,udp,9.548660039901732,117.0,188.0,SF,1.0,1.0,0.0,ShAdDafrF,18.0,1061.0,17.0,1056.0,DNS
1720728187.084103,CKOfPD3fHwE9fe6Uo5,192.168.1.6,42710.0,192.168.1.4,21.0,tcp,10.112892866134644,117.0,188.0,SF,1.0,1.0,0.0,ShAdDafrF,18.0,1061.0,17.0,1056.0,FTP
1720729995.549253,CoxvNo3WVS3r1bY2Od,192.168.1.6,52114.0,192.168.1.4,21.0,tcp,10.98267912864685,128.0,188.0,SF,1.0,1.0,0.0,ShAdDafFr,18.0,1072.0,17.0,1056.0,FTP
1720730100.180031,C6cij31iiYYWPmw33g,192.168.1.6,48998.0,192.168.1.4,21.0,tcp,10.602186918258669,129.0,188.0,SF,1.0,1.0,0.0,ShAdDafrF,18.0,1073.0,17.0,1056.0,FTP
1720729911.303209,CeyKpVL9wTpvslDD9,192.168.1.6,43514.0,192.168.1.4,21.0,tcp,10.94872784614563,125.0,188.0,SF,1.0,1.0,0.0,ShAdDafFr,18.0,1069.0,17.0,1056.0,FTP
1720728096.389221,CzIWFZ2iWF6daPBzW5,192.168.1.4,56771.0,192.168.1.1,53.0,udp,0.024907112121582,56.0,101.0,SF,1.0,1.0,0.0,Dd,1.0,84.0,1.0,129.0,DNS
1720727924.309297,Cl7YibcZAMfD76Ctl,192.168.1.4,54498.0,192.168.1.1,53.0,udp,0.024907112121582,56.0,101.0,SF,1.0,1.0,0.0,Dd,1.0,84.0,1.0,129.0,DNS
1720731013.655811,CD4ZstrUMtHYXH89c,192.168.1.6,35492.0,192.168.1.4,21.0,tcp,11.388025045394896,125.0,188.0,SF,1.0,1.0,0.0,ShAdDafrF,18.0,1069.0,17.0,1056.0,FTP
1720731919.106738,CdVuvb2kNH819zM6ib,192.168.1.6,38576.0,192.168.1.4,21.0,tcp,8.814487934112549,159.0,188.0,SF,1.0,1.0,0.0,ShAdDafrF,18.0,1103.0,17.0,1056.0,FTP
1720727825.272235,CD00mI2BEX1ZHHk2q6,192.168.1.4,32978.0,192.168.1.1,53.0,udp,8.814487934112549,159.0,188.0,SF,1.0,1.0,0.0,ShAdDafrF,18.0,1103.0,17.0,1056.0,DNS
1720730574.718351,CqrmP53TJwGENHSRUd,192.168.1.6,39474.0,192.168.1.4,21.0,tcp,10.09172821044922,125.0,188.0,SF,1.0,1.0,0.0,ShAdDafFr,18.0,1069.0,17.0,1056.0,FTP
1720729535.506384,CZI9st2CwxAkdh9o19,192.168.1.6,37660.0,192.168.1.4,21.0,tcp,10.92187213897705,122.0,188.0,SF,1.0,1.0,0.0,ShAdDafFr,18.0,1066.0,17.0,1056.0,FTP
1720727891.308291,CUZGS12pSceV2Qx3k,192.168.1.4,59530.0,192.168.1.1,53.0,udp,10.92187213897705,122.0,188.0,SF,1.0,1.0,0.0,ShAdDafFr,18.0,1066.0,17.0,1056.0,DNS
1720731076.839397,C5Hxw81OsCcyXvYwj5,192.168.1.6,56900.0,192.168.1.4,21.0,tcp,10.818361043930054,125.0,188.0,SF,1.0,1.0,0.0,ShAdDafrF,18.0,1069.0,17.0,1056.0,FTP
1720728277.282455,Co0peB1E8obMxfsHO1,192.168.1.6,57544.0,192.168.1.4,21.0,tcp,10.798506021499634,116.0,188.0,SF,1.0,1.0,0.0,ShAdDafrF,18.0,1060.0,17.0,1056.0,FTP
1720728186.723407,C8Daf94wtQclAoesE9,192.168.1.4,45658.0,142.251.40.196,443.0,tcp,10.798506021499634,116.0,188.0,SF,1.0,1.0,0.0,ShAdDafrF,18.0,1060.0,17.0,1056.0,HTTPS
1720731537.512147,CXVlfx22FuDAYfSMf,192.168.1.6,44962.0,192.168.1.4,21.0,tcp,10.55607008934021,142.0,188.0,SF,1.0,1.0,0.0,ShAdDafrF,18.0,1086.0,17.0,1056.0,FTP
1720728320.923003,Cv6SMB3Qq0TYkDncge,192.168.1.6,35734.0,192.168.1.4,21.0,tcp,10.454829931259155,118.0,188.0,SF,1.0,1.0,0.0,ShAdDafrF,18.0,1062.0,17.0,1056.0,FTP
1720729789.519669,CKyLd64hkOhl5tIUz8,192.168.1.6,60828.0,192.168.1.4,21.0,tcp,10.0600688457489,117.0,188.0,SF,1.0,1.0,0.0,ShAdDafrF,18.0,1061.0,17.0,1056.0,FTP
1720728947.817258,CG34iA1FJuTDFufGY3,192.168.1.6,37580.0,192.168.1.4,21.0,tcp,9.407331228256226,125.0,188.0,SF,1.0,1.0,0.0,ShAdDafFr,18.0,1069.0,17.0,1056.0,FTP
1720730427.37223,C2ENew1rXWWnMlIu2i,192.168.1.6,58876.0,192.168.1.4,21.0,tcp,9.81035304069519,122.0,188.0,SF,1.0,1.0,0.0,ShAdDafrF,18.0,1066.0,17.0,1056.0,FTP
1720728563.9194,CWRA5r4PpAZrweTF2c,192.168.1.6,38068.0,192.168.1.4,21.0,tcp,9.730987071990969,118.0,188.0,SF,1.0,1.0,0.0,ShAdDafrF,18.0,1062.0,17.0,1056.0,FTP
1720730143.233718,CQpNxGQeVtLZJOpH4,192.168.1.4,39892.0,192.168.1.1,53.0,udp,9.730987071990969,118.0,188.0,SF,1.0,1.0,0.0,ShAdDafrF,18.0,1062.0,17.0,1056.0,DNS
1720729608.224522,Cto7v82TljqeRDqgjk,192.168.1.6,48580.0,192.168.1.4,21.0,tcp,10.311047792434692,109.0,188.0,SF,1.0,1.0,0.0,ShAdDafrF,18.0,1053.0,17.0,1056.0,FTP
1720727914.434711,CKFbfi4KGb7LOlT7hb,192.168.1.4,55966.0,104.18.32.137,443.0,tcp,10.311047792434692,109.0,188.0,SF,1.0,1.0,0.0,ShAdDafrF,18.0,1053.0,17.0,1056.0,HTTPS
1720731549.407617,CswR513TJDJZNsbNLb,192.168.1.6,39796.0,192.168.1.4,21.0,tcp,10.495682001113892,142.0,188.0,SF,1.0,1.0,0.0,ShAdDafrF,18.0,1086.0,17.0,1056.0,FTP
1720727915.137108,C6ekto4TYggbqgJwSd,192.168.1.4,40396.0,142.251.179.84,443.0,tcp,10.495682001113892,142.0,188.0,SF,1.0,1.0,0.0,ShAdDafrF,18.0,1086.0,17.0,1056.0,HTTPS
1720727676.090332,CZcLo83qMOAJVcYjqd,192.168.1.4,34452.0,146.75.36.157,443.0,tcp,532.6574969291687,2382.0,4630.0,SF,1.0,0.0,0.0,ShADadFRf,25.0,3666.0,26.0,5990.0,HTTPS
1720730351.107496,CDSFcg4xU5QYXWYd9d,192.168.1.6,49012.0,192.168.1.4,21.0,tcp,9.700739860534668,123.0,188.0,SF,1.0,1.0,0.0,ShAdDafrF,18.0,1067.0,17.0,1056.0,FTP
1720728666.779284,CjmrYl1YbclwJKquib,192.168.1.6,34318.0,192.168.1.4,21.0,tcp,10.633650064468384,135.0,188.0,SF,1.0,1.0,0.0,ShAdDafrF,18.0,1079.0,17.0,1056.0,FTP
1720727674.236166,CA5OQl3tsw3przOHz,192.168.1.4,45614.0,13.107.253.40,443.0,tcp,90.0861039161682,2988.0,7957.0,RSTO,1.0,0.0,0.0,ShADadRf,19.0,3972.0,21.0,9057.0,HTTPS
1720729807.295614,CJQL433M1bCGcsM4nk,192.168.1.6,40436.0,192.168.1.4,21.0,tcp,9.790317058563232,120.0,188.0,SF,1.0,1.0,0.0,ShAdDafrF,18.0,1064.0,17.0,1056.0,FTP
1720728155.640949,C2yMlx2OGvylodFCp6,192.168.1.4,36321.0,192.168.1.1,53.0,udp,0.111135959625244,99.0,271.0,SF,1.0,1.0,0.0,Dd,1.0,127.0,1.0,299.0,DNS
1720728035.221138,Cgbyxt4pdnpGFrjmAl,192.168.1.4,58560.0,31.13.71.36,443.0,udp,0.111135959625244,99.0,271.0,SF,1.0,1.0,0.0,Dd,1.0,127.0,1.0,299.0,HTTPS
1720729788.751922,Cwr2YP3eKzGymmdm03,192.168.1.6,60802.0,192.168.1.4,21.0,tcp,9.565505027770996,120.0,188.0,SF,1.0,1.0,0.0,ShAdDafrF,18.0,1064.0,17.0,1056.0,FTP
1720729173.172702,Czg5tF4FzJZPuyltsi,192.168.1.6,37208.0,192.168.1.4,21.0,tcp,9.875228881835938,112.0,188.0,SF,1.0,1.0,0.0,ShAdDafrF,18.0,1056.0,17.0,1056.0,FTP
1720730887.243731,C2Pn1Q2TIKM5hWd9C,192.168.1.6,43360.0,192.168.1.4,21.0,tcp,11.051390886306764,125.0,188.0,SF,1.0,1.0,0.0,ShAdDafFr,18.0,1069.0,17.0,1056.0,FTP
1720731359.207804,Cmrw25BiCUCxjfd6b,192.168.1.6,35758.0,192.168.1.4,21.0,tcp,10.300430059432983,176.0,188.0,SF,1.0,1.0,0.0,ShAdDafFr,18.0,1120.0,17.0,1056.0,FTP
1720729560.465695,Cg2Kyu4gqu4uKI4YG5,192.168.1.6,56794.0,192.168.1.4,21.0,tcp,10.196386098861694,111.0,188.0,SF,1.0,1.0,0.0,ShAdDafrF,18.0,1055.0,17.0,1056.0,FTP
1720728125.163253,CDKKEH3MgZtkhrKv2h,192.168.1.4,53610.0,31.13.71.7,443.0,tcp,10.196386098861694,111.0,188.0,SF,1.0,1.0,0.0,IIishhhHHh,18.0,1055.0,17.0,1056.0,HTTPS
1720727733.80486,CK1Ejg2ot0NjQNi0M3,192.168.1.4,40168.0,172.64.151.230,443.0,tcp,400.5167779922485,3088.0,11361.0,SF,1.0,0.0,0.0,ShADadFf,28.0,4552.0,30.0,12929.0,HTTPS
1720728158.331939,CyGOnP1PcV29N6TaBg,192.168.1.6,47762.0,192.168.1.4,21.0,tcp,9.323014974594116,116.0,188.0,SF,1.0,1.0,0.0,ShAdDafrF,18.0,1060.0,17.0,1056.0,FTP
1720729633.36591,CU1iYG3WOJDzFmy6Lg,192.168.1.6,47462.0,192.168.1.4,21.0,tcp,8.996372938156128,121.0,188.0,SF,1.0,1.0,0.0,ShAdDafFr,18.0,1065.0,17.0,1056.0,FTP
1720729331.985249,CsQ99G3RpxoYmAO7Pf,192.168.1.6,54884.0,192.168.1.4,21.0,tcp,10.163540840148926,115.0,188.0,SF,1.0,1.0,0.0,ShAdDafrF,18.0,1059.0,17.0,1056.0,FTP
1720728922.04779,CDEfj53Cja6KzJTe81,192.168.1.6,50610.0,192.168.1.4,21.0,tcp,9.16937804222107,151.0,188.0,SF,1.0,1.0,0.0,ShAdDafrF,18.0,1095.0,17.0,1056.0,FTP
1720727763.141383,Cv608J3qHgRxP2o7a9,192.168.1.4,53388.0,13.107.21.237,443.0,tcp,123.30724906921388,4682.0,1620.0,RSTR,1.0,0.0,0.0,ShADadr,13.0,5222.0,15.0,2232.0,HTTPS
1720727914.018414,CBoy9e4u3GDJwTyUVc,192.168.1.4,45260.0,192.168.1.1,53.0,udp,0.009043931961059,50.0,170.0,SF,1.0,1.0,0.0,Dd,1.0,78.0,1.0,198.0,DNS
1720728279.329603,CW1MXc1Fme1k2Wp8k8,192.168.1.6,57602.0,192.168.1.4,21.0,tcp,10.275150060653688,118.0,188.0,SF,1.0,1.0,0.0,ShAdDafrF,18.0,1062.0,17.0,1056.0,FTP
1720727764.90834,C2cfa62RBEyMsl0WLh,192.168.1.4,33284.0,34.111.60.239,443.0,tcp,0.051480054855346,1823.0,4144.0,SF,1.0,0.0,0.0,ShADadFRfR,11.0,2379.0,9.0,4620.0,HTTPS
1720728306.344796,C6levS20VaelhasBLk,192.168.1.4,47747.0,192.168.1.1,53.0,udp,0.001482009887695,65.0,126.0,SF,1.0,1.0,0.0,Dd,1.0,93.0,1.0,154.0,DNS
1720727794.490172,CmYgZe3JOvrWmrTrig,192.168.1.4,48906.0,34.230.186.109,443.0,tcp,60.05829405784607,2414.0,6959.0,SF,1.0,0.0,0.0,ShADadfF,16.0,3254.0,17.0,7851.0,HTTPS
1720730898.284956,CNdbEd1l9BRxaauy1,192.168.1.6,46424.0,192.168.1.4,21.0,tcp,9.780048131942747,131.0,188.0,SF,1.0,1.0,0.0,ShAdDafrF,18.0,1075.0,17.0,1056.0,FTP
1720728052.966743,CAy6ip1vzDSKqbpIo5,192.168.1.6,45992.0,192.168.1.4,21.0,tcp,9.610131025314333,118.0,188.0,SF,1.0,1.0,0.0,ShAdDafrF,18.0,1062.0,17.0,1056.0,FTP
1720728245.228655,CYBZpU3nyVdcYYUJqg,192.168.1.4,51167.0,192.168.1.1,53.0,udp,9.610131025314333,118.0,188.0,SF,1.0,1.0,0.0,ShAdDafrF,18.0,1062.0,17.0,1056.0,DNS
1720728319.057338,CzIaL94wZN6pd2lo5,192.168.1.6,35650.0,192.168.1.4,21.0,tcp,10.768239974975586,118.0,188.0,SF,1.0,1.0,0.0,ShAdDafrF,18.0,1062.0,17.0,1056.0,FTP
1720727853.840884,CMQjn03t6ca5r8I5Y1,192.168.1.4,49106.0,192.168.1.1,53.0,udp,10.768239974975586,118.0,188.0,SF,1.0,1.0,0.0,ShAdDafrF,18.0,1062.0,17.0,1056.0,DNS
1720727763.828489,CKlTf61WdpqAaiSJzi,192.168.1.4,47364.0,192.168.1.1,53.0,udp,0.007189989089965,48.0,108.0,SF,1.0,1.0,0.0,Dd,1.0,76.0,1.0,136.0,DNS
1720731207.420301,Cb4qfEcqUb5JmwFPe,192.168.1.6,58432.0,192.168.1.4,21.0,tcp,9.696054935455322,110.0,188.0,SF,1.0,1.0,0.0,ShAdDafFr,18.0,1054.0,17.0,1056.0,FTP
1720728279.233811,CyBZxe4OwlQqqynEt5,192.168.1.6,57592.0,192.168.1.4,21.0,tcp,10.491610050201416,118.0,188.0,SF,1.0,1.0,0.0,ShAdDafrF,18.0,1062.0,17.0,1056.0,FTP
1720730718.658578,CxFzeh4QjaeF3embva,192.168.1.6,43952.0,192.168.1.4,21.0,tcp,10.57805609703064,132.0,188.0,SF,1.0,1.0,0.0,ShAdDafrF,18.0,1076.0,17.0,1056.0,FTP
1720728306.020566,CuwOqQG0sotFdPmc9,192.168.1.4,38350.0,146.75.36.84,443.0,tcp,10.57805609703064,132.0,188.0,SF,1.0,1.0,0.0,ShAdDafrF,18.0,1076.0,17.0,1056.0,HTTPS
1720730424.265578,CZegPf4ZEj6SdZuZui,192.168.1.6,58812.0,192.168.1.4,21.0,tcp,9.765788078308104,118.0,188.0,SF,1.0,1.0,0.0,ShAdDafrF,18.0,1062.0,17.0,1056.0,FTP
1720729489.198493,CMVczr4MHA398lsfE7,192.168.1.6,55920.0,192.168.1.4,21.0,tcp,10.020150899887083,124.0,188.0,SF,1.0,1.0,0.0,ShAdDafrF,18.0,1068.0,17.0,1056.0,FTP
1720729982.200232,Cgwpc34Q9vsCXazQ6i,192.168.1.6,38342.0,192.168.1.4,21.0,tcp,9.40050196647644,123.0,188.0,SF,1.0,1.0,0.0,ShAdDafrF,18.0,1067.0,17.0,1056.0,FTP
1720729794.974648,CrUUjs2FuBNggkTeVj,192.168.1.6,54252.0,192.168.1.4,21.0,tcp,9.045660018920898,116.0,188.0,SF,1.0,1.0,0.0,ShAdDafrF,18.0,1060.0,17.0,1056.0,FTP
1720728155.171969,CcCiIN3jBNAQ2aRNCi,192.168.1.4,50059.0,192.168.1.1,53.0,udp,0.019771099090576,49.0,322.0,SF,1.0,1.0,0.0,Dd,1.0,77.0,1.0,350.0,DNS
1720730142.666144,CeGeaG1Y0CiQ90GuC5,192.168.1.6,57574.0,192.168.1.4,21.0,tcp,10.704943180084229,118.0,188.0,SF,1.0,1.0,0.0,ShAdDafrF,18.0,1062.0,17.0,1056.0,FTP
1720729658.092466,CepAqX34k8TeZTC42g,192.168.1.6,55786.0,192.168.1.4,21.0,tcp,9.634307861328123,118.0,188.0,SF,1.0,1.0,0.0,ShAdDafrF,18.0,1062.0,17.0,1056.0,FTP
1720727884.862756,C6BVwV24ZuTN2VfP34,192.168.1.4,50630.0,192.168.1.1,53.0,udp,9.634307861328123,118.0,188.0,SF,1.0,1.0,0.0,ShAdDafrF,18.0,1062.0,17.0,1056.0,DNS
1720731137.867892,CCAvPD2UqLw0SBPbva,192.168.1.6,35500.0,192.168.1.4,21.0,tcp,10.151681900024414,109.0,188.0,SF,1.0,1.0,0.0,ShAdDafrF,18.0,1053.0,17.0,1056.0,FTP
1720730877.412822,C2cKZO3yBv9xdl3rsl,192.168.1.6,60086.0,192.168.1.4,21.0,tcp,9.80885410308838,127.0,188.0,SF,1.0,1.0,0.0,ShAdDafrF,18.0,1071.0,17.0,1056.0,FTP
1720728096.396837,CSFQOA3gT8tERUqj09,192.168.1.4,35398.0,192.168.1.1,53.0,udp,9.80885410308838,127.0,188.0,SF,1.0,1.0,0.0,ShAdDafrF,18.0,1071.0,17.0,1056.0,DNS
1720729173.197841,CBiIut22pHj2oTBx5i,192.168.1.6,37212.0,192.168.1.4,21.0,tcp,9.89281415939331,112.0,188.0,SF,1.0,1.0,0.0,ShAdDafrF,18.0,1056.0,17.0,1056.0,FTP
1720728154.578783,CQsKpx3Sx4APBzp6l8,192.168.1.4,55319.0,192.168.1.1,53.0,udp,0.015370845794677,44.0,461.0,SF,1.0,1.0,0.0,Dd,1.0,72.0,1.0,489.0,DNS
1720729492.409211,CRlbQu2Jm3roxl6ISj,192.168.1.6,55960.0,192.168.1.4,21.0,tcp,10.73687219619751,143.0,188.0,SF,1.0,1.0,0.0,ShAdDafFr,18.0,1087.0,17.0,1056.0,FTP
1720728879.36614,CqvBq34tSdorfPW6z1,192.168.1.6,38150.0,192.168.1.4,21.0,tcp,9.441824197769163,170.0,188.0,SF,1.0,1.0,0.0,ShAdDafrF,18.0,1114.0,17.0,1056.0,FTP
1720729670.375186,C38FW13BJhZbW9wsAd,192.168.1.6,59894.0,192.168.1.4,21.0,tcp,9.374367952346802,140.0,188.0,SF,1.0,1.0,0.0,ShAdDafrF,18.0,1084.0,17.0,1056.0,FTP
1720731504.146267,Cc7fLK6ZBdyF56nmd,192.168.1.6,39472.0,192.168.1.4,21.0,tcp,9.201064109802246,146.0,188.0,SF,1.0,1.0,0.0,ShAdDafrF,18.0,1090.0,17.0,1056.0,FTP
1720729788.689852,CsmvsT3fTzzstcUNv3,192.168.1.6,60788.0,192.168.1.4,21.0,tcp,9.575865030288696,113.0,188.0,SF,1.0,1.0,0.0,ShAdDafFr,18.0,1057.0,17.0,1056.0,FTP
1720730030.414212,CeYOWF22Nf2JkQXODb,192.168.1.6,59266.0,192.168.1.4,21.0,tcp,9.1702299118042,130.0,188.0,SF,1.0,1.0,0.0,ShAdDafrF,18.0,1074.0,17.0,1056.0,FTP
1720729923.042413,Cb3D2k4nn6o9NWAoV8,192.168.1.6,52064.0,192.168.1.4,21.0,tcp,10.904880046844482,125.0,188.0,SF,1.0,1.0,0.0,ShAdDafrF,18.0,1069.0,17.0,1056.0,FTP
1720730128.867356,C3iGww4tHwPaCgwBij,192.168.1.6,52736.0,192.168.1.4,21.0,tcp,9.604792833328249,123.0,188.0,SF,1.0,1.0,0.0,ShAdDafrF,18.0,1067.0,17.0,1056.0,FTP
1720728035.221316,C9rh3V3niJux2fjGN,192.168.1.4,58564.0,31.13.71.36,443.0,tcp,9.604792833328249,123.0,188.0,SF,1.0,1.0,0.0,ShAdDafrF,18.0,1067.0,17.0,1056.0,HTTPS
1720728096.118709,COC8ri4zbExm4sFlu7,192.168.1.4,50828.0,192.168.1.1,53.0,udp,0.00343894958496,50.0,111.0,SF,1.0,1.0,0.0,Dd,1.0,78.0,1.0,139.0,DNS
1720729911.31494,Cz6a6F3m7hfcXo5BAi,192.168.1.6,43530.0,192.168.1.4,21.0,tcp,10.95208191871643,124.0,188.0,SF,1.0,1.0,0.0,ShAdDafrF,18.0,1068.0,17.0,1056.0,FTP
1720729515.022387,CfQSS93JJpGn2bAsm8,192.168.1.6,36466.0,192.168.1.4,21.0,tcp,10.529950857162476,122.0,188.0,SF,1.0,1.0,0.0,ShAdDafrF,18.0,1066.0,17.0,1056.0,FTP
1720728034.659129,CrkyUt2Yi5ATsU9qVf,192.168.1.4,49887.0,192.168.1.1,53.0,udp,10.529950857162476,122.0,188.0,SF,1.0,1.0,0.0,ShAdDafrF,18.0,1066.0,17.0,1056.0,DNS
1720727824.919821,CTSEAe1gv91toljvu1,192.168.1.4,55919.0,192.168.1.1,53.0,udp,0.003422021865844,44.0,308.0,SF,1.0,1.0,0.0,Dd,1.0,72.0,1.0,336.0,DNS
1720730437.182738,CJbZNk6JQ0DR8Xuck,192.168.1.6,42710.0,192.168.1.4,21.0,tcp,10.403921842575071,120.0,188.0,SF,1.0,1.0,0.0,ShAdDafrF,18.0,1064.0,17.0,1056.0,FTP
1720727915.113179,CfAuXumgQQTX00BQ,192.168.1.4,58114.0,34.241.248.46,443.0,tcp,88.84739804267883,2460.0,6741.0,RSTO,1.0,0.0,0.0,ShADadfR,14.0,3196.0,12.0,7373.0,HTTPS
1720728837.137834,Caa0yo4YBY8v28kx59,192.168.1.6,51668.0,192.168.1.4,21.0,tcp,8.816032886505127,119.0,188.0,SF,1.0,1.0,0.0,ShAdDafFr,18.0,1063.0,17.0,1056.0,FTP
1720728245.093815,CVrbrYTKChgZ7DR3g,192.168.1.4,37743.0,192.168.1.1,53.0,udp,0.005131959915161,63.0,123.0,SF,1.0,1.0,0.0,Dd,1.0,91.0,1.0,151.0,DNS
1720728442.130491,CnT0tw7fyzgSXZsmh,192.168.1.6,44284.0,192.168.1.4,21.0,tcp,10.760699033737184,118.0,188.0,SF,1.0,1.0,0.0,ShAdDafrF,18.0,1062.0,17.0,1056.0,FTP
1720730802.715209,CVkiks3JUhBy0fbuif,192.168.1.6,47932.0,192.168.1.4,21.0,tcp,10.319222927093506,128.0,188.0,SF,1.0,1.0,0.0,ShAdDafrF,18.0,1072.0,17.0,1056.0,FTP
1720727795.442398,CrQPeZ3QTJo8BazqN,192.168.1.4,56150.0,13.107.21.239,443.0,tcp,124.5424120426178,2863.0,6655.0,RSTR,1.0,0.0,0.0,ShADadr,15.0,3483.0,16.0,7307.0,HTTPS
1720727914.30325,CV3DdmssmgtvYbwAd,192.168.1.4,53774.0,192.168.1.1,53.0,udp,0.022331953048706,53.0,134.0,SF,1.0,1.0,0.0,Dd,1.0,81.0,1.0,162.0,DNS
1720731187.816914,CuS2kn1bE7FJWUR3qc,192.168.1.6,49030.0,192.168.1.4,21.0,tcp,10.082536935806274,119.0,188.0,SF,1.0,1.0,0.0,ShAdDafrF,18.0,1063.0,17.0,1056.0,FTP
1720728125.056399,CcAW7W3rxppLXX8ODj,192.168.1.4,42289.0,192.168.1.1,53.0,udp,10.082536935806274,119.0,188.0,SF,1.0,1.0,0.0,ShAdDafrF,18.0,1063.0,17.0,1056.0,DNS
1720727773.311816,CWATt21jbZs6v1Frnf,192.168.1.4,36124.0,13.224.214.69,443.0,udp,0.055504083633422,2860.0,7309.0,SF,1.0,0.0,0.0,Dd,7.0,3056.0,8.0,7533.0,HTTPS
1720731504.480359,CGD1ep4KYCQXAbBKLb,192.168.1.6,39536.0,192.168.1.4,21.0,tcp,9.229467868804932,167.0,188.0,SF,1.0,1.0,0.0,ShAdDafrF,18.0,1111.0,17.0,1056.0,FTP
1720729436.140443,CXlOAIUebISFcHOp9,192.168.1.4,36146.0,185.125.188.59,443.0,tcp,6.5372419357299805,27310.0,204888.0,SF,1.0,0.0,0.0,ShADdatfFr,107.0,32918.0,126.0,212872.0,HTTPS
1720727885.419561,CtpM8aimU7W1nQLDb,192.168.1.4,44299.0,104.18.32.90,443.0,tcp,6.5372419357299805,27310.0,204888.0,SF,1.0,0.0,0.0,IIiiiIhhhHH,107.0,32918.0,126.0,212872.0,HTTPS
1720728305.269091,CFWeLO1KdVedFbSlgh,192.168.1.4,46168.0,45.60.73.20,443.0,tcp,6.5372419357299805,27310.0,204888.0,SF,1.0,0.0,0.0,IIiiiIhhhHH,107.0,32918.0,126.0,212872.0,HTTPS
1720727915.051162,CVtzGG2iLx5tR8Z6tl,192.168.1.4,52452.0,192.168.1.1,53.0,udp,0.006669998168945,44.0,315.0,SF,1.0,1.0,0.0,Dd,1.0,72.0,1.0,343.0,DNS
1720728185.194427,C5eMRfTAsDwkRi7aj,192.168.1.4,49172.0,23.205.106.91,443.0,tcp,23.572550058364868,6832.0,6517.0,SF,1.0,0.0,0.0,ShADadTFRf,17.0,8788.0,16.0,7369.0,HTTPS
1720728215.882424,CmYPYH4tjm5Vp0ef,192.168.1.4,51976.0,104.18.10.207,443.0,tcp,1.982027769088745,2356.0,51854.0,SF,1.0,0.0,0.0,ShADadFf,25.0,3664.0,28.0,53318.0,HTTPS
1720728065.050561,C2OEYs41jSZ7Xgbmaj,192.168.1.4,60342.0,142.250.65.202,443.0,tcp,1.982027769088745,2356.0,51854.0,SF,1.0,0.0,0.0,ShADadFf,25.0,3664.0,28.0,53318.0,HTTPS
1720727859.228455,Cwq0RaqWvjL1HQZC6,192.168.1.4,60118.0,192.168.1.1,53.0,udp,0.016227006912231,57.0,114.0,SF,1.0,1.0,0.0,Dd,1.0,85.0,1.0,142.0,DNS
1720731318.442147,C2xbvc16jCu8WqOr98,192.168.1.6,34684.0,192.168.1.4,21.0,tcp,10.9221510887146,172.0,188.0,SF,1.0,1.0,0.0,ShAdDafrF,18.0,1116.0,17.0,1056.0,FTP
1720727885.25864,Cu8hzi2OnlLp7e3wu2,192.168.1.6,53508.0,192.168.1.4,21.0,tcp,10.367872953414915,118.0,188.0,SF,1.0,1.0,0.0,ShAdDafrF,18.0,1062.0,17.0,1056.0,FTP
1720731101.337214,C2EkjcV75IKb15zxd,192.168.1.6,43386.0,192.168.1.4,21.0,tcp,9.38593292236328,123.0,188.0,SF,1.0,1.0,0.0,ShAdDafrF,18.0,1067.0,17.0,1056.0,FTP
1720728973.16674,C5HAwL39dPpfKRTjL,192.168.1.6,57566.0,192.168.1.4,21.0,tcp,9.98052716255188,129.0,188.0,SF,1.0,1.0,0.0,ShAdDafFr,18.0,1073.0,17.0,1056.0,FTP
1720729186.576904,CdZZA03DwJaFWyNpmc,192.168.1.6,50140.0,192.168.1.4,21.0,tcp,10.507779836654665,135.0,188.0,SF,1.0,1.0,0.0,ShAdDafFr,18.0,1079.0,17.0,1056.0,FTP
1720728362.003711,CIY6Ro2HFybiviOZob,192.168.1.6,36104.0,192.168.1.4,21.0,tcp,9.200294971466064,118.0,188.0,SF,1.0,1.0,0.0,ShAdDafrF,18.0,1062.0,17.0,1056.0,FTP
1720727915.120384,CfTOI74RGDql8ztBxl,192.168.1.4,43479.0,192.168.1.1,53.0,udp,9.200294971466064,118.0,188.0,SF,1.0,1.0,0.0,ShAdDafrF,18.0,1062.0,17.0,1056.0,DNS
1720728186.931721,CEh6zNZuCJDbX4Dw4,192.168.1.4,59112.0,23.205.106.81,443.0,udp,9.200294971466064,118.0,188.0,SF,1.0,1.0,0.0,ShAdDafrF,18.0,1062.0,17.0,1056.0,HTTPS
1720727793.242666,CTZpNB3I8cvkCZ3lwb,192.168.1.4,55190.0,20.94.153.70,443.0,tcp,415.5236749649048,19465.0,19494.0,SF,1.0,0.0,0.0,ShADadFf,55.0,22333.0,65.0,22882.0,HTTPS
1720728211.917829,CKLtwX1HXemRFuGBj9,192.168.1.4,48671.0,192.168.1.1,53.0,udp,0.015140056610107,48.0,479.0,SF,1.0,1.0,0.0,Dd,1.0,76.0,1.0,507.0,DNS
1720728246.242608,CAKBy01ZAxK1Odqbeh,192.168.1.4,57686.0,192.168.1.1,53.0,udp,0.002369880676269,62.0,370.0,SF,1.0,1.0,0.0,Dd,1.0,90.0,1.0,398.0,DNS
1720728233.682387,C4FxEz1krLhECkoaTc,192.168.1.6,39118.0,192.168.1.4,21.0,tcp,9.820119857788086,118.0,188.0,SF,1.0,1.0,0.0,ShAdDafrF,18.0,1062.0,17.0,1056.0,FTP
1720730740.537397,CgP55E2VeQfXB0ZRsl,192.168.1.6,52498.0,192.168.1.4,21.0,tcp,9.243805170059204,133.0,188.0,SF,1.0,1.0,0.0,ShAdDafrF,18.0,1077.0,17.0,1056.0,FTP
1720727913.646854,Cs0ppk4EIiUZMw9Pcd,192.168.1.4,43414.0,192.168.1.1,53.0,udp,0.001258134841918,43.0,127.0,SF,1.0,1.0,0.0,Dd,1.0,71.0,1.0,155.0,DNS
1720730033.743798,C9v4AE44QMrNtbm491,192.168.1.6,34302.0,192.168.1.4,21.0,tcp,10.145654916763306,134.0,188.0,SF,1.0,1.0,0.0,ShAdDafrF,18.0,1078.0,17.0,1056.0,FTP
1720729047.644209,CAZMwy37x7NH3xxxxc,192.168.1.6,55938.0,192.168.1.4,21.0,tcp,9.918236017227173,112.0,188.0,SF,1.0,1.0,0.0,ShAdDafrF,18.0,1056.0,17.0,1056.0,FTP
1720730877.386464,Cr94iz3tf8Ow2pmts2,192.168.1.6,60062.0,192.168.1.4,21.0,tcp,9.795986890792848,131.0,188.0,SF,1.0,1.0,0.0,ShAdDafrF,18.0,1075.0,17.0,1056.0,FTP
1720729711.930946,CDwUsP26WOzgHE6gjh,192.168.1.6,48018.0,192.168.1.4,21.0,tcp,9.533149003982544,113.0,188.0,SF,1.0,1.0,0.0,ShAdDafrF,18.0,1057.0,17.0,1056.0,FTP
1720728120.261028,CT2lut1tC79co9iV37,192.168.1.6,53786.0,192.168.1.4,21.0,tcp,9.885776996612549,118.0,188.0,SF,1.0,1.0,0.0,ShAdDafrF,18.0,1062.0,17.0,1056.0,FTP
1720730664.707675,CA32Fn3755LWxlHYgd,192.168.1.6,45576.0,192.168.1.4,21.0,tcp,10.498578071594238,125.0,188.0,SF,1.0,1.0,0.0,ShAdDafrF,18.0,1069.0,17.0,1056.0,FTP
1720729485.718406,C0bIkD2XsKDNPXIXMa,192.168.1.6,55878.0,192.168.1.4,21.0,tcp,9.802902936935425,124.0,188.0,SF,1.0,1.0,0.0,ShAdDafrF,18.0,1068.0,17.0,1056.0,FTP
1720729915.666147,CAHdO12BJfSp5llFfd,192.168.1.6,45568.0,192.168.1.4,21.0,tcp,10.355070114135742,127.0,188.0,SF,1.0,1.0,0.0,ShAdDafrF,18.0,1071.0,17.0,1056.0,FTP
1720729321.469725,CiRfx54jxDYYFCt3Oi,192.168.1.6,33648.0,192.168.1.4,21.0,tcp,9.168277025222778,111.0,188.0,SF,1.0,1.0,0.0,ShAdDafrF,18.0,1055.0,17.0,1056.0,FTP
1720729671.867343,CCFtOV37JHliwrRVR3,192.168.1.6,59950.0,192.168.1.4,21.0,tcp,9.396387100219728,161.0,188.0,SF,1.0,1.0,0.0,ShAdDafFr,18.0,1105.0,17.0,1056.0,FTP
1720731703.990479,CdNHT615xaW4dKRxj7,192.168.1.6,52860.0,192.168.1.4,21.0,tcp,9.93555998802185,200.0,188.0,SF,1.0,1.0,0.0,ShAdDafrF,18.0,1144.0,17.0,1056.0,FTP
1720731077.303617,C4Lq7p4wHATDs83Zya,192.168.1.6,56982.0,192.168.1.4,21.0,tcp,9.524138927459717,119.0,188.0,SF,1.0,1.0,0.0,ShAdDafrF,18.0,1063.0,17.0,1056.0,FTP
1720729427.615055,CEaGie3VAWDEIBPYLi,192.168.1.6,47238.0,192.168.1.4,21.0,tcp,10.373376846313477,142.0,188.0,SF,1.0,1.0,0.0,ShAdDafrF,18.0,1086.0,17.0,1056.0,FTP
1720731124.641431,C1i1uQ16663YlMgJsb,192.168.1.6,38826.0,192.168.1.4,21.0,tcp,10.144868850708008,109.0,188.0,SF,1.0,1.0,0.0,ShAdDafrF,18.0,1053.0,17.0,1056.0,FTP
1720727793.30112,CwLwFz4izxJMlHEPP7,192.168.1.4,42663.0,192.168.1.1,53.0,udp,0.020679950714111,45.0,127.0,SF,1.0,1.0,0.0,Dd,1.0,73.0,1.0,155.0,DNS
1720730476.728375,Cig82a1QwWmfjue5xa,192.168.1.6,50514.0,192.168.1.4,21.0,tcp,9.594228982925417,128.0,188.0,SF,1.0,1.0,0.0,ShAdDafrF,18.0,1072.0,17.0,1056.0,FTP
1720728124.613756,CPfOnJ3rVKfr5VrFYb,192.168.1.4,58838.0,192.168.1.1,53.0,udp,0.001279115676879,78.0,148.0,SF,1.0,1.0,0.0,Dd,1.0,106.0,1.0,176.0,DNS
1720730489.007175,CGwpI9Nsmck2nEAXh,192.168.1.6,48700.0,192.168.1.4,21.0,tcp,9.537554025650024,137.0,188.0,SF,1.0,1.0,0.0,ShAdDafrF,18.0,1081.0,17.0,1056.0,FTP
1720730743.350525,CrY5Wc3qdHFNXq5KS,192.168.1.6,60442.0,192.168.1.4,21.0,tcp,9.814934015274048,132.0,188.0,SF,1.0,1.0,0.0,ShAdDafrF,18.0,1076.0,17.0,1056.0,FTP
1720728570.247757,C9ljeN1bC7RbbGLGv9,192.168.1.6,38130.0,192.168.1.4,21.0,tcp,9.865076065063477,118.0,188.0,SF,1.0,1.0,0.0,ShAdDafrF,18.0,1062.0,17.0,1056.0,FTP
1720728125.263816,CQc21D2iaLyMusYi1b,192.168.1.4,48843.0,192.168.1.1,53.0,udp,0.061064958572387,53.0,482.0,SF,1.0,1.0,0.0,Dd,1.0,81.0,1.0,510.0,DNS
1720730339.177356,CMOc5h4O8rhBDVPme9,192.168.1.6,35450.0,192.168.1.4,21.0,tcp,9.556955099105837,126.0,188.0,SF,1.0,1.0,0.0,ShAdDafrF,18.0,1070.0,17.0,1056.0,FTP
1720728155.072146,CgHRZ240VOJ8k8EGm8,192.168.1.4,50376.0,152.199.0.214,443.0,tcp,0.053323984146118,2404.0,4815.0,SF,1.0,0.0,0.0,ShADadFRfR,12.0,2988.0,11.0,5395.0,HTTPS
1720731554.617883,C3Fo404VFjO2jtS1ld,192.168.1.6,35502.0,192.168.1.4,21.0,tcp,9.900563955307009,142.0,188.0,SF,1.0,1.0,0.0,ShAdDafrF,18.0,1086.0,17.0,1056.0,FTP
1720727915.078707,C2EtVl17mVJVfZZMQa,192.168.1.4,56349.0,192.168.1.1,53.0,udp,0.004569053649902,53.0,110.0,SF,1.0,1.0,0.0,Dd,1.0,81.0,1.0,138.0,DNS
1720731917.730771,CXojRC1Aeohi8uvMof,192.168.1.6,38546.0,192.168.1.4,21.0,tcp,10.077473878860474,135.0,188.0,SF,1.0,1.0,0.0,ShAdDafFr,18.0,1079.0,17.0,1056.0,FTP
1720730871.537856,ChObfw3IcBbgHIrs2a,192.168.1.6,39222.0,192.168.1.4,21.0,tcp,9.18371081352234,127.0,188.0,SF,1.0,1.0,0.0,ShAdDafrF,18.0,1071.0,17.0,1056.0,FTP
1720729419.237044,CpCtu92Q5g3BhZ9ll4,192.168.1.6,36232.0,192.168.1.4,21.0,tcp,10.458652973175049,145.0,188.0,SF,1.0,1.0,0.0,ShAdDafrF,18.0,1089.0,17.0,1056.0,FTP
1720729598.135658,CEALhv4iGhW6yuhIu1,192.168.1.6,51192.0,192.168.1.4,21.0,tcp,10.18348503112793,110.0,188.0,SF,1.0,1.0,0.0,ShAdDafrF,18.0,1054.0,17.0,1056.0,FTP
1720728654.199258,CFn3ar3etweaiOkFrg,192.168.1.6,57744.0,192.168.1.4,21.0,tcp,11.079866886138916,133.0,188.0,SF,1.0,1.0,0.0,ShAdDafFr,18.0,1077.0,17.0,1056.0,FTP
1720729670.637923,Cqu80L1RlzPCC4i7Qa,192.168.1.6,59912.0,192.168.1.4,21.0,tcp,9.648709058761597,159.0,188.0,SF,1.0,1.0,0.0,ShAdDafrF,18.0,1103.0,17.0,1056.0,FTP
1720731612.806835,CSpnpD2m2fg07eaduc,192.168.1.6,37980.0,192.168.1.4,21.0,tcp,8.981445074081421,162.0,188.0,SF,1.0,1.0,0.0,ShAdDafFr,18.0,1106.0,17.0,1056.0,FTP
1720730421.183665,CrDEFu3PMi52NfFSf5,192.168.1.6,49686.0,192.168.1.4,21.0,tcp,8.86677885055542,124.0,188.0,SF,1.0,1.0,0.0,ShAdDafrF,18.0,1068.0,17.0,1056.0,FTP
1720728221.329307,CTHUx638aoKi8R2AWg,192.168.1.4,60717.0,192.168.1.1,53.0,udp,0.002200841903686,41.0,175.0,SF,1.0,1.0,0.0,Dd,1.0,69.0,1.0,203.0,DNS
1720727883.504109,Ce202f4cfLupZlE8d1,192.168.1.4,53704.0,192.168.1.1,53.0,udp,0.102354049682617,37.0,119.0,SF,1.0,1.0,0.0,Dd,1.0,65.0,1.0,147.0,DNS
1720730161.226347,Cg1ta22k2eGdA2EgJ9,192.168.1.6,40638.0,192.168.1.4,21.0,tcp,10.727900981903076,122.0,188.0,SF,1.0,1.0,0.0,ShAdDafFr,18.0,1066.0,17.0,1056.0,FTP
1720730073.829589,CkYvCG32dCHpMRZuef,192.168.1.6,40104.0,192.168.1.4,21.0,tcp,9.965456008911133,132.0,188.0,SF,1.0,1.0,0.0,ShAdDafrF,18.0,1076.0,17.0,1056.0,FTP
1720727915.7073,CXjGSZ1bNUwpQLZt6f,192.168.1.4,40678.0,18.238.4.5,443.0,tcp,9.965456008911133,132.0,188.0,SF,1.0,1.0,0.0,ShAdDafrF,18.0,1076.0,17.0,1056.0,HTTPS
1720728155.264066,CvHjd11pjasSQbk719,192.168.1.4,36922.0,192.168.1.1,53.0,udp,9.965456008911133,132.0,188.0,SF,1.0,1.0,0.0,ShAdDafrF,18.0,1076.0,17.0,1056.0,DNS
1720728125.056885,CUE3lpW11Ove9bB59,192.168.1.4,35611.0,192.168.1.1,53.0,udp,0.030215978622436,49.0,643.0,SF,1.0,1.0,0.0,Dd,1.0,77.0,1.0,671.0,DNS
1720728185.341235,Cc5vsW3ooeBUjJer8j,192.168.1.4,42424.0,23.205.106.86,443.0,tcp,23.41472315788269,3582.0,265337.0,SF,1.0,0.0,0.0,ShADadFfR,100.0,8766.0,139.0,272573.0,HTTPS
1720727974.161256,CDZ8oP11VDWyPzqVJ4,192.168.1.4,38182.0,204.235.147.206,443.0,tcp,23.41472315788269,3582.0,265337.0,SF,1.0,0.0,0.0,ShADadFfR,100.0,8766.0,139.0,272573.0,HTTPS
1720728940.432146,CJ1GTC3plXesve69B5,192.168.1.6,42464.0,192.168.1.4,21.0,tcp,9.579593896865845,149.0,188.0,SF,1.0,1.0,0.0,ShAdDafrF,18.0,1093.0,17.0,1056.0,FTP
1720729432.496223,CICT27118JBElHpYY5,192.168.1.4,51158.0,91.189.91.46,443.0,tcp,9.579593896865845,149.0,188.0,SF,1.0,1.0,0.0,ShAdDafrF,18.0,1093.0,17.0,1056.0,HTTPS
1720728516.223867,CLnjPg1Iuf3DDf05Sa,192.168.1.6,48332.0,192.168.1.4,21.0,tcp,9.953356981277466,117.0,188.0,SF,1.0,1.0,0.0,ShAdDafFr,18.0,1061.0,17.0,1056.0,FTP
1720728950.6026,CBbJgs4DYKIpULwg86,192.168.1.6,37628.0,192.168.1.4,21.0,tcp,9.30971097946167,145.0,188.0,SF,1.0,1.0,0.0,ShAdDafrF,18.0,1089.0,17.0,1056.0,FTP
1720728155.072383,CF5CAi2kQvs9br4Zq8,192.168.1.4,50402.0,152.199.0.214,443.0,tcp,0.053115129470825,2404.0,4815.0,SF,1.0,0.0,0.0,ShADadFRfR,12.0,2988.0,11.0,5395.0,HTTPS
1720730908.075322,CzDsuL186Ip5NKuo42,192.168.1.6,40174.0,192.168.1.4,21.0,tcp,10.1132071018219,121.0,188.0,SF,1.0,1.0,0.0,ShAdDafrF,18.0,1065.0,17.0,1056.0,FTP
1720729473.683192,C9t6jSWbjrp3lRhf4,192.168.1.6,49998.0,192.168.1.4,21.0,tcp,10.190980911254885,126.0,188.0,SF,1.0,1.0,0.0,ShAdDafrF,18.0,1070.0,17.0,1056.0,FTP
1720728034.659233,CI0Id01SDGJZQINKIe,192.168.1.4,48206.0,192.168.1.1,53.0,udp,10.190980911254885,126.0,188.0,SF,1.0,1.0,0.0,ShAdDafrF,18.0,1070.0,17.0,1056.0,DNS
1720731725.50074,CdpJauob3pijwEafe,192.168.1.6,34598.0,192.168.1.4,21.0,tcp,10.85049605369568,184.0,188.0,SF,1.0,1.0,0.0,ShAdDafrF,18.0,1128.0,17.0,1056.0,FTP
1720727793.471155,C5VUHY3XHRrRoKRZyl,192.168.1.4,59698.0,104.18.32.137,443.0,tcp,400.0574131011963,2422.0,4216.0,SF,1.0,0.0,0.0,ShADadFf,22.0,3574.0,21.0,5316.0,HTTPS
1720730398.34746,CDbtzC42CgHF7Snj6e,192.168.1.6,34000.0,192.168.1.4,21.0,tcp,9.371751070022585,136.0,188.0,SF,1.0,1.0,0.0,ShAdDafrF,18.0,1080.0,17.0,1056.0,FTP
1720727829.331942,Ctg44q1ji9nBlLTlR4,192.168.1.4,53630.0,20.114.189.135,443.0,tcp,24.061272859573364,2865.0,5896.0,RSTO,1.0,0.0,0.0,ShADadfR,12.0,3509.0,13.0,6580.0,HTTPS
1720728305.990984,CuVlN926wnfbScupY9,192.168.1.4,54906.0,142.251.32.102,443.0,udp,0.245702028274536,5572.0,10195.0,SF,1.0,0.0,0.0,Dd,16.0,6020.0,17.0,10671.0,HTTPS
1720727794.124129,CxnryY2u5I5zgNHoA6,192.168.1.4,56888.0,142.251.40.131,443.0,udp,0.245702028274536,5572.0,10195.0,SF,1.0,0.0,0.0,Dd,16.0,6020.0,17.0,10671.0,HTTPS
1720730311.035981,CzjVw01OgCFHQ0oZb7,192.168.1.6,50324.0,192.168.1.4,21.0,tcp,10.375895977020264,130.0,188.0,SF,1.0,1.0,0.0,ShAdDafFr,18.0,1074.0,17.0,1056.0,FTP
1720729912.753503,CfqS0v19qnaWtE2jO9,192.168.1.6,43568.0,192.168.1.4,21.0,tcp,10.288744926452637,137.0,188.0,SF,1.0,1.0,0.0,ShAdDafrF,18.0,1081.0,17.0,1056.0,FTP
1720731649.699941,CoLULt3fu8ECa2IzHl,192.168.1.6,40736.0,192.168.1.4,21.0,tcp,10.01971697807312,158.0,188.0,SF,1.0,1.0,0.0,ShAdDafrF,18.0,1102.0,17.0,1056.0,FTP
1720728363.455262,CC4ggu1nxQ5mDDYfkj,192.168.1.6,46686.0,192.168.1.4,21.0,tcp,10.199583053588867,118.0,188.0,SF,1.0,1.0,0.0,ShAdDafrF,18.0,1062.0,17.0,1056.0,FTP
1720731039.074698,CcKSwC35uBlpKb0DRk,192.168.1.6,56902.0,192.168.1.4,21.0,tcp,10.187758922576904,126.0,188.0,SF,1.0,1.0,0.0,ShAdDafFr,18.0,1070.0,17.0,1056.0,FTP
1720728941.411887,CbSyMB4axkU9R8Q9lk,192.168.1.6,42478.0,192.168.1.4,21.0,tcp,9.600223064422607,128.0,188.0,SF,1.0,1.0,0.0,ShAdDafrF,18.0,1072.0,17.0,1056.0,FTP
1720729667.758036,ChmZyz7dM3S5NSDPh,192.168.1.6,59870.0,192.168.1.4,21.0,tcp,9.881895065307615,145.0,188.0,SF,1.0,1.0,0.0,ShAdDafFr,18.0,1089.0,17.0,1056.0,FTP
1720728125.364112,CmbUVb4g1OAPtLQV6k,192.168.1.4,36488.0,18.238.4.71,443.0,tcp,30.211121082305908,1787.0,5694.0,SF,1.0,0.0,0.0,ShADadfF,11.0,2367.0,10.0,6222.0,HTTPS
1720728219.984764,CP8xUX2I6lQVhMK5U1,192.168.1.4,46164.0,23.194.190.234,443.0,tcp,30.211121082305908,1787.0,5694.0,SF,1.0,0.0,0.0,ShADadfF,11.0,2367.0,10.0,6222.0,HTTPS
1720731583.325705,C2cNb41fVq7ZPLfuf,192.168.1.6,47602.0,192.168.1.4,21.0,tcp,9.428570032119753,174.0,188.0,SF,1.0,1.0,0.0,ShAdDafrF,18.0,1118.0,17.0,1056.0,FTP
1720731755.903212,CejlRl1ajgX239iKfj,192.168.1.6,51796.0,192.168.1.4,21.0,tcp,11.30634593963623,165.0,188.0,SF,1.0,1.0,0.0,ShAdDafrF,18.0,1109.0,17.0,1056.0,FTP
1720730249.552948,Cua2DRgjLZiNRYTB,192.168.1.6,59342.0,192.168.1.4,21.0,tcp,10.776050090789797,131.0,188.0,SF,1.0,1.0,0.0,ShAdDafrF,18.0,1075.0,17.0,1056.0,FTP
1720728305.841621,C9tcFE3reOzkoyQP9,192.168.1.4,49097.0,192.168.1.1,53.0,udp,10.776050090789797,131.0,188.0,SF,1.0,1.0,0.0,ShAdDafrF,18.0,1075.0,17.0,1056.0,DNS
1720728245.994851,CFlVrO21ifWUFwIbl8,192.168.1.6,50826.0,192.168.1.4,21.0,tcp,11.039646863937378,118.0,188.0,SF,1.0,1.0,0.0,ShAdDafFr,18.0,1062.0,17.0,1056.0,FTP
1720728185.111651,C88BAE3Io5BdrowT0i,192.168.1.4,52076.0,192.168.1.1,53.0,udp,0.104014158248901,54.0,483.0,SF,1.0,1.0,0.0,Dd,1.0,82.0,1.0,511.0,DNS
1720728613.770913,CrGNYw39OVaKde7kRl,192.168.1.6,37258.0,192.168.1.4,21.0,tcp,10.00174117088318,138.0,188.0,SF,1.0,1.0,0.0,ShAdDafFr,18.0,1082.0,17.0,1056.0,FTP
1720728514.437794,CVk2261Hricysbhtl4,192.168.1.6,48294.0,192.168.1.4,21.0,tcp,9.45424199104309,118.0,188.0,SF,1.0,1.0,0.0,ShAdDafFr,18.0,1062.0,17.0,1056.0,FTP
1720727703.09479,C7nbZp15LDzyNwDd44,192.168.1.4,56114.0,142.251.32.104,443.0,tcp,240.24988102912903,2562.0,211394.0,SF,1.0,0.0,0.0,ShADadFf,94.0,7458.0,153.0,219358.0,HTTPS
1720730379.066446,C5skp127KPNFpSvDK2,192.168.1.6,33428.0,192.168.1.4,21.0,tcp,9.56487798690796,141.0,188.0,SF,1.0,1.0,0.0,ShAdDafFr,18.0,1085.0,17.0,1056.0,FTP
1720728035.610833,CJ2NEE2gf6FmAB02j2,192.168.1.4,55381.0,192.168.1.1,53.0,udp,9.56487798690796,141.0,188.0,SF,1.0,1.0,0.0,ShAdDafFr,18.0,1085.0,17.0,1056.0,DNS
1720731504.51898,Cz8lCy26Xzrxhlv0vk,192.168.1.6,39562.0,192.168.1.4,21.0,tcp,9.2290620803833,141.0,188.0,SF,1.0,1.0,0.0,ShAdDafrF,18.0,1085.0,17.0,1056.0,FTP
1720730626.871073,Cc301G3wKb2ztUId52,192.168.1.6,45084.0,192.168.1.4,21.0,tcp,10.70345401763916,122.0,188.0,SF,1.0,1.0,0.0,ShAdDafrF,18.0,1066.0,17.0,1056.0,FTP
1720729308.964847,CzyGFB3iRe0QSeqde5,192.168.1.6,43872.0,192.168.1.4,21.0,tcp,8.893391847610474,135.0,188.0,SF,1.0,1.0,0.0,ShAdDafrF,18.0,1079.0,17.0,1056.0,FTP
1720729130.532895,CTZW3y4Nw1v9uqnobd,192.168.1.6,45858.0,192.168.1.4,21.0,tcp,11.031085014343262,116.0,188.0,SF,1.0,1.0,0.0,ShAdDafrF,18.0,1060.0,17.0,1056.0,FTP
1720731704.480356,Cr8J7D4NeDiJyrVTZc,192.168.1.6,52884.0,192.168.1.4,21.0,tcp,10.532175064086914,193.0,188.0,SF,1.0,1.0,0.0,ShAdDafrF,18.0,1137.0,17.0,1056.0,FTP
1720728100.849365,CU7fFr4z0QxguSbZmc,192.168.1.6,39964.0,192.168.1.4,21.0,tcp,10.06341791152954,118.0,188.0,SF,1.0,1.0,0.0,ShAdDafrF,18.0,1062.0,17.0,1056.0,FTP
1720729854.962966,C8rWq4fHlYsa7WQ6b,192.168.1.6,47838.0,192.168.1.4,21.0,tcp,9.424062967300417,142.0,188.0,SF,1.0,1.0,0.0,ShAdDafFr,18.0,1086.0,17.0,1056.0,FTP
1720728444.759645,CfDkPs1tzd9DhxtsXi,192.168.1.6,37886.0,192.168.1.4,21.0,tcp,9.386115074157717,118.0,188.0,SF,1.0,1.0,0.0,ShAdDafFr,18.0,1062.0,17.0,1056.0,FTP
1720728553.379313,CVteeT3pUnAXUvIBjh,192.168.1.6,50690.0,192.168.1.4,21.0,tcp,10.466320991516112,118.0,188.0,SF,1.0,1.0,0.0,ShAdDafrF,18.0,1062.0,17.0,1056.0,FTP
1720727853.479567,CBUcW31rnCGqT7TUq1,192.168.1.4,34378.0,192.96.159.127,443.0,tcp,10.466320991516112,118.0,188.0,SF,1.0,1.0,0.0,ShAdDafrF,18.0,1062.0,17.0,1056.0,HTTPS
1720729823.675461,CAmIz53rW1yAARUnh,192.168.1.6,34300.0,192.168.1.4,21.0,tcp,10.457880973815918,140.0,188.0,SF,1.0,1.0,0.0,ShAdDafrF,18.0,1084.0,17.0,1056.0,FTP
1720729960.779024,CLUvG03VmJwnU8xqa9,192.168.1.6,48536.0,192.168.1.4,21.0,tcp,11.022057056427002,128.0,188.0,SF,1.0,1.0,0.0,ShAdDafrF,18.0,1072.0,17.0,1056.0,FTP
1720731828.755273,CEYbpb9aiwnz8WR0a,192.168.1.6,45370.0,192.168.1.4,21.0,tcp,9.614954948425291,164.0,188.0,SF,1.0,1.0,0.0,ShAdDafrF,18.0,1108.0,17.0,1056.0,FTP
1720728096.368402,CEosPx1s8NE475c6kl,192.168.1.4,51314.0,142.250.81.238,443.0,tcp,9.614954948425291,164.0,188.0,SF,1.0,1.0,0.0,ShAdDafrF,18.0,1108.0,17.0,1056.0,HTTPS
1720729424.612785,CO1M3c2TF8YfQrnNcj,192.168.1.6,47216.0,192.168.1.4,21.0,tcp,10.51654601097107,111.0,188.0,SF,1.0,1.0,0.0,ShAdDafrF,18.0,1055.0,17.0,1056.0,FTP
1720729691.12109,CxQuV24KpQl9MvHt94,192.168.1.6,56086.0,192.168.1.4,21.0,tcp,9.551342964172363,140.0,188.0,SF,1.0,1.0,0.0,ShAdDafFr,18.0,1084.0,17.0,1056.0,FTP
1720731868.627426,CFIDpw4lgyEx9EYAU2,192.168.1.6,58062.0,192.168.1.4,21.0,tcp,10.235367059707642,127.0,188.0,SF,1.0,1.0,0.0,ShAdDafrF,18.0,1071.0,17.0,1056.0,FTP
1720727884.886103,CQ8HZH2vuUUOdBT5P,192.168.1.4,36552.0,192.168.1.1,53.0,udp,0.003507137298583,56.0,101.0,SF,1.0,1.0,0.0,Dd,1.0,84.0,1.0,129.0,DNS
1720728306.021474,Cx5Chl1L0VkDlBlr9,192.168.1.4,58496.0,104.244.42.131,443.0,tcp,45.5082061290741,2779.0,4347.0,SF,1.0,0.0,0.0,ShADadFfR,14.0,3491.0,11.0,4927.0,HTTPS
1720727829.312093,CSAhMo2KijFYwM4KRl,192.168.1.4,57041.0,192.168.1.1,53.0,udp,0.017343997955322,41.0,176.0,SF,1.0,1.0,0.0,Dd,1.0,69.0,1.0,204.0,DNS
1720728004.423377,Cb0BXK3Wf2VFXKXtOi,192.168.1.4,38876.0,216.239.32.181,443.0,udp,0.017343997955322,41.0,176.0,SF,1.0,1.0,0.0,IIZiishH,1.0,69.0,1.0,204.0,HTTPS
1720729969.578161,CmWtl54fws7EZtNI25,192.168.1.6,36228.0,192.168.1.4,21.0,tcp,10.156124114990234,130.0,188.0,SF,1.0,1.0,0.0,ShAdDafrF,18.0,1074.0,17.0,1056.0,FTP
1720729068.08116,CdmTaT2jqIsvMaqyyg,192.168.1.6,36988.0,192.168.1.4,21.0,tcp,10.09534788131714,128.0,188.0,SF,1.0,1.0,0.0,ShAdDafrF,18.0,1072.0,17.0,1056.0,FTP
1720729837.686592,C84bcS3jhBmzVxYV5a,192.168.1.6,43422.0,192.168.1.4,21.0,tcp,10.917106866836548,118.0,188.0,SF,1.0,1.0,0.0,ShAdDafrF,18.0,1062.0,17.0,1056.0,FTP
1720729891.679822,CmcXRc18GKUnyePR7i,192.168.1.6,52216.0,192.168.1.4,21.0,tcp,10.802700996398926,127.0,188.0,SF,1.0,1.0,0.0,ShAdDafrF,18.0,1071.0,17.0,1056.0,FTP
1720731544.864744,CoYsfx3W6h7t16O5Gi,192.168.1.6,39636.0,192.168.1.4,21.0,tcp,9.752989053726196,142.0,188.0,SF,1.0,1.0,0.0,ShAdDafrF,18.0,1086.0,17.0,1056.0,FTP
1720729902.888285,C50gL62Nzru4IuDp5j,192.168.1.6,59768.0,192.168.1.4,21.0,tcp,10.01488208770752,132.0,188.0,SF,1.0,1.0,0.0,ShAdDafrF,18.0,1076.0,17.0,1056.0,FTP
1720728091.119308,CgR78t3urphYpWWSz9,192.168.1.6,35074.0,192.168.1.4,21.0,tcp,9.538151979446411,118.0,188.0,SF,1.0,1.0,0.0,ShAdDafrF,18.0,1062.0,17.0,1056.0,FTP
1720730108.729333,Cfr2HO2VfyS6yY9r0k,192.168.1.6,50334.0,192.168.1.4,21.0,tcp,9.553577184677124,119.0,188.0,SF,1.0,1.0,0.0,ShAdDafrF,18.0,1063.0,17.0,1056.0,FTP
1720728937.574795,Cynv481qF4n3SJzin6,192.168.1.6,42418.0,192.168.1.4,21.0,tcp,10.428984880447388,147.0,188.0,SF,1.0,1.0,0.0,ShAdDafrF,18.0,1091.0,17.0,1056.0,FTP
1720728125.137929,C7IPzqHOEUv9ajo7g,192.168.1.4,49818.0,192.168.1.1,53.0,udp,10.428984880447388,147.0,188.0,SF,1.0,1.0,0.0,ShAdDafrF,18.0,1091.0,17.0,1056.0,DNS
1720728306.058353,CaCylw3dZcq2MhwV9i,192.168.1.4,40959.0,142.250.65.194,443.0,udp,10.428984880447388,147.0,188.0,SF,1.0,1.0,0.0,ShAdDafrF,18.0,1091.0,17.0,1056.0,HTTPS
1720731679.976598,C3fcF51siI8FGt0Vq6,192.168.1.6,44904.0,192.168.1.4,21.0,tcp,10.837126970291138,152.0,188.0,SF,1.0,1.0,0.0,ShAdDafrF,18.0,1096.0,17.0,1056.0,FTP
1720730068.866552,CE63iihpO3hMZpwD3,192.168.1.6,51246.0,192.168.1.4,21.0,tcp,9.563386917114258,143.0,188.0,SF,1.0,1.0,0.0,ShAdDafrF,18.0,1087.0,17.0,1056.0,FTP
1720729432.356071,C8766V24PoiJ6SZZHk,192.168.1.4,51554.0,192.168.1.1,53.0,udp,0.074080944061279,62.0,248.0,SF,1.0,1.0,0.0,Dd,1.0,90.0,1.0,276.0,DNS
1720730277.872533,CYNmAv4XsZZR7VKBk6,192.168.1.6,54088.0,192.168.1.4,21.0,tcp,10.759299993515016,123.0,188.0,SF,1.0,1.0,0.0,ShAdDafFr,18.0,1067.0,17.0,1056.0,FTP
1720730359.95203,CPMsaL3sUSJnTidH7,192.168.1.6,56818.0,192.168.1.4,21.0,tcp,9.067378997802734,123.0,188.0,SF,1.0,1.0,0.0,ShAdDafrF,18.0,1067.0,17.0,1056.0,FTP
1720727702.874946,C4fYr7ePbBXpCNotd,192.168.1.4,40800.0,104.16.149.244,443.0,tcp,60.19845199584961,1781.0,5049.0,SF,1.0,0.0,0.0,ShADadFf,11.0,2361.0,9.0,5525.0,HTTPS
1720730641.145048,CA4Lld4LFaQg8QhwCb,192.168.1.6,48694.0,192.168.1.4,21.0,tcp,11.207503080368042,122.0,188.0,SF,1.0,1.0,0.0,ShAdDafFr,18.0,1066.0,17.0,1056.0,FTP
1720728561.160442,Cn8YZgjdibEhnwBb,192.168.1.6,50820.0,192.168.1.4,21.0,tcp,9.162063837051392,118.0,188.0,SF,1.0,1.0,0.0,ShAdDafrF,18.0,1062.0,17.0,1056.0,FTP
1720731381.829956,CJd3Fw1hltmpQfhB08,192.168.1.6,46310.0,192.168.1.4,21.0,tcp,9.312490940093994,158.0,188.0,SF,1.0,1.0,0.0,ShAdDafFr,18.0,1102.0,17.0,1056.0,FTP
1720728096.535827,CuolJ84L1vF9wXqAw6,192.168.1.4,44248.0,45.60.73.43,443.0,tcp,112.2158260345459,2579.0,1040736.0,SF,1.0,0.0,43010.0,ShADadttgFRf,233.0,15287.0,377.0,1060348.0,HTTPS
1720730730.92525,CB1D5a1EqfKmPyPwE6,192.168.1.6,50946.0,192.168.1.4,21.0,tcp,10.667646884918211,137.0,188.0,SF,1.0,1.0,0.0,ShAdDafrF,18.0,1081.0,17.0,1056.0,FTP
1720728154.564357,CA9DH429Gr6pGucbJ,192.168.1.4,33160.0,192.168.1.1,53.0,udp,10.667646884918211,137.0,188.0,SF,1.0,1.0,0.0,ShAdDafrF,18.0,1081.0,17.0,1056.0,DNS
1720731245.981908,CRJTqk3SWobgVRDx5h,192.168.1.6,36316.0,192.168.1.4,21.0,tcp,9.964425802230837,159.0,188.0,SF,1.0,1.0,0.0,ShAdDafrF,18.0,1103.0,17.0,1056.0,FTP
1720731558.054505,CsM1cG4DjCmdF2Ny6a,192.168.1.6,35612.0,192.168.1.4,21.0,tcp,9.797530889511108,142.0,188.0,SF,1.0,1.0,0.0,ShAdDafrF,18.0,1086.0,17.0,1056.0,FTP
1720728211.819372,CsrImJ6tq0hUo4Wga,192.168.1.4,51150.0,192.168.1.1,53.0,udp,9.797530889511108,142.0,188.0,SF,1.0,1.0,0.0,ShAdDafrF,18.0,1086.0,17.0,1056.0,DNS
1720728277.150821,ChZJ9b4lDjpe8DMrge,192.168.1.6,57494.0,192.168.1.4,21.0,tcp,10.807465076446531,118.0,188.0,SF,1.0,1.0,0.0,ShAdDafrF,18.0,1062.0,17.0,1056.0,FTP
1720727824.927435,C23zSjZM7CxcE4SQ7,192.168.1.4,51982.0,142.250.80.110,443.0,tcp,240.1641981601715,2438.0,8713.0,SF,1.0,0.0,0.0,ShADadFf,23.0,3642.0,21.0,9813.0,HTTPS
1720731157.713179,CU6m9HxMUwj4wk8Ii,192.168.1.6,59892.0,192.168.1.4,21.0,tcp,9.737245798110962,106.0,188.0,SF,1.0,1.0,0.0,ShAdDafFr,18.0,1050.0,17.0,1056.0,FTP
1720728031.165283,ClwJZo2yFYDxGLzoIb,192.168.1.6,43178.0,192.168.1.4,21.0,tcp,10.952125072479248,118.0,188.0,SF,1.0,1.0,0.0,ShAdDafrF,18.0,1062.0,17.0,1056.0,FTP
1720731889.351832,C1nNX33JRZHaesHSS6,192.168.1.6,59780.0,192.168.1.4,21.0,tcp,9.798892974853516,155.0,188.0,SF,1.0,1.0,0.0,ShAdDafrF,18.0,1099.0,17.0,1056.0,FTP
1720728190.326624,CFBdPMxKicUYrrCE6,192.168.1.4,43446.0,20.114.189.135,443.0,tcp,18.41559910774231,2944.0,5896.0,RSTO,1.0,0.0,0.0,ShADadfR,14.0,3680.0,12.0,6528.0,HTTPS
1720730163.515594,CshhQ83wy15RPpH0g3,192.168.1.6,34470.0,192.168.1.4,21.0,tcp,10.075275897979736,140.0,188.0,SF,1.0,1.0,0.0,ShAdDafrF,18.0,1084.0,17.0,1056.0,FTP
1720731336.515103,C6DXug2UPd50t2lcK,192.168.1.6,38318.0,192.168.1.4,21.0,tcp,9.9770028591156,161.0,188.0,SF,1.0,1.0,0.0,ShAdDafrF,18.0,1105.0,17.0,1056.0,FTP
1720728331.920378,CToJs62hOpDGMxGUah,192.168.1.4,44968.0,192.168.1.1,53.0,udp,9.9770028591156,161.0,188.0,SF,1.0,1.0,0.0,ShAdDafrF,18.0,1105.0,17.0,1056.0,DNS
1720730098.786395,CcodWA3h0ymDyV6eLl,192.168.1.6,48976.0,192.168.1.4,21.0,tcp,9.942764043807983,136.0,188.0,SF,1.0,1.0,0.0,ShAdDafrF,18.0,1080.0,17.0,1056.0,FTP
1720727763.940313,C0KZ2rjTCiN4lqBke,192.168.1.4,50218.0,192.168.1.1,53.0,udp,0.002316951751708,41.0,405.0,SF,1.0,1.0,0.0,Dd,1.0,69.0,1.0,433.0,DNS
1720730347.35216,C9NutE2cUzLrM2sap5,192.168.1.6,48958.0,192.168.1.4,21.0,tcp,10.32873511314392,127.0,188.0,SF,1.0,1.0,0.0,ShAdDafrF,18.0,1071.0,17.0,1056.0,FTP
1720727768.706878,C5ACGA1cHKFiYyzYL7,192.168.1.6,53430.0,192.168.1.4,21.0,tcp,8.720225095748901,118.0,188.0,SF,1.0,1.0,0.0,ShAdDafFr,18.0,1062.0,17.0,1056.0,FTP
1720730571.426504,Ci78aW2GTCM5NfQNci,192.168.1.6,33734.0,192.168.1.4,21.0,tcp,10.581022024154665,137.0,188.0,SF,1.0,1.0,0.0,ShAdDafFr,18.0,1081.0,17.0,1056.0,FTP
1720727872.848801,CEagtV3aA7QIlIfVH7,192.168.1.6,47864.0,192.168.1.4,21.0,tcp,9.466952085494995,118.0,188.0,SF,1.0,1.0,0.0,ShAdDafFr,18.0,1062.0,17.0,1056.0,FTP
1720731056.871306,CiZI6E1EaO7CifwSJ6,192.168.1.6,56156.0,192.168.1.4,21.0,tcp,9.80389404296875,129.0,188.0,SF,1.0,1.0,0.0,ShAdDafrF,18.0,1073.0,17.0,1056.0,FTP
1720729881.339627,CXep58jVqTlOzjSN9,192.168.1.6,46348.0,192.168.1.4,21.0,tcp,10.400341987609863,128.0,188.0,SF,1.0,1.0,0.0,ShAdDafrF,18.0,1072.0,17.0,1056.0,FTP
1720728096.370616,CQr3xk3tSFWoRlxka,192.168.1.4,49828.0,192.168.1.1,53.0,udp,0.030395984649658,50.0,401.0,SF,1.0,1.0,0.0,Dd,1.0,78.0,1.0,429.0,DNS
1720727943.727455,CJ67sg4uTB1oylj5R8,192.168.1.4,53245.0,192.168.1.1,53.0,udp,0.033921003341674,36.0,365.0,SF,1.0,1.0,0.0,Dd,1.0,64.0,1.0,393.0,DNS
1720727983.308045,CHwjUB36ub0NPMtO3,192.168.1.4,40755.0,192.168.1.1,53.0,udp,0.033921003341674,36.0,365.0,SF,1.0,1.0,0.0,Dd,1.0,64.0,1.0,393.0,DNS
1720729376.288697,C0TbyZ2hT0eGl6LXa4,192.168.1.6,47790.0,192.168.1.4,21.0,tcp,10.277803897857666,139.0,188.0,SF,1.0,1.0,0.0,ShAdDafrF,18.0,1083.0,17.0,1056.0,FTP
1720729814.064074,C3LejZ3wbcquUPQj7k,192.168.1.6,34314.0,192.168.1.4,21.0,tcp,9.543596982955933,124.0,188.0,SF,1.0,1.0,0.0,ShAdDafrF,18.0,1068.0,17.0,1056.0,FTP
1720728096.897712,CkOb6D4IitVcEpTzNe,192.168.1.4,40463.0,192.168.1.1,53.0,udp,9.543596982955933,124.0,188.0,SF,1.0,1.0,0.0,ShAdDafrF,18.0,1068.0,17.0,1056.0,DNS
1720728831.609291,CndWhM3zH0Uup5VLD2,192.168.1.6,47990.0,192.168.1.4,21.0,tcp,8.50177788734436,126.0,188.0,SF,1.0,1.0,0.0,ShAdDafrF,18.0,1070.0,17.0,1056.0,FTP
1720728605.978498,C8lAjq2qyF10gdXdrh,192.168.1.6,34136.0,192.168.1.4,21.0,tcp,10.012732982635498,122.0,188.0,SF,1.0,1.0,0.0,ShAdDafrF,18.0,1066.0,17.0,1056.0,FTP
1720728807.932257,C7TmnY3fToCl13S6uh,192.168.1.6,37414.0,192.168.1.4,21.0,tcp,10.55118203163147,128.0,188.0,SF,1.0,1.0,0.0,ShAdDafFr,18.0,1072.0,17.0,1056.0,FTP
1720730119.964022,Cz8CBL1vRsiOiC0va,192.168.1.6,48310.0,192.168.1.4,21.0,tcp,9.54596209526062,134.0,188.0,SF,1.0,1.0,0.0,ShAdDafFr,18.0,1078.0,17.0,1056.0,FTP
1720727764.155139,CG7eG71xf2kEArpfn6,192.168.1.4,44059.0,192.168.1.1,53.0,udp,0.001841068267822,52.0,108.0,SF,1.0,1.0,0.0,Dd,1.0,80.0,1.0,136.0,DNS
1720730762.851526,CavirE1q6wC8Q0fE7g,192.168.1.6,50968.0,192.168.1.4,21.0,tcp,9.77482795715332,133.0,188.0,SF,1.0,1.0,0.0,ShAdDafrF,18.0,1077.0,17.0,1056.0,FTP
1720728215.872677,CioWY31dfhq0JXYFEj,192.168.1.4,41822.0,192.168.1.1,53.0,udp,9.77482795715332,133.0,188.0,SF,1.0,1.0,0.0,ShAdDafrF,18.0,1077.0,17.0,1056.0,DNS
1720731207.335431,CrYVRD3kTH623JnNVj,192.168.1.6,58402.0,192.168.1.4,21.0,tcp,9.224251985549929,118.0,188.0,SF,1.0,1.0,0.0,ShAdDafrF,18.0,1062.0,17.0,1056.0,FTP
1720728124.745723,CQYt3g4EbELoAwlBO2,192.168.1.4,33871.0,192.168.1.1,53.0,udp,0.001380920410156,46.0,103.0,SF,1.0,1.0,0.0,Dd,1.0,74.0,1.0,131.0,DNS
1720729718.236761,CZ4Ivv4KZQTTjzzLc4,192.168.1.6,56546.0,192.168.1.4,21.0,tcp,9.337196826934814,122.0,188.0,SF,1.0,1.0,0.0,ShAdDafrF,18.0,1066.0,17.0,1056.0,FTP
1720727765.80461,COlTWc27uuNeqhLfsb,192.168.1.4,51839.0,192.168.1.1,53.0,udp,9.337196826934814,122.0,188.0,SF,1.0,1.0,0.0,ShAdDafrF,18.0,1066.0,17.0,1056.0,DNS
1720729017.716797,CAsB2A4CDKfu7loFdb,192.168.1.6,55704.0,192.168.1.4,21.0,tcp,9.694217920303345,112.0,188.0,SF,1.0,1.0,0.0,ShAdDafrF,18.0,1056.0,17.0,1056.0,FTP
1720728284.503466,Cy14Zu1zN9IQAS0bJj,192.168.1.6,43466.0,192.168.1.4,21.0,tcp,10.68874716758728,118.0,188.0,SF,1.0,1.0,0.0,ShAdDafrF,18.0,1062.0,17.0,1056.0,FTP
1720731513.726323,C7uRTk3d025HX0a4H9,192.168.1.6,47146.0,192.168.1.4,21.0,tcp,10.336018085479736,166.0,188.0,SF,1.0,1.0,0.0,ShAdDafrF,18.0,1110.0,17.0,1056.0,FTP
1720728275.065649,CTsLhAQK8xtvP8iyi,192.168.1.4,54990.0,13.107.253.40,443.0,tcp,10.336018085479736,166.0,188.0,SF,1.0,1.0,0.0,ShAdDafrF,18.0,1110.0,17.0,1056.0,HTTPS
1720728615.978086,CwXgB73Faln5MKxy87,192.168.1.6,37320.0,192.168.1.4,21.0,tcp,10.615295886993408,119.0,188.0,SF,1.0,1.0,0.0,ShAdDafrF,18.0,1063.0,17.0,1056.0,FTP
1720731452.423319,CLBEWv3x0aqma5oNYk,192.168.1.6,58934.0,192.168.1.4,21.0,tcp,10.75166392326355,139.0,188.0,SF,1.0,1.0,0.0,ShAdDafFr,18.0,1083.0,17.0,1056.0,FTP
1720729555.251078,CLFkHjjKMxIyXZXzc,192.168.1.6,56718.0,192.168.1.4,21.0,tcp,9.539186000823976,123.0,188.0,SF,1.0,1.0,0.0,ShAdDafrF,18.0,1067.0,17.0,1056.0,FTP
1720727831.284901,CvpzaeE7dtQhRkbga,192.168.1.6,52224.0,192.168.1.4,21.0,tcp,10.4706711769104,118.0,188.0,SF,1.0,1.0,0.0,ShAdDafFr,18.0,1062.0,17.0,1056.0,FTP
1720727763.140076,CgTucH3wNPekC8b4Sb,192.168.1.4,43720.0,192.168.1.1,53.0,udp,0.003618001937866,43.0,175.0,SF,1.0,1.0,0.0,Dd,1.0,71.0,1.0,203.0,DNS
1720729522.256679,CJSo2Deri28EaJT31,192.168.1.6,36528.0,192.168.1.4,21.0,tcp,9.95049285888672,120.0,188.0,SF,1.0,1.0,0.0,ShAdDafrF,18.0,1064.0,17.0,1056.0,FTP
1720727825.192256,CQOwkyL9zcoQQPeX4,192.168.1.4,60356.0,142.250.72.106,443.0,tcp,240.1878080368042,2855.0,50530.0,SF,1.0,0.0,0.0,ShADadFf,42.0,5047.0,57.0,53502.0,HTTPS
1720727824.430424,CWXKbgxd7GsFguVa,192.168.1.4,43462.0,142.251.40.238,443.0,tcp,240.1878080368042,2855.0,50530.0,SF,1.0,0.0,0.0,ShADadFf,42.0,5047.0,57.0,53502.0,HTTPS
1720728450.883448,ClOgxL3s2ewKQ35aaj,192.168.1.6,37950.0,192.168.1.4,21.0,tcp,10.660102128982544,118.0,188.0,SF,1.0,1.0,0.0,ShAdDafrF,18.0,1062.0,17.0,1056.0,FTP
1720728257.034682,CUpevK2sLHCLYMjAY1,192.168.1.6,46710.0,192.168.1.4,21.0,tcp,9.959490060806274,117.0,188.0,SF,1.0,1.0,0.0,ShAdDafrF,18.0,1061.0,17.0,1056.0,FTP
1720731724.77331,ClsgRt1mw98AXvP6D,192.168.1.6,34564.0,192.168.1.4,21.0,tcp,11.035470008850098,177.0,188.0,SF,1.0,1.0,0.0,ShAdDafFr,18.0,1121.0,17.0,1056.0,FTP
1720730759.751737,C5RQfBHvYFLp36R1l,192.168.1.6,50926.0,192.168.1.4,21.0,tcp,9.482600927352903,130.0,188.0,SF,1.0,1.0,0.0,ShAdDafrF,18.0,1074.0,17.0,1056.0,FTP
1720731078.961457,CVctG24N1JtqVubEzh,192.168.1.6,57012.0,192.168.1.4,21.0,tcp,10.784527063369753,128.0,188.0,SF,1.0,1.0,0.0,ShAdDafrF,18.0,1072.0,17.0,1056.0,FTP
1720729895.389029,CLCayX21GiXI2vyik7,192.168.1.6,59674.0,192.168.1.4,21.0,tcp,10.82627296447754,125.0,188.0,SF,1.0,1.0,0.0,ShAdDafrF,18.0,1069.0,17.0,1056.0,FTP
1720730697.850208,CxXH9adEgLLGJa25g,192.168.1.6,39378.0,192.168.1.4,21.0,tcp,10.726136922836304,130.0,188.0,SF,1.0,1.0,0.0,ShAdDafrF,18.0,1074.0,17.0,1056.0,FTP
1720728155.623064,CwCFAU1oKLb1mjps0b,192.168.1.4,50923.0,192.168.1.1,53.0,udp,10.726136922836304,130.0,188.0,SF,1.0,1.0,0.0,ShAdDafrF,18.0,1074.0,17.0,1056.0,DNS
1720730092.83656,CcYSdh2CeegSZCPhti,192.168.1.6,33676.0,192.168.1.4,21.0,tcp,9.777796030044556,147.0,188.0,SF,1.0,1.0,0.0,ShAdDafFr,18.0,1091.0,17.0,1056.0,FTP
1720730399.315867,CJSv23bdtRMfIBIi,192.168.1.6,34026.0,192.168.1.4,21.0,tcp,9.274565935134888,122.0,188.0,SF,1.0,1.0,0.0,ShAdDafrF,18.0,1066.0,17.0,1056.0,FTP
1720727924.311505,CIkokq3RulfhOfxmb1,192.168.1.4,39180.0,31.13.71.36,443.0,udp,0.18198800086975,4250.0,4879.0,SF,1.0,0.0,0.0,Dd,11.0,4558.0,14.0,5271.0,HTTPS
1720728034.414297,CuAAZb3Aw0pzkzL1cl,192.168.1.4,35802.0,144.118.67.10,443.0,tcp,124.03392100334167,6243.0,264543.0,RSTR,1.0,0.0,0.0,ShADadtr,73.0,10059.0,118.0,270675.0,HTTPS
1720731297.938382,CqjM12exkOgMYlVgl,192.168.1.6,44870.0,192.168.1.4,21.0,tcp,10.193373203277588,165.0,188.0,SF,1.0,1.0,0.0,ShAdDafrF,18.0,1109.0,17.0,1056.0,FTP
1720728454.177922,CUFNs91Gzv1O0Nxjya,192.168.1.6,55970.0,192.168.1.4,21.0,tcp,10.720942974090576,118.0,188.0,SF,1.0,1.0,0.0,ShAdDafrF,18.0,1062.0,17.0,1056.0,FTP
1720727884.931387,CZrt9z2xJQRwCpvkc3,192.168.1.4,46578.0,192.168.1.1,53.0,udp,0.026031017303466,41.0,191.0,SF,1.0,1.0,0.0,Dd,1.0,69.0,1.0,219.0,DNS
1720731185.991623,CdVRj62ICH0QCNwc0d,192.168.1.6,48928.0,192.168.1.4,21.0,tcp,9.257410049438477,121.0,188.0,SF,1.0,1.0,0.0,ShAdDafrF,18.0,1065.0,17.0,1056.0,FTP
1720731332.905301,C048QU3KQqA3iGUI1c,192.168.1.6,35352.0,192.168.1.4,21.0,tcp,9.475441932678224,175.0,188.0,SF,1.0,1.0,0.0,ShAdDafrF,18.0,1119.0,17.0,1056.0,FTP
1720728154.595032,CWK9iQ2tCAJ7YXxyMd,192.168.1.4,36236.0,192.168.1.1,53.0,udp,9.475441932678224,175.0,188.0,SF,1.0,1.0,0.0,ShAdDafrF,18.0,1119.0,17.0,1056.0,DNS
1720728096.405748,Cw6wck48nwD0ixwaYb,192.168.1.4,45074.0,23.212.250.9,443.0,tcp,112.39851808547974,3940.0,5356.0,SF,1.0,0.0,0.0,ShADadFRf,18.0,4860.0,16.0,6196.0,HTTPS
1720728245.15943,CR8IVl1ImdbBipRrHj,192.168.1.4,60596.0,192.168.1.1,53.0,udp,112.39851808547974,3940.0,5356.0,SF,1.0,0.0,0.0,ShADadFRf,18.0,4860.0,16.0,6196.0,DNS
1720730841.205043,Cd0XaT2vVRPGZ78mel,192.168.1.6,40860.0,192.168.1.4,21.0,tcp,9.644937992095947,122.0,188.0,SF,1.0,1.0,0.0,ShAdDafFr,18.0,1066.0,17.0,1056.0,FTP
1720728771.386238,CwIKrrSlwLYzCVPfb,192.168.1.6,33060.0,192.168.1.4,21.0,tcp,9.775806903839111,129.0,188.0,SF,1.0,1.0,0.0,ShAdDafrF,18.0,1073.0,17.0,1056.0,FTP
1720731096.284707,CxBF914yIW7iKBcfhd,192.168.1.6,43274.0,192.168.1.4,21.0,tcp,10.46601390838623,123.0,188.0,SF,1.0,1.0,0.0,ShAdDafrF,18.0,1067.0,17.0,1056.0,FTP
1720730506.483008,CA4T3L3uG235IhpYee,192.168.1.6,60858.0,192.168.1.4,21.0,tcp,9.684638023376465,132.0,188.0,SF,1.0,1.0,0.0,ShAdDafFr,18.0,1076.0,17.0,1056.0,FTP
1720728211.841796,Ch4BOQ1uyenBP7tRVa,192.168.1.4,60332.0,204.79.197.239,443.0,tcp,9.684638023376465,132.0,188.0,SF,1.0,1.0,0.0,ShAdDafFr,18.0,1076.0,17.0,1056.0,HTTPS
1720727913.784582,CqvkCh3qRDdRpExcCj,192.168.1.4,32778.0,18.238.4.118,443.0,tcp,244.4556851387024,5743.0,79312.0,SF,1.0,0.0,0.0,ShADadfF,63.0,9027.0,70.0,82960.0,HTTPS
1720728086.267021,CuctdbCp766oob8ni,192.168.1.6,35058.0,192.168.1.4,21.0,tcp,9.97570514678955,118.0,188.0,SF,1.0,1.0,0.0,ShAdDafrF,18.0,1062.0,17.0,1056.0,FTP
1720730759.720447,CiNT1G4BR0J184Mkwd,192.168.1.6,50908.0,192.168.1.4,21.0,tcp,9.470954895019531,126.0,188.0,SF,1.0,1.0,0.0,ShAdDafrF,18.0,1070.0,17.0,1056.0,FTP
1720727764.933966,CNZte61mpHTDMm0MU2,192.168.1.4,44220.0,192.168.1.1,53.0,udp,0.011134147644042,60.0,120.0,SF,1.0,1.0,0.0,Dd,1.0,88.0,1.0,148.0,DNS
1720729003.427299,CL8RdRbMQ6eDHGKR6,192.168.1.6,33842.0,192.168.1.4,21.0,tcp,10.596174001693726,129.0,188.0,SF,1.0,1.0,0.0,ShAdDafrF,18.0,1073.0,17.0,1056.0,FTP
1720728306.243451,Cn074R28VT4JoxrSog,192.168.1.4,46924.0,13.224.214.58,443.0,tcp,10.596174001693726,129.0,188.0,SF,1.0,1.0,0.0,ShAdDafrF,18.0,1073.0,17.0,1056.0,HTTPS
1720729654.275314,CQMDrm17GGxn3kbUV1,192.168.1.6,55762.0,192.168.1.4,21.0,tcp,10.100860834121704,116.0,188.0,SF,1.0,1.0,0.0,ShAdDafrF,18.0,1060.0,17.0,1056.0,FTP
1720730445.951649,Cqxh9c9SyKeHOYARd,192.168.1.6,44108.0,192.168.1.4,21.0,tcp,9.815551042556764,123.0,188.0,SF,1.0,1.0,0.0,ShAdDafrF,18.0,1067.0,17.0,1056.0,FTP
1720728275.024201,CsPEl413siB667Q5wd,192.168.1.4,54588.0,192.168.1.1,53.0,udp,0.001149177551269,71.0,152.0,SF,1.0,1.0,0.0,Dd,1.0,99.0,1.0,180.0,DNS
1720727768.727144,CGiZkE42vAOUItk5a,192.168.1.6,53432.0,192.168.1.4,21.0,tcp,8.675050020217896,118.0,188.0,SF,1.0,1.0,0.0,ShAdDafFr,18.0,1062.0,17.0,1056.0,FTP
1720727767.875924,CAeCdBjKy5GPMWsH3,192.168.1.4,36124.0,52.168.117.171,443.0,tcp,8.675050020217896,118.0,188.0,SF,1.0,1.0,0.0,ShAdDafFr,18.0,1062.0,17.0,1056.0,HTTPS
1720728246.867379,Cuq86E2drP2V2sthX,192.168.1.6,50864.0,192.168.1.4,21.0,tcp,10.784533977508543,117.0,188.0,SF,1.0,1.0,0.0,ShAdDafrF,18.0,1061.0,17.0,1056.0,FTP
1720727881.31146,CqocbR3EPkrN51qhwf,192.168.1.4,34024.0,192.168.1.1,53.0,udp,0.030117034912109,76.0,670.0,SF,1.0,1.0,0.0,Dd,1.0,104.0,1.0,698.0,DNS
1720727947.434173,COVVhA3AS8HnDr0uJ9,192.168.1.6,60246.0,192.168.1.4,21.0,tcp,10.69048285484314,118.0,188.0,SF,1.0,1.0,0.0,ShAdDafFr,18.0,1062.0,17.0,1056.0,FTP
1720728186.319952,CGAGq53Irph0FBxcO1,192.168.1.4,49186.0,23.205.106.91,443.0,tcp,22.43683290481568,5390.0,6979.0,SF,1.0,0.0,0.0,ShADadFfR,15.0,6154.0,13.0,7663.0,HTTPS
1720730914.805323,CfR19N1VUo3oo0SPRl,192.168.1.6,34628.0,192.168.1.4,21.0,tcp,11.100402116775513,137.0,188.0,SF,1.0,1.0,0.0,ShAdDafrF,18.0,1081.0,17.0,1056.0,FTP
1720729462.896641,CAFaUz1G9kYBfUeaL9,192.168.1.6,56546.0,192.168.1.4,21.0,tcp,10.7863609790802,134.0,188.0,SF,1.0,1.0,0.0,ShAdDafrF,18.0,1078.0,17.0,1056.0,FTP
1720728716.000265,CqtFqd3I16l8HP7YH8,192.168.1.6,45192.0,192.168.1.4,21.0,tcp,10.60552215576172,144.0,188.0,SF,1.0,1.0,0.0,ShAdDafrF,18.0,1088.0,17.0,1056.0,FTP
1720727884.849714,Cc3req20jQiLQkNIM4,192.168.1.4,47782.0,192.168.1.1,53.0,udp,0.047271013259887,57.0,138.0,SF,1.0,1.0,0.0,Dd,1.0,85.0,1.0,166.0,DNS
1720729700.692806,CC4bb92QkDHj3l1dWd,192.168.1.6,36730.0,192.168.1.4,21.0,tcp,9.519869089126589,129.0,188.0,SF,1.0,1.0,0.0,ShAdDafrF,18.0,1073.0,17.0,1056.0,FTP
1720729337.435968,CuLdTs2HmX5Hs9WGQf,192.168.1.6,50784.0,192.168.1.4,21.0,tcp,10.368527173995972,119.0,188.0,SF,1.0,1.0,0.0,ShAdDafFr,18.0,1063.0,17.0,1056.0,FTP
1720727824.835785,C3cNfK2l50BVG5jRF6,192.168.1.4,36570.0,142.250.64.97,443.0,tcp,10.368527173995972,119.0,188.0,SF,1.0,1.0,0.0,IIiiiIhhhHHhHH,18.0,1063.0,17.0,1056.0,HTTPS
1720730740.431685,CuXDO83Wmd1qPJvcGe,192.168.1.6,52496.0,192.168.1.4,21.0,tcp,9.241987943649292,120.0,188.0,SF,1.0,1.0,0.0,ShAdDafrF,18.0,1064.0,17.0,1056.0,FTP
1720727915.389007,CaxozC172c5kj2wMJ2,192.168.1.4,54779.0,192.168.1.1,53.0,udp,9.241987943649292,120.0,188.0,SF,1.0,1.0,0.0,ShAdDafrF,18.0,1064.0,17.0,1056.0,DNS
1720729753.296516,CbWSSj3ZuTCfjMAvJg,192.168.1.6,43520.0,192.168.1.4,21.0,tcp,9.548135042190552,115.0,188.0,SF,1.0,1.0,0.0,ShAdDafrF,18.0,1059.0,17.0,1056.0,FTP
1720730679.832334,CqkZuF3Pj0NwyHdm9g,192.168.1.6,42302.0,192.168.1.4,21.0,tcp,9.531024932861328,127.0,188.0,SF,1.0,1.0,0.0,ShAdDafrF,18.0,1071.0,17.0,1056.0,FTP
1720731875.696345,CFudlL3tbwjqmgUH4d,192.168.1.6,46340.0,192.168.1.4,21.0,tcp,10.435112953186035,159.0,188.0,SF,1.0,1.0,0.0,ShAdDafFr,18.0,1103.0,17.0,1056.0,FTP
1720729982.705213,CJlvwr40GZMjEy2Yv9,192.168.1.6,38360.0,192.168.1.4,21.0,tcp,9.343852043151855,126.0,188.0,SF,1.0,1.0,0.0,ShAdDafrF,18.0,1070.0,17.0,1056.0,FTP
1720729091.673073,C1Jtut7lhgkpyr42l,192.168.1.6,50604.0,192.168.1.4,21.0,tcp,10.18648600578308,114.0,188.0,SF,1.0,1.0,0.0,ShAdDafrF,18.0,1058.0,17.0,1056.0,FTP
1720728848.260544,CItWlt35YD1wiz1u62,192.168.1.6,39730.0,192.168.1.4,21.0,tcp,9.501168966293337,113.0,188.0,SF,1.0,1.0,0.0,ShAdDafrF,18.0,1057.0,17.0,1056.0,FTP
1720728245.14491,CDGzw92nZQauY0drB3,192.168.1.4,38925.0,192.168.1.1,53.0,udp,0.015234947204589,43.0,189.0,SF,1.0,1.0,0.0,Dd,1.0,71.0,1.0,217.0,DNS
1720731126.611134,CuuM3711vYRo1fbPIk,192.168.1.6,38828.0,192.168.1.4,21.0,tcp,10.154634952545166,109.0,188.0,SF,1.0,1.0,0.0,ShAdDafrF,18.0,1053.0,17.0,1056.0,FTP
1720728521.954899,CCpoVg3GSNPG3gYVy1,192.168.1.6,48388.0,192.168.1.4,21.0,tcp,10.04239797592163,115.0,188.0,SF,1.0,1.0,0.0,ShAdDafrF,18.0,1059.0,17.0,1056.0,FTP
1720731621.744943,C3KfsWNqHsreJ88Bi,192.168.1.6,45166.0,192.168.1.4,21.0,tcp,9.1535542011261,175.0,188.0,SF,1.0,1.0,0.0,ShAdDafrF,18.0,1119.0,17.0,1056.0,FTP
1720729198.777717,C7psz12IrmNKU7gDB1,192.168.1.6,39138.0,192.168.1.4,21.0,tcp,10.252344846725464,127.0,188.0,SF,1.0,1.0,0.0,ShAdDafFr,18.0,1071.0,17.0,1056.0,FTP
1720731128.462231,CLd2RAbu0kRMNxXIa,192.168.1.6,38874.0,192.168.1.4,21.0,tcp,9.49462103843689,108.0,188.0,SF,1.0,1.0,0.0,ShAdDafrF,18.0,1052.0,17.0,1056.0,FTP
1720727763.991637,C8PGZP2zzfow2tVHs3,192.168.1.4,33656.0,192.168.1.1,53.0,udp,0.009040117263793,49.0,114.0,SF,1.0,1.0,0.0,Dd,1.0,77.0,1.0,142.0,DNS
1720728245.130367,C2oxvq4Et5ATE2L1bg,192.168.1.4,47892.0,20.84.248.18,443.0,tcp,60.16381001472473,1930.0,5963.0,SF,1.0,0.0,0.0,ShADadFf,12.0,2562.0,10.0,6491.0,HTTPS
1720728676.981862,CTrNp3rAvOo4UPGcd,192.168.1.6,41492.0,192.168.1.4,21.0,tcp,11.40827703475952,139.0,188.0,SF,1.0,1.0,0.0,ShAdDafrF,18.0,1083.0,17.0,1056.0,FTP
1720731881.375062,CO2IaJ2lKvLnfQhc4,192.168.1.6,46454.0,192.168.1.4,21.0,tcp,9.768867015838625,195.0,188.0,SF,1.0,1.0,0.0,ShAdDafrF,18.0,1139.0,17.0,1056.0,FTP
1720728034.935021,CSRcZ82H2hJDIHxOt1,192.168.1.4,54353.0,192.168.1.1,53.0,udp,0.033797979354858,52.0,117.0,SF,1.0,1.0,0.0,Dd,1.0,80.0,1.0,145.0,DNS
1720729651.687817,Clr2Sv1Q2Nz71vR0o,192.168.1.6,46120.0,192.168.1.4,21.0,tcp,9.15593695640564,117.0,188.0,SF,1.0,1.0,0.0,ShAdDafrF,18.0,1061.0,17.0,1056.0,FTP
1720731881.247021,CKPmRP1eEojRfwGbWc,192.168.1.6,46426.0,192.168.1.4,21.0,tcp,9.766130924224854,198.0,188.0,SF,1.0,1.0,0.0,ShAdDafFr,18.0,1142.0,17.0,1056.0,FTP
1720730857.256864,CXBwX4FC09lQm3CG2,192.168.1.6,41980.0,192.168.1.4,21.0,tcp,10.57069492340088,153.0,188.0,SF,1.0,1.0,0.0,ShAdDafFr,18.0,1097.0,17.0,1056.0,FTP
1720728244.926998,CRma4KAkRei3pWggf,192.168.1.4,53897.0,192.168.1.1,53.0,udp,10.57069492340088,153.0,188.0,SF,1.0,1.0,0.0,ShAdDafFr,18.0,1097.0,17.0,1056.0,DNS
1720729998.012157,C0E16G1Dn2IjDrwtWg,192.168.1.6,52158.0,192.168.1.4,21.0,tcp,9.791033029556274,138.0,188.0,SF,1.0,1.0,0.0,ShAdDafrF,18.0,1082.0,17.0,1056.0,FTP
1720727882.325992,CaWITtx4g3eqZn4P1,192.168.1.6,46424.0,192.168.1.4,21.0,tcp,9.97716498374939,118.0,188.0,SF,1.0,1.0,0.0,ShAdDafFr,18.0,1062.0,17.0,1056.0,FTP
1720727914.908537,C1mx2C4fVN0nmNlb47,192.168.1.4,46412.0,13.224.214.16,443.0,tcp,9.97716498374939,118.0,188.0,SF,1.0,1.0,0.0,ShAdDafFr,18.0,1062.0,17.0,1056.0,HTTPS
1720731106.789934,CEBXJA23x59fAXkBSl,192.168.1.6,40358.0,192.168.1.4,21.0,tcp,10.392563104629517,114.0,188.0,SF,1.0,1.0,0.0,ShAdDafFr,18.0,1058.0,17.0,1056.0,FTP
1720729840.002752,CM0iUu1zgrbunGRWw5,192.168.1.6,43466.0,192.168.1.4,21.0,tcp,10.21887183189392,126.0,188.0,SF,1.0,1.0,0.0,ShAdDafFr,18.0,1070.0,17.0,1056.0,FTP
1720729719.739998,CVpTgH3Ja8Yd5cDt2f,192.168.1.6,56576.0,192.168.1.4,21.0,tcp,9.82843279838562,109.0,188.0,SF,1.0,1.0,0.0,ShAdDafrF,18.0,1053.0,17.0,1056.0,FTP
1720728849.51013,Ciev3l4SSeSMWe3DT,192.168.1.6,39760.0,192.168.1.4,21.0,tcp,9.699326992034912,120.0,188.0,SF,1.0,1.0,0.0,ShAdDafrF,18.0,1064.0,17.0,1056.0,FTP
1720728275.020134,Cfgh2k2mXL3eedvca,192.168.1.4,40048.0,192.168.1.1,53.0,udp,0.037861108779907,57.0,313.0,SF,1.0,1.0,0.0,Dd,1.0,85.0,1.0,341.0,DNS
1720728124.833408,CLgSpo2Hn2NXejfdqh,192.168.1.4,39122.0,18.238.4.35,443.0,udp,0.037861108779907,57.0,313.0,SF,1.0,1.0,0.0,Dd,1.0,85.0,1.0,341.0,HTTPS
1720727824.835785,C3cNfK2l50BVG5jRF6,192.168.1.4,36570.0,142.250.64.97,443.0,udp,0.56981611251831,11440.0,1783462.0,SF,1.0,0.0,0.0,Dd,206.0,17208.0,1471.0,1824650.0,HTTPS
1720728155.134022,CgLPMk43MhA2J6EQX1,192.168.1.4,34542.0,142.251.32.104,443.0,udp,0.086206912994384,4021.0,8802.0,SF,1.0,0.0,0.0,Dd,7.0,4217.0,10.0,9082.0,HTTPS
1720728219.960915,CP8xUX2I6lQVhMK5U1,192.168.1.4,46164.0,23.194.190.234,443.0,tcp,121.42655181884766,6198.0,131532.0,SF,1.0,0.0,0.0,ShADadfF,67.0,9690.0,106.0,137052.0,HTTPS
1720728551.999994,Ctx6qA20B8ikuQTzQ9,192.168.1.6,33106.0,192.168.1.4,21.0,tcp,10.121108055114746,118.0,188.0,SF,1.0,1.0,0.0,ShAdDafFr,18.0,1062.0,17.0,1056.0,FTP
1720730610.182204,CNgzk44VN83EvVYJJd,192.168.1.6,41852.0,192.168.1.4,21.0,tcp,10.50705599784851,128.0,188.0,SF,1.0,1.0,0.0,ShAdDafrF,18.0,1072.0,17.0,1056.0,FTP
1720727915.407635,CxG8J42BnfjELTVwO,192.168.1.4,50040.0,162.247.243.29,443.0,tcp,10.50705599784851,128.0,188.0,SF,1.0,1.0,0.0,ShAdDafrF,18.0,1072.0,17.0,1056.0,HTTPS
1720726385.957036,Cdive34t9paPgY3ru,144.80.110.68,49998.0,192.168.1.4,22.0,tcp,1965.514226913452,2004.0,14598.0,SF,0.0,1.0,0.0,ShAdDaFf,27.0,3096.0,27.0,15690.0,SSH
1720730658.733626,CdDsNzpWvwulEHcRh,192.168.1.6,44692.0,192.168.1.4,21.0,tcp,10.229149103164673,132.0,188.0,SF,1.0,1.0,0.0,ShAdDafrF,18.0,1076.0,17.0,1056.0,FTP
1720727914.188108,CXFDrtrU6nOMTTVei,192.168.1.4,40169.0,192.168.1.1,53.0,udp,0.004971981048583,58.0,145.0,SF,1.0,1.0,0.0,Dd,1.0,86.0,1.0,173.0,DNS
1720729574.686284,CvTk0s2352wdWUIlF,192.168.1.6,51826.0,192.168.1.4,21.0,tcp,10.102129936218262,112.0,188.0,SF,1.0,1.0,0.0,ShAdDafrF,18.0,1056.0,17.0,1056.0,FTP
1720728245.202816,CAsmjV3RQHUgrQQ1g1,192.168.1.4,50738.0,192.168.1.1,53.0,udp,10.102129936218262,112.0,188.0,SF,1.0,1.0,0.0,ShAdDafrF,18.0,1056.0,17.0,1056.0,DNS
1720730180.4805,CxSvNi3smcKS1F0J7,192.168.1.6,45006.0,192.168.1.4,21.0,tcp,10.561552047729492,121.0,188.0,SF,1.0,1.0,0.0,ShAdDafFr,18.0,1065.0,17.0,1056.0,FTP
1720729509.971461,C1uCbAZwEWD1ifYKe,192.168.1.6,39586.0,192.168.1.4,21.0,tcp,10.33843994140625,114.0,188.0,SF,1.0,1.0,0.0,ShAdDafrF,18.0,1058.0,17.0,1056.0,FTP
1720728465.346214,Cme54RaYYgaHgA8g3,192.168.1.6,40986.0,192.168.1.4,21.0,tcp,9.898181915283203,116.0,188.0,SF,1.0,1.0,0.0,ShAdDafrF,18.0,1060.0,17.0,1056.0,FTP
1720728989.786019,Csp9Nb2K998Vo8Z9o6,192.168.1.6,34086.0,192.168.1.4,21.0,tcp,10.162211894989014,118.0,188.0,SF,1.0,1.0,0.0,ShAdDafrF,18.0,1062.0,17.0,1056.0,FTP
1720728034.66979,CWLxfEUhE87KDS3c6,192.168.1.4,42994.0,104.96.220.114,443.0,tcp,120.1803810596466,3250.0,543621.0,SF,1.0,0.0,33304.0,ShADadgtfF,133.0,10186.0,186.0,553301.0,HTTPS
1720728088.240314,CAMsbd2daw7QeOSWVg,192.168.1.6,35070.0,192.168.1.4,21.0,tcp,9.82599687576294,118.0,188.0,SF,1.0,1.0,0.0,ShAdDafrF,18.0,1062.0,17.0,1056.0,FTP
1720727763.832812,CJ8BYM23HmSJlRelK,192.168.1.4,59796.0,204.79.197.203,443.0,tcp,124.97295093536376,3919.0,7151.0,RSTR,1.0,0.0,0.0,ShADadr,15.0,4539.0,19.0,7923.0,HTTPS
1720730518.608043,CTqI5yH0XiTqA6kW6,192.168.1.6,46304.0,192.168.1.4,21.0,tcp,9.888823986053469,133.0,188.0,SF,1.0,1.0,0.0,ShAdDafrF,18.0,1077.0,17.0,1056.0,FTP
1720729305.774023,CQF47m1E1WltUDqfdl,192.168.1.6,43784.0,192.168.1.4,21.0,tcp,9.660496950149536,133.0,188.0,SF,1.0,1.0,0.0,ShAdDafrF,18.0,1077.0,17.0,1056.0,FTP
1720728335.526852,CGmuD84mQ8v3uYlsh4,192.168.1.4,43533.0,104.18.12.201,443.0,tcp,9.660496950149536,133.0,188.0,SF,1.0,1.0,0.0,IIiiiihhhhIHHH,18.0,1077.0,17.0,1056.0,HTTPS
1720728096.687577,CyLS2c2wSUQhDatSS5,192.168.1.4,33810.0,192.168.1.1,53.0,udp,0.001127004623413,60.0,126.0,SF,1.0,1.0,0.0,Dd,1.0,88.0,1.0,154.0,DNS
1720728551.117426,CK1cVu5qFm3pONj2k,192.168.1.6,33084.0,192.168.1.4,21.0,tcp,10.042870044708252,118.0,188.0,SF,1.0,1.0,0.0,ShAdDafrF,18.0,1062.0,17.0,1056.0,FTP
1720731413.197075,CppBUe1j8uZZEnVzF1,192.168.1.6,38960.0,192.168.1.4,21.0,tcp,10.216832160949709,156.0,188.0,SF,1.0,1.0,0.0,ShAdDafrF,18.0,1100.0,17.0,1056.0,FTP
1720727937.217762,CMqxge1rBJpnI3iQQg,192.168.1.6,41556.0,192.168.1.4,21.0,tcp,10.279047966003418,116.0,188.0,SF,1.0,1.0,0.0,ShAdDafrF,18.0,1060.0,17.0,1056.0,FTP
1720729576.352018,CZt9Cn3hpZgrfEW3Nb,192.168.1.6,51896.0,192.168.1.4,21.0,tcp,9.78692388534546,111.0,188.0,SF,1.0,1.0,0.0,ShAdDafrF,18.0,1055.0,17.0,1056.0,FTP
1720731524.024171,CwqC571dHe4iKmYBh4,192.168.1.6,46424.0,192.168.1.4,21.0,tcp,10.127972841262816,154.0,188.0,SF,1.0,1.0,0.0,ShAdDafrF,18.0,1098.0,17.0,1056.0,FTP
1720730974.966933,CEtSCS1OjB4yCDsWV4,192.168.1.6,36180.0,192.168.1.4,21.0,tcp,10.35459303855896,129.0,188.0,SF,1.0,1.0,0.0,ShAdDafrF,18.0,1073.0,17.0,1056.0,FTP
1720729837.696732,CgMAWM1Fm8oNNxa7pf,192.168.1.6,43432.0,192.168.1.4,21.0,tcp,10.874932050704956,130.0,188.0,SF,1.0,1.0,0.0,ShAdDafrF,18.0,1074.0,17.0,1056.0,FTP
1720728694.776918,CuD9sh2JYVF5oBjUP2,192.168.1.6,40080.0,192.168.1.4,21.0,tcp,10.48287796974182,140.0,188.0,SF,1.0,1.0,0.0,ShAdDafrF,18.0,1084.0,17.0,1056.0,FTP
1720728543.49617,CpzAO22NDeLDCDoahg,192.168.1.6,32974.0,192.168.1.4,21.0,tcp,9.883023023605348,118.0,188.0,SF,1.0,1.0,0.0,ShAdDafrF,18.0,1062.0,17.0,1056.0,FTP
1720729432.331486,Ccvf032HhfbgPs5iml,192.168.1.4,34521.0,192.168.1.1,53.0,udp,9.883023023605348,118.0,188.0,SF,1.0,1.0,0.0,ShAdDafrF,18.0,1062.0,17.0,1056.0,DNS
1720729922.717961,CQzHHx3RYvM3hPXC49,192.168.1.6,45614.0,192.168.1.4,21.0,tcp,10.907193899154665,144.0,188.0,SF,1.0,1.0,0.0,ShAdDafrF,18.0,1088.0,17.0,1056.0,FTP
1720728004.062842,Cs9Cx7B7R1CD8jYo1,192.168.1.4,37012.0,104.16.149.244,443.0,tcp,10.907193899154665,144.0,188.0,SF,1.0,1.0,0.0,IIZZZiiiiI,18.0,1088.0,17.0,1056.0,HTTPS
1720728034.071771,C7veweKyywCwy0Dt7,192.168.1.4,33440.0,192.168.1.1,53.0,udp,10.907193899154665,144.0,188.0,SF,1.0,1.0,0.0,IIZZZiiiiI,18.0,1088.0,17.0,1056.0,DNS
1720728183.671221,CZ3iZh1SFWU003xYFf,192.168.1.6,42626.0,192.168.1.4,21.0,tcp,9.418930053710938,118.0,188.0,SF,1.0,1.0,0.0,ShAdDafFr,18.0,1062.0,17.0,1056.0,FTP
1720729762.844806,CDMjSB4pTBNfiONLC3,192.168.1.6,43654.0,192.168.1.4,21.0,tcp,10.220849990844728,116.0,188.0,SF,1.0,1.0,0.0,ShAdDafrF,18.0,1060.0,17.0,1056.0,FTP
1720728186.495414,CrD8fN2hkGgPP0h9Jc,192.168.1.4,41314.0,192.168.1.1,53.0,udp,10.220849990844728,116.0,188.0,SF,1.0,1.0,0.0,ShAdDafrF,18.0,1060.0,17.0,1056.0,DNS
1720729964.980121,C7Dqnfmk8rORL4lB3,192.168.1.6,36170.0,192.168.1.4,21.0,tcp,10.195157051086426,120.0,188.0,SF,1.0,1.0,0.0,ShAdDafrF,18.0,1064.0,17.0,1056.0,FTP
1720728091.123441,CylxUz21F6jJdGJHa8,192.168.1.4,37626.0,192.168.1.1,53.0,udp,0.001151084899902,53.0,113.0,SF,1.0,1.0,0.0,Dd,1.0,81.0,1.0,141.0,DNS
1720729720.262743,CyAalRytmI6FWGz15,192.168.1.6,56606.0,192.168.1.4,21.0,tcp,9.833236932754517,125.0,188.0,SF,1.0,1.0,0.0,ShAdDafrF,18.0,1069.0,17.0,1056.0,FTP
1720729749.777451,CesAfW3PFXN5tfXZ8i,192.168.1.6,60746.0,192.168.1.4,21.0,tcp,9.850595951080322,114.0,188.0,SF,1.0,1.0,0.0,ShAdDafFr,18.0,1058.0,17.0,1056.0,FTP
1720729389.871592,CXpBezEZBH6r9ifzj,192.168.1.6,36174.0,192.168.1.4,21.0,tcp,10.253324031829834,128.0,188.0,SF,1.0,1.0,0.0,ShAdDafrF,18.0,1072.0,17.0,1056.0,FTP
1720728215.464421,C33cih2NMj5nHuSwk1,192.168.1.6,42358.0,192.168.1.4,21.0,tcp,9.602527856826782,118.0,188.0,SF,1.0,1.0,0.0,ShAdDafrF,18.0,1062.0,17.0,1056.0,FTP
1720729333.235114,CD3tGX2TvSqkrwWrzj,192.168.1.4,46072.0,91.189.91.97,80.0,tcp,0.041059017181396,88.0,185.0,SF,1.0,0.0,0.0,ShADdFfa,6.0,408.0,4.0,401.0,HTTP
1720731943.233615,CK96qv44BX4UP4K1Oi,192.168.1.4,60997.0,192.168.1.1,53.0,udp,0.000678062438964,58.0,394.0,SF,1.0,1.0,0.0,Dd,1.0,86.0,1.0,422.0,DNS
1720727770.327171,CwyXrn1VN7m9QwClG2,192.168.1.4,40356.0,20.114.189.135,443.0,udp,0.000678062438964,58.0,394.0,SF,1.0,1.0,0.0,Dd,1.0,86.0,1.0,422.0,HTTPS
1720728158.402429,CL4Ktf35HpxYZ5nYFk,192.168.1.6,47784.0,192.168.1.4,21.0,tcp,9.324490785598757,118.0,188.0,SF,1.0,1.0,0.0,ShAdDafrF,18.0,1062.0,17.0,1056.0,FTP
1720727884.858803,CCr23f1JyxbOIEH9ml,192.168.1.4,58933.0,192.168.1.1,53.0,udp,0.005258083343505,33.0,101.0,SF,1.0,1.0,0.0,Dd,1.0,61.0,1.0,129.0,DNS
1720729611.991385,Cb8eOLQIA8wNbP5Dg,192.168.1.6,48628.0,192.168.1.4,21.0,tcp,9.48223090171814,109.0,188.0,SF,1.0,1.0,0.0,ShAdDafFr,18.0,1053.0,17.0,1056.0,FTP
1720729010.986663,Cd8pF44rOqLwMsEqA4,192.168.1.6,33972.0,192.168.1.4,21.0,tcp,9.958661794662476,114.0,188.0,SF,1.0,1.0,0.0,ShAdDafrF,18.0,1058.0,17.0,1056.0,FTP
1720728186.245968,CB7b5j4kb7Rk20na81,192.168.1.4,41269.0,192.168.1.1,53.0,udp,9.958661794662476,114.0,188.0,SF,1.0,1.0,0.0,ShAdDafrF,18.0,1058.0,17.0,1056.0,DNS
1720727824.938542,Cz5UO3lmtGCVybxg2,192.168.1.4,48109.0,192.168.1.1,53.0,udp,9.958661794662476,114.0,188.0,SF,1.0,1.0,0.0,ShAdDafrF,18.0,1058.0,17.0,1056.0,DNS
1720728729.97257,CPIiXW2v7TspVJgwy6,192.168.1.6,59634.0,192.168.1.4,21.0,tcp,10.091519117355348,139.0,188.0,SF,1.0,1.0,0.0,ShAdDafFr,18.0,1083.0,17.0,1056.0,FTP
1720728827.679498,CCpN7c4Nq20ImCGiSd,192.168.1.6,47958.0,192.168.1.4,21.0,tcp,9.780468940734863,118.0,188.0,SF,1.0,1.0,0.0,ShAdDafrF,18.0,1062.0,17.0,1056.0,FTP
1720731444.189624,CrWF284pOUhiEYZpP5,192.168.1.6,58866.0,192.168.1.4,21.0,tcp,10.319082975387571,160.0,188.0,SF,1.0,1.0,0.0,ShAdDafrF,18.0,1104.0,17.0,1056.0,FTP
1720728056.877011,CmLwSf13sbg8IJ8MC3,192.168.1.6,46046.0,192.168.1.4,21.0,tcp,9.258622884750366,118.0,188.0,SF,1.0,1.0,0.0,ShAdDafrF,18.0,1062.0,17.0,1056.0,FTP
1720727894.308489,CQLCKL21jnYUOtSPch,192.168.1.4,38353.0,192.168.1.1,53.0,udp,9.258622884750366,118.0,188.0,SF,1.0,1.0,0.0,ShAdDafrF,18.0,1062.0,17.0,1056.0,DNS
1720728245.083438,Cdipsn28GUZMfpvPm4,192.168.1.4,58070.0,104.104.72.162,443.0,tcp,0.055698156356811,1954.0,6170.0,SF,1.0,0.0,0.0,ShADadFRf,13.0,2602.0,11.0,6750.0,HTTPS
1720729030.189583,CMUWRD32vyg5ohsM9k,192.168.1.6,47686.0,192.168.1.4,21.0,tcp,10.463085889816284,116.0,188.0,SF,1.0,1.0,0.0,ShAdDafrF,18.0,1060.0,17.0,1056.0,FTP
1720731117.182658,CENoPB2DFQ3mCsKRAj,192.168.1.6,57590.0,192.168.1.4,21.0,tcp,9.50901699066162,109.0,188.0,SF,1.0,1.0,0.0,ShAdDafFr,18.0,1053.0,17.0,1056.0,FTP
1720729810.67343,CLRWyf4pXoYVK7QEZ7,192.168.1.6,40462.0,192.168.1.4,21.0,tcp,10.31182599067688,136.0,188.0,SF,1.0,1.0,0.0,ShAdDafrF,18.0,1080.0,17.0,1056.0,FTP
1720729586.149021,ClubvG3lqGo2ajkylj,192.168.1.6,52452.0,192.168.1.4,21.0,tcp,9.776575088500977,112.0,188.0,SF,1.0,1.0,0.0,ShAdDafrF,18.0,1056.0,17.0,1056.0,FTP
1720729740.527693,C4tNQa3Xv5aGsd0jR8,192.168.1.6,42566.0,192.168.1.4,21.0,tcp,9.348641872406006,115.0,188.0,SF,1.0,1.0,0.0,ShAdDafrF,18.0,1059.0,17.0,1056.0,FTP
1720731035.726533,CcQhV54CyHzxiiTRa2,192.168.1.6,56804.0,192.168.1.4,21.0,tcp,10.348512172698976,127.0,188.0,SF,1.0,1.0,0.0,ShAdDafrF,18.0,1071.0,17.0,1056.0,FTP
1720727794.084873,CApYDz3OgCMxNWnlia,192.168.1.4,48020.0,142.251.179.84,443.0,tcp,240.10125398635864,2485.0,94393.0,SF,1.0,0.0,0.0,ShADadFf,51.0,5145.0,78.0,98457.0,HTTPS
1720731138.024704,CccLEGUdZ01xSmwR8,192.168.1.6,35558.0,192.168.1.4,21.0,tcp,10.157917976379396,111.0,188.0,SF,1.0,1.0,0.0,ShAdDafFr,18.0,1055.0,17.0,1056.0,FTP
1720728315.409701,CLAjRH2wHMVsLY0tUc,192.168.1.6,35640.0,192.168.1.4,21.0,tcp,10.925702810287476,118.0,188.0,SF,1.0,1.0,0.0,ShAdDafrF,18.0,1062.0,17.0,1056.0,FTP
1720729495.521464,CFix2L1SgiApQaBj3i,192.168.1.6,43234.0,192.168.1.4,21.0,tcp,10.261660814285278,110.0,188.0,SF,1.0,1.0,0.0,ShAdDafrF,18.0,1054.0,17.0,1056.0,FTP
1720728305.678819,CGTjqI1mAkYwZOKfog,192.168.1.4,43763.0,192.168.1.1,53.0,udp,10.261660814285278,110.0,188.0,SF,1.0,1.0,0.0,ShAdDafrF,18.0,1054.0,17.0,1056.0,DNS
1720728155.555152,CzTYguttECjvj4fUi,192.168.1.4,45330.0,192.168.1.1,53.0,udp,10.261660814285278,110.0,188.0,SF,1.0,1.0,0.0,ShAdDafrF,18.0,1054.0,17.0,1056.0,DNS
1720727875.011568,CunnIy7uJi2QT1B7k,192.168.1.6,46310.0,192.168.1.4,21.0,tcp,9.758529901504517,118.0,188.0,SF,1.0,1.0,0.0,ShAdDafrF,18.0,1062.0,17.0,1056.0,FTP
1720727916.607426,CvNr892TpWmVbyIrW6,192.168.1.4,43238.0,142.251.179.84,443.0,tcp,9.758529901504517,118.0,188.0,SF,1.0,1.0,0.0,ShAdDafrF,18.0,1062.0,17.0,1056.0,HTTPS
1720728086.257186,C2zyd02f2zwZzVb7ob,192.168.1.6,35048.0,192.168.1.4,21.0,tcp,10.007516145706177,118.0,188.0,SF,1.0,1.0,0.0,ShAdDafrF,18.0,1062.0,17.0,1056.0,FTP
1720731947.825263,CWgSB71BgjRoEcrrak,192.168.1.6,39436.0,192.168.1.4,21.0,tcp,10.09487795829773,112.0,188.0,SF,1.0,1.0,0.0,ShAdDafrF,18.0,1056.0,17.0,1056.0,FTP
1720728155.084994,CgHRZ240VOJ8k8EGm8,192.168.1.4,50376.0,152.199.0.214,443.0,tcp,10.09487795829773,112.0,188.0,SF,1.0,1.0,0.0,ShAdDafrF,18.0,1056.0,17.0,1056.0,HTTPS
1720727914.205698,CrRn294eQj1fXxdt26,192.168.1.4,51698.0,13.224.214.32,443.0,tcp,240.828547000885,3157.0,1456570.0,SF,1.0,0.0,131376.0,ShADadttgFf,274.0,18025.0,491.0,1482110.0,HTTPS
1720730871.553637,CClCEK2HN0422QNzEa,192.168.1.6,39238.0,192.168.1.4,21.0,tcp,9.93866801261902,130.0,188.0,SF,1.0,1.0,0.0,ShAdDafrF,18.0,1074.0,17.0,1056.0,FTP
1720730360.790969,Ce7X3a36KMtw2BUNh1,192.168.1.6,56820.0,192.168.1.4,21.0,tcp,10.284565210342407,134.0,188.0,SF,1.0,1.0,0.0,ShAdDafrF,18.0,1078.0,17.0,1056.0,FTP
1720729595.952824,Cfwz9W1tSgztS1bxZ6,192.168.1.6,51168.0,192.168.1.4,21.0,tcp,10.555534839630129,110.0,188.0,SF,1.0,1.0,0.0,ShAdDafFr,18.0,1054.0,17.0,1056.0,FTP
1720731784.097676,CzIU4s7MKpxGVLS5j,192.168.1.6,54976.0,192.168.1.4,21.0,tcp,10.994550943374634,182.0,188.0,SF,1.0,1.0,0.0,ShAdDafrF,18.0,1126.0,17.0,1056.0,FTP
1720730799.148578,CkEhIx4l3rzHuv0Cq7,192.168.1.6,47890.0,192.168.1.4,21.0,tcp,9.1860191822052,133.0,188.0,SF,1.0,1.0,0.0,ShAdDafFr,18.0,1077.0,17.0,1056.0,FTP
1720728219.939829,CQjvhw4W3BgmlMzqY8,192.168.1.4,49957.0,192.168.1.1,53.0,udp,0.001612901687622,53.0,113.0,SF,1.0,1.0,0.0,Dd,1.0,81.0,1.0,141.0,DNS
1720730367.887041,CI1N6ymM7gQrSr1me,192.168.1.6,44792.0,192.168.1.4,21.0,tcp,10.828630924224854,125.0,188.0,SF,1.0,1.0,0.0,ShAdDafrF,18.0,1069.0,17.0,1056.0,FTP
1720729432.334232,CYBpdKl6Gv4nRvprg,192.168.1.4,40412.0,192.168.1.1,53.0,udp,10.828630924224854,125.0,188.0,SF,1.0,1.0,0.0,ShAdDafrF,18.0,1069.0,17.0,1056.0,DNS
1720728178.057825,CpvqD63EZdxycgResb,192.168.1.6,37132.0,192.168.1.4,21.0,tcp,10.5384418964386,117.0,188.0,SF,1.0,1.0,0.0,ShAdDafrF,18.0,1061.0,17.0,1056.0,FTP
1720731378.458679,C8L9xl3UGSu1LuyiQh,192.168.1.6,46232.0,192.168.1.4,21.0,tcp,9.935873031616213,151.0,188.0,SF,1.0,1.0,0.0,ShAdDafFr,18.0,1095.0,17.0,1056.0,FTP
1720729699.06284,CrqtnL3JnJZjmp21r9,192.168.1.6,36684.0,192.168.1.4,21.0,tcp,9.525898933410645,150.0,188.0,SF,1.0,1.0,0.0,ShAdDafrF,18.0,1094.0,17.0,1056.0,FTP
1720730399.491421,CplpKR2tkjRrUWuIa4,192.168.1.6,34060.0,192.168.1.4,21.0,tcp,10.416117906570436,117.0,188.0,SF,1.0,1.0,0.0,ShAdDafrF,18.0,1061.0,17.0,1056.0,FTP
1720727885.071798,CKWpCL3CAuxFIiDfM5,192.168.1.4,49948.0,192.168.1.1,53.0,udp,0.001592874526977,49.0,313.0,SF,1.0,1.0,0.0,Dd,1.0,77.0,1.0,341.0,DNS
1720731504.508854,CrPYLp0RfFk2iQA2c,192.168.1.6,39552.0,192.168.1.4,21.0,tcp,9.24923300743103,146.0,188.0,SF,1.0,1.0,0.0,ShAdDafFr,18.0,1090.0,17.0,1056.0,FTP
1720727794.624262,C1FTQk1VpatfZP0kpe,192.168.1.4,44302.0,192.168.1.1,53.0,udp,0.001508951187133,53.0,324.0,SF,1.0,1.0,0.0,Dd,1.0,81.0,1.0,352.0,DNS
1720729256.057485,CnofLO3LcDaPKEZyHi,192.168.1.6,54448.0,192.168.1.4,21.0,tcp,9.871606826782228,121.0,188.0,SF,1.0,1.0,0.0,ShAdDafrF,18.0,1065.0,17.0,1056.0,FTP
1720727675.451148,CudMN52aDDJCPy89y7,192.168.1.4,38188.0,18.238.4.102,443.0,tcp,240.8053178787232,2779.0,67097.0,SF,1.0,0.0,0.0,ShADadFf,40.0,4867.0,52.0,69809.0,HTTPS
1720728495.651809,CHQjP04x8RM9d6WAye,192.168.1.6,54822.0,192.168.1.4,21.0,tcp,9.724852085113524,118.0,188.0,SF,1.0,1.0,0.0,ShAdDafrF,18.0,1062.0,17.0,1056.0,FTP
1720731504.162468,CA44Ef37kNkJFa9ATk,192.168.1.6,39482.0,192.168.1.4,21.0,tcp,9.22789216041565,135.0,188.0,SF,1.0,1.0,0.0,ShAdDafFr,18.0,1079.0,17.0,1056.0,FTP
1720730572.924485,CX1zbZ1Rm9OTQd08C6,192.168.1.6,33746.0,192.168.1.4,21.0,tcp,10.596331119537354,129.0,188.0,SF,1.0,1.0,0.0,ShAdDafFr,18.0,1073.0,17.0,1056.0,FTP
1720727915.231096,CBgJkGQ3yqbnB0lpb,192.168.1.4,42649.0,192.168.1.1,53.0,udp,10.596331119537354,129.0,188.0,SF,1.0,1.0,0.0,ShAdDafFr,18.0,1073.0,17.0,1056.0,DNS
1720727894.308489,CQLCKL21jnYUOtSPch,192.168.1.4,38353.0,192.168.1.1,53.0,udp,0.001528024673461,80.0,150.0,SF,1.0,1.0,0.0,Dd,1.0,108.0,1.0,178.0,DNS
1720728096.704213,CZjNyn4mLCLeN46Zf9,192.168.1.4,47330.0,142.250.176.194,443.0,udp,0.001528024673461,80.0,150.0,SF,1.0,1.0,0.0,Dd,1.0,108.0,1.0,178.0,HTTPS
1720729113.672692,C7geWxrKKnrneBht2,192.168.1.6,41698.0,192.168.1.4,21.0,tcp,9.436790943145752,114.0,188.0,SF,1.0,1.0,0.0,ShAdDafFr,18.0,1058.0,17.0,1056.0,FTP
1720729050.651711,CS1rCv1S0UFrRC4Nu9,192.168.1.6,56026.0,192.168.1.4,21.0,tcp,10.779720067977903,128.0,188.0,SF,1.0,1.0,0.0,ShAdDafrF,18.0,1072.0,17.0,1056.0,FTP
1720728545.339981,CBz2Zu4y3Q7Vd2Xkp5,192.168.1.6,33046.0,192.168.1.4,21.0,tcp,9.359551906585692,118.0,188.0,SF,1.0,1.0,0.0,ShAdDafrF,18.0,1062.0,17.0,1056.0,FTP
1720730789.652836,CRVcrF1eylxUSvSTy4,192.168.1.6,45474.0,192.168.1.4,21.0,tcp,9.506328821182253,127.0,188.0,SF,1.0,1.0,0.0,ShAdDafrF,18.0,1071.0,17.0,1056.0,FTP
1720727733.96023,CUUm021uSUDkYPHJwd,192.168.1.4,45763.0,142.251.40.196,443.0,udp,0.403365850448608,5544.0,10194.0,SF,1.0,0.0,0.0,Dd,14.0,5936.0,18.0,10698.0,HTTPS
1720728035.369806,CWJi3T1qoG1ZxAcqjd,192.168.1.4,38008.0,192.168.1.1,53.0,udp,0.00878095626831,47.0,128.0,SF,1.0,1.0,0.0,Dd,1.0,75.0,1.0,156.0,DNS
1720730286.507765,CEpoVW2cT9auy1eBR1,192.168.1.6,50994.0,192.168.1.4,21.0,tcp,10.873487949371338,129.0,188.0,SF,1.0,1.0,0.0,ShAdDafrF,18.0,1073.0,17.0,1056.0,FTP
1720729209.167008,CIdtLv3tTyJsl0Pstb,192.168.1.6,56434.0,192.168.1.4,21.0,tcp,10.830443143844604,129.0,188.0,SF,1.0,1.0,0.0,ShAdDafFr,18.0,1073.0,17.0,1056.0,FTP
1720730147.683695,CNIrHu56dHXdmB9gf,192.168.1.6,55508.0,192.168.1.4,21.0,tcp,10.0970618724823,128.0,188.0,SF,1.0,1.0,0.0,ShAdDafrF,18.0,1072.0,17.0,1056.0,FTP
1720729138.372245,CjUYadMR9ZerWadR1,192.168.1.6,47408.0,192.168.1.4,21.0,tcp,9.927554845809937,123.0,188.0,SF,1.0,1.0,0.0,ShAdDafFr,18.0,1067.0,17.0,1056.0,FTP
1720730264.333851,CbIygrMBFMorJzlJg,192.168.1.6,45290.0,192.168.1.4,21.0,tcp,9.986111879348757,120.0,188.0,SF,1.0,1.0,0.0,ShAdDafrF,18.0,1064.0,17.0,1056.0,FTP
1720729357.770367,Chr6hs24CJHfplQmwa,192.168.1.6,48566.0,192.168.1.4,21.0,tcp,10.53744101524353,131.0,188.0,SF,1.0,1.0,0.0,ShAdDafrF,18.0,1075.0,17.0,1056.0,FTP
1720730988.191852,Cd8Ex824hwoIQWQuN,192.168.1.6,55690.0,192.168.1.4,21.0,tcp,10.968955993652344,123.0,188.0,SF,1.0,1.0,0.0,ShAdDafFr,18.0,1067.0,17.0,1056.0,FTP
1720731927.808392,Csbkf92CEdCQytANhc,192.168.1.6,37602.0,192.168.1.4,21.0,tcp,10.130548000335692,170.0,188.0,SF,1.0,1.0,0.0,ShAdDafrF,18.0,1114.0,17.0,1056.0,FTP
1720730828.553221,Cwkh8v3fyM03UPIjmh,192.168.1.6,34340.0,192.168.1.4,21.0,tcp,9.29695200920105,122.0,188.0,SF,1.0,1.0,0.0,ShAdDafrF,18.0,1066.0,17.0,1056.0,FTP
1720727915.524567,C5La9K2KczrIjO9pt7,192.168.1.4,56391.0,192.168.1.1,53.0,udp,0.162968158721923,46.0,231.0,SF,1.0,1.0,0.0,Dd,1.0,74.0,1.0,259.0,DNS
1720730327.617077,Cj7NPl23iqj8fZS7O4,192.168.1.6,57450.0,192.168.1.4,21.0,tcp,10.23297882080078,125.0,188.0,SF,1.0,1.0,0.0,ShAdDafrF,18.0,1069.0,17.0,1056.0,FTP
1720728934.242323,C4UX2h1AKf51zpzweb,192.168.1.6,42354.0,192.168.1.4,21.0,tcp,9.11082911491394,142.0,188.0,SF,1.0,1.0,0.0,ShAdDafrF,18.0,1086.0,17.0,1056.0,FTP
1720728214.911678,CCerFJ2ABBZejdVTF4,192.168.1.4,42991.0,172.67.132.190,443.0,tcp,9.11082911491394,142.0,188.0,SF,1.0,1.0,0.0,ShAdDafrF,18.0,1086.0,17.0,1056.0,HTTPS
1720728130.077622,C1YXwt4KdnZ3MczJWg,192.168.1.6,46884.0,192.168.1.4,21.0,tcp,9.642307996749878,117.0,188.0,SF,1.0,1.0,0.0,ShAdDafFr,18.0,1061.0,17.0,1056.0,FTP
1720729068.103496,CLaa621uQQvLxHlyAj,192.168.1.6,36992.0,192.168.1.4,21.0,tcp,10.084115028381348,131.0,188.0,SF,1.0,1.0,0.0,ShAdDafrF,18.0,1075.0,17.0,1056.0,FTP
1720729804.05662,C74cZz1X6lmamxKoGi,192.168.1.6,40384.0,192.168.1.4,21.0,tcp,10.107349157333374,135.0,188.0,SF,1.0,1.0,0.0,ShAdDafrF,18.0,1079.0,17.0,1056.0,FTP
1720730569.429984,Cc6zbO1kVU9D330Yy1,192.168.1.6,33726.0,192.168.1.4,21.0,tcp,10.556596994400024,122.0,188.0,SF,1.0,1.0,0.0,ShAdDafrF,18.0,1066.0,17.0,1056.0,FTP
1720729106.97806,CxUoqF12JoFbIBZaZe,192.168.1.6,46632.0,192.168.1.4,21.0,tcp,9.689652919769289,121.0,188.0,SF,1.0,1.0,0.0,ShAdDafFr,18.0,1065.0,17.0,1056.0,FTP
1720727825.183703,Cmv0Pa3RCdNssTCIxl,192.168.1.4,41246.0,142.250.80.70,443.0,tcp,240.0884850025177,2574.0,6851.0,SF,1.0,0.0,0.0,ShADadFf,21.0,3674.0,19.0,7847.0,HTTPS
1720731930.526206,CFTYOdqUQLL3dLx31,192.168.1.6,37668.0,192.168.1.4,21.0,tcp,9.615144968032835,171.0,188.0,SF,1.0,1.0,0.0,ShAdDafFr,18.0,1115.0,17.0,1056.0,FTP
1720727885.069569,C4giu22QkFgyGxs9zi,192.168.1.4,52953.0,192.168.1.1,53.0,udp,0.001930952072143,90.0,172.0,SF,1.0,1.0,0.0,Dd,1.0,118.0,1.0,200.0,DNS
1720728155.235781,CzgUoB11imYYY2aVeb,192.168.1.4,56354.0,152.199.0.146,443.0,tcp,53.51020812988281,3010.0,5709.0,SF,1.0,0.0,0.0,ShADadFf,15.0,3798.0,14.0,6445.0,HTTPS
1720728215.87256,Cy7VoEf9enzjH0Ack,192.168.1.4,37538.0,192.168.1.1,53.0,udp,53.51020812988281,3010.0,5709.0,SF,1.0,0.0,0.0,ShADadFf,15.0,3798.0,14.0,6445.0,DNS
1720727914.283271,CQjSVX1v8R6JGrdYgk,192.168.1.4,42978.0,192.168.1.1,53.0,udp,0.013300895690917,50.0,314.0,SF,1.0,1.0,0.0,Dd,1.0,78.0,1.0,342.0,DNS
1720728211.93228,ConFid2cEesFwA3fBc,192.168.1.4,39446.0,192.168.1.1,53.0,udp,0.013300895690917,50.0,314.0,SF,1.0,1.0,0.0,Dd,1.0,78.0,1.0,342.0,DNS
1720728096.847526,Corhpw4uUgNyFSORq3,192.168.1.4,45076.0,192.168.1.1,53.0,udp,0.014945983886718,51.0,440.0,SF,1.0,1.0,0.0,Dd,1.0,79.0,1.0,468.0,DNS
1720728305.840808,Cboy8f2GfPiAo2TpVf,192.168.1.4,33011.0,192.168.1.1,53.0,udp,0.014945983886718,51.0,440.0,SF,1.0,1.0,0.0,Dd,1.0,79.0,1.0,468.0,DNS
1720727824.938056,CgrtgEReF1sjvk5Gd,192.168.1.4,53305.0,142.251.40.110,443.0,udp,0.014945983886718,51.0,440.0,SF,1.0,1.0,0.0,IIiiiIhhhHHhH,1.0,79.0,1.0,468.0,HTTPS
1720727884.773929,CzBEz28E51JYLYKp7,192.168.1.4,34739.0,192.168.1.1,53.0,udp,0.014945983886718,51.0,440.0,SF,1.0,1.0,0.0,IIiiiIhhhHHhH,1.0,79.0,1.0,468.0,DNS
1720729116.667871,C68pil3WtI7UInOS7k,192.168.1.6,41756.0,192.168.1.4,21.0,tcp,10.486958980560305,121.0,188.0,SF,1.0,1.0,0.0,ShAdDafrF,18.0,1065.0,17.0,1056.0,FTP
1720729288.569069,CRpekc3BVFoc2qho6,192.168.1.6,38160.0,192.168.1.4,21.0,tcp,10.328195095062256,116.0,188.0,SF,1.0,1.0,0.0,ShAdDafrF,18.0,1060.0,17.0,1056.0,FTP
1720728343.234026,CFer0d3TKAYnW3yhyk,192.168.1.4,47512.0,192.168.1.1,53.0,udp,10.328195095062256,116.0,188.0,SF,1.0,1.0,0.0,ShAdDafrF,18.0,1060.0,17.0,1056.0,DNS
1720731534.30968,Cb2Der3adUe8EM1RV6,192.168.1.6,44918.0,192.168.1.4,21.0,tcp,10.717689037322998,142.0,188.0,SF,1.0,1.0,0.0,ShAdDafrF,18.0,1086.0,17.0,1056.0,FTP
1720731494.136351,CpNHeJ3n7IPZQArlwe,192.168.1.6,37950.0,192.168.1.4,21.0,tcp,10.372371912002563,151.0,188.0,SF,1.0,1.0,0.0,ShAdDafrF,18.0,1095.0,17.0,1056.0,FTP
1720731089.746146,CpUzmr4nLeWUxgOXje,192.168.1.6,51618.0,192.168.1.4,21.0,tcp,8.915647029876709,115.0,188.0,SF,1.0,1.0,0.0,ShAdDafrF,18.0,1059.0,17.0,1056.0,FTP
1720727915.831688,CCJ5yzlL1uoBCaI2c,192.168.1.4,59102.0,192.168.1.1,53.0,udp,8.915647029876709,115.0,188.0,SF,1.0,1.0,0.0,ShAdDafrF,18.0,1059.0,17.0,1056.0,DNS
1720731710.324849,CyMRqz2RsOhkH0QP45,192.168.1.6,52950.0,192.168.1.4,21.0,tcp,10.67418909072876,172.0,188.0,SF,1.0,1.0,0.0,ShAdDafrF,18.0,1116.0,17.0,1056.0,FTP
1720731013.645557,CM6Hvf2n9WtTpOckbb,192.168.1.6,35484.0,192.168.1.4,21.0,tcp,11.367419958114624,131.0,188.0,SF,1.0,1.0,0.0,ShAdDafrF,18.0,1075.0,17.0,1056.0,FTP
1720729753.716409,CKdoVw3QUI35a9Pyug,192.168.1.6,43554.0,192.168.1.4,21.0,tcp,10.632992029190063,123.0,188.0,SF,1.0,1.0,0.0,ShAdDafrF,18.0,1067.0,17.0,1056.0,FTP
1720727855.664658,CFcNg35uqbXTmO6Pc,192.168.1.6,42240.0,192.168.1.4,21.0,tcp,10.114581823349,118.0,188.0,SF,1.0,1.0,0.0,ShAdDafrF,18.0,1062.0,17.0,1056.0,FTP
1720728124.818439,Cakjpt1LeW1ZGwNByj,192.168.1.4,45886.0,192.168.1.1,53.0,udp,10.114581823349,118.0,188.0,SF,1.0,1.0,0.0,ShAdDafrF,18.0,1062.0,17.0,1056.0,DNS
1720728124.840021,Cf8Pr34Z2vBSrNXCca,192.168.1.4,39116.0,142.251.32.104,443.0,udp,10.114581823349,118.0,188.0,SF,1.0,1.0,0.0,ShAdDafrF,18.0,1062.0,17.0,1056.0,HTTPS
1720728275.756981,CgJ4ZN3DUiuT3gAPA5,192.168.1.4,33434.0,40.126.24.149,443.0,tcp,75.69213104248047,2580.0,4507.0,RSTR,1.0,0.0,0.0,ShADadFr,10.0,3000.0,9.0,4879.0,HTTPS
1720727915.27018,CnFm2613vuRUb7uFE2,192.168.1.4,54903.0,192.168.1.1,53.0,udp,0.001327037811279,57.0,114.0,SF,1.0,1.0,0.0,Dd,1.0,85.0,1.0,142.0,DNS
1720727914.03017,CpqYRy4kP1215K4bc8,192.168.1.4,60257.0,192.168.1.1,53.0,udp,0.001786947250366,49.0,291.0,SF,1.0,1.0,0.0,Dd,1.0,77.0,1.0,319.0,DNS
1720730190.658716,ChTvjJ3MoW7c5crpj6,192.168.1.6,53640.0,192.168.1.4,21.0,tcp,10.617455959320068,138.0,188.0,SF,1.0,1.0,0.0,ShAdDafFr,18.0,1082.0,17.0,1056.0,FTP
1720727992.307513,Cq5a9an7DJtc1FG1d,192.168.1.4,51400.0,192.168.1.1,53.0,udp,10.617455959320068,138.0,188.0,SF,1.0,1.0,0.0,ShAdDafFr,18.0,1082.0,17.0,1056.0,DNS
1720731634.104321,CxbupU1a8uCVcmvOB6,192.168.1.6,42216.0,192.168.1.4,21.0,tcp,9.409487962722778,169.0,188.0,SF,1.0,1.0,0.0,ShAdDafrF,18.0,1113.0,17.0,1056.0,FTP
1720728186.346904,CnR4lp25gX4x6Vfxk8,192.168.1.4,47363.0,192.168.1.1,53.0,udp,9.409487962722778,169.0,188.0,SF,1.0,1.0,0.0,ShAdDafrF,18.0,1113.0,17.0,1056.0,DNS
1720729943.286888,CeEKLM1eIfpcbfTDy4,192.168.1.6,56034.0,192.168.1.4,21.0,tcp,10.271011114120483,133.0,188.0,SF,1.0,1.0,0.0,ShAdDafrF,18.0,1077.0,17.0,1056.0,FTP
1720727884.545774,CwqInTr5X9X2OWD1k,192.168.1.4,46032.0,192.168.1.1,53.0,udp,10.271011114120483,133.0,188.0,SF,1.0,1.0,0.0,ShAdDafrF,18.0,1077.0,17.0,1056.0,DNS
1720727884.869883,C2vlLm2qSUwMqUMjXa,192.168.1.4,36222.0,192.168.1.1,53.0,udp,0.007747888565063,75.0,141.0,SF,1.0,1.0,0.0,Dd,1.0,103.0,1.0,169.0,DNS
1720727969.204942,CePl8E1OIONHM8fvc6,192.168.1.6,41706.0,192.168.1.4,21.0,tcp,10.978157997131348,118.0,188.0,SF,1.0,1.0,0.0,ShAdDafrF,18.0,1062.0,17.0,1056.0,FTP
1720730698.867173,Cr8J8J2pA5dj8CmNb5,192.168.1.6,39400.0,192.168.1.4,21.0,tcp,10.959139108657835,128.0,188.0,SF,1.0,1.0,0.0,ShAdDafrF,18.0,1072.0,17.0,1056.0,FTP
1720730024.402393,CbkqIy4Kyb0PJTZwTk,192.168.1.6,59156.0,192.168.1.4,21.0,tcp,9.341198921203612,132.0,188.0,SF,1.0,1.0,0.0,ShAdDafFr,18.0,1076.0,17.0,1056.0,FTP
1720728245.091672,CK1kCv3Yq0mUDjwhP7,192.168.1.4,56515.0,192.168.1.1,53.0,udp,0.000996112823486,50.0,50.0,SF,1.0,1.0,0.0,Dd,1.0,78.0,1.0,78.0,DNS
1720728216.273759,CoMQdC3jmOnsflKjcf,192.168.1.4,55196.0,162.159.133.233,443.0,udp,0.000996112823486,50.0,50.0,SF,1.0,1.0,0.0,Dd,1.0,78.0,1.0,78.0,HTTPS
1720727891.308366,C2Ha271WQlFzrOtL97,192.168.1.4,60771.0,192.168.1.1,53.0,udp,0.000996112823486,50.0,50.0,SF,1.0,1.0,0.0,Dd,1.0,78.0,1.0,78.0,DNS
1720728217.849701,CoS5cu1TuvTp9R3Kcb,192.168.1.6,42458.0,192.168.1.4,21.0,tcp,9.550235033035278,117.0,188.0,SF,1.0,1.0,0.0,ShAdDafrF,18.0,1061.0,17.0,1056.0,FTP
1720729081.483203,CmP32K8OSs2QBntK7,192.168.1.6,49074.0,192.168.1.4,21.0,tcp,11.263319969177246,129.0,188.0,SF,1.0,1.0,0.0,ShAdDafrF,18.0,1073.0,17.0,1056.0,FTP
1720728277.955747,CQxp8K2789HD7P5iz9,192.168.1.4,33986.0,20.50.80.210,443.0,tcp,73.56133317947388,3153.0,7023.0,SF,1.0,0.0,0.0,ShADadFf,17.0,4045.0,15.0,7811.0,HTTPS
1720728095.559531,C9YXnC2W8uCOw2KyWi,192.168.1.4,46523.0,142.251.40.226,443.0,udp,0.181404113769531,5138.0,9191.0,SF,1.0,0.0,0.0,Dd,11.0,5446.0,13.0,9555.0,HTTPS
1720728563.629078,COH3Li4tvmgzAtOV5,192.168.1.6,38044.0,192.168.1.4,21.0,tcp,9.739240169525146,118.0,188.0,SF,1.0,1.0,0.0,ShAdDafrF,18.0,1062.0,17.0,1056.0,FTP
1720728211.819028,C4d8Sa4IFoWym8eFT2,192.168.1.4,49910.0,192.168.1.1,53.0,udp,0.020629167556762,47.0,165.0,SF,1.0,1.0,0.0,Dd,1.0,75.0,1.0,193.0,DNS
1720728011.369144,C0jrKD1Xz8CiuiqP6i,192.168.1.6,38362.0,192.168.1.4,21.0,tcp,9.905643939971924,118.0,188.0,SF,1.0,1.0,0.0,ShAdDafFr,18.0,1062.0,17.0,1056.0,FTP
1720728154.577488,CkgSMv3BkA6GupT59,192.168.1.4,47753.0,192.168.1.1,53.0,udp,0.014551162719726,42.0,433.0,SF,1.0,1.0,0.0,Dd,1.0,70.0,1.0,461.0,DNS
1720729933.233504,CIUKSyEDF2WLfeo5f,192.168.1.4,45082.0,192.168.1.1,53.0,udp,0.022964000701904,58.0,418.0,SF,1.0,1.0,0.0,Dd,1.0,86.0,1.0,446.0,DNS
1720729256.237678,CSOtxv1r9CNV4cSDM5,192.168.1.6,54466.0,192.168.1.4,21.0,tcp,9.851240873336792,130.0,188.0,SF,1.0,1.0,0.0,ShAdDafFr,18.0,1074.0,17.0,1056.0,FTP
1720728306.095764,CXFLzr2Sn83b4D3c35,192.168.1.4,45758.0,3.219.142.129,443.0,tcp,9.851240873336792,130.0,188.0,SF,1.0,1.0,0.0,ShAdDafFr,18.0,1074.0,17.0,1056.0,HTTPS
1720728425.531444,Csw874xA8D1qPetmc,192.168.1.6,50464.0,192.168.1.4,21.0,tcp,10.951519012451172,118.0,188.0,SF,1.0,1.0,0.0,ShAdDafFr,18.0,1062.0,17.0,1056.0,FTP
1720731216.497495,C3bfuI1ilsEHmdLu2k,192.168.1.6,51888.0,192.168.1.4,21.0,tcp,9.402585983276367,120.0,188.0,SF,1.0,1.0,0.0,ShAdDafrF,18.0,1064.0,17.0,1056.0,FTP
1720728425.818033,CgdmWv1uGkvQam2Uhc,192.168.1.6,50496.0,192.168.1.4,21.0,tcp,9.893563985824583,118.0,188.0,SF,1.0,1.0,0.0,ShAdDafFr,18.0,1062.0,17.0,1056.0,FTP
1720728634.78634,CjpIxzFHTyyHMFXNj,192.168.1.6,45522.0,192.168.1.4,21.0,tcp,11.116782903671265,124.0,188.0,SF,1.0,1.0,0.0,ShAdDafrF,18.0,1068.0,17.0,1056.0,FTP
1720730035.438275,CQhohZOAeYBA5Sef6,192.168.1.6,34330.0,192.168.1.4,21.0,tcp,9.499928951263428,123.0,188.0,SF,1.0,1.0,0.0,ShAdDafrF,18.0,1067.0,17.0,1056.0,FTP
1720729642.394078,CNwNvF1EjxTMwuGQLl,192.168.1.6,47640.0,192.168.1.4,21.0,tcp,9.847840070724487,115.0,188.0,SF,1.0,1.0,0.0,ShAdDafFr,18.0,1059.0,17.0,1056.0,FTP
1720728216.260988,CoMQdC3jmOnsflKjcf,192.168.1.4,55196.0,162.159.133.233,443.0,tcp,1.603729009628296,21005.0,2249311.0,SF,1.0,0.0,499280.0,ShADadtggtFf,326.0,38385.0,693.0,2285355.0,HTTPS
1720727786.539204,Ccta0F3nXp8VtTRkpe,192.168.1.4,59944.0,192.168.1.1,53.0,udp,0.016655206680297,48.0,489.0,SF,1.0,1.0,0.0,Dd,1.0,76.0,1.0,517.0,DNS
1720729068.124548,CSxiRn2xuTkpwwmIXe,192.168.1.6,37022.0,192.168.1.4,21.0,tcp,10.10308313369751,126.0,188.0,SF,1.0,1.0,0.0,ShAdDafFr,18.0,1070.0,17.0,1056.0,FTP
1720728190.324527,ClY1dT3YZ1MTVMf2Y9,192.168.1.4,38151.0,192.168.1.1,53.0,udp,10.10308313369751,126.0,188.0,SF,1.0,1.0,0.0,ShAdDafFr,18.0,1070.0,17.0,1056.0,DNS
1720728335.481673,CheJxI2e2vJ9f0KGq7,192.168.1.4,50641.0,192.168.1.1,53.0,udp,10.10308313369751,126.0,188.0,SF,1.0,1.0,0.0,ShAdDafFr,18.0,1070.0,17.0,1056.0,DNS
1720728305.968462,Cww6vg4sTnluFSMijc,192.168.1.4,34771.0,192.168.1.1,53.0,udp,0.003226041793823,53.0,324.0,SF,1.0,1.0,0.0,Dd,1.0,81.0,1.0,352.0,DNS
1720727794.626167,CnNI3y2ZkxvOOVKSch,192.168.1.4,59488.0,142.251.40.130,443.0,udp,0.119215011596679,5005.0,10954.0,SF,1.0,0.0,0.0,Dd,10.0,5285.0,13.0,11318.0,HTTPS
1720730678.78768,CK4hHg2h6vcBcuWzCk,192.168.1.6,42250.0,192.168.1.4,21.0,tcp,9.436406135559082,123.0,188.0,SF,1.0,1.0,0.0,ShAdDafrF,18.0,1067.0,17.0,1056.0,FTP
1720730758.190727,CGtZNU3yIuHW9KAecb,192.168.1.6,50868.0,192.168.1.4,21.0,tcp,9.7931489944458,137.0,188.0,SF,1.0,1.0,0.0,ShAdDafrF,18.0,1081.0,17.0,1056.0,FTP
1720731787.939794,Cz684K394L0aONR1Q8,192.168.1.6,55080.0,192.168.1.4,21.0,tcp,10.658221006393433,164.0,188.0,SF,1.0,1.0,0.0,ShAdDafFr,18.0,1108.0,17.0,1056.0,FTP
1720727915.523244,CbEtwy1Z8XNnShODtc,192.168.1.4,50020.0,142.251.40.196,443.0,tcp,10.658221006393433,164.0,188.0,SF,1.0,1.0,0.0,IIiiiIhhhHHhH,18.0,1108.0,17.0,1056.0,HTTPS
1720731204.441913,CwzrKW1hWhqhEMHElk,192.168.1.6,58348.0,192.168.1.4,21.0,tcp,9.447503089904783,118.0,188.0,SF,1.0,1.0,0.0,ShAdDafrF,18.0,1062.0,17.0,1056.0,FTP
1720729999.862036,Cge8QCnu3Bsrr2V64,192.168.1.6,52174.0,192.168.1.4,21.0,tcp,9.471017122268677,132.0,188.0,SF,1.0,1.0,0.0,ShAdDafrF,18.0,1076.0,17.0,1056.0,FTP
1720728421.956495,CSlFz44hiotzOz7u,192.168.1.6,47088.0,192.168.1.4,21.0,tcp,10.910989046096802,118.0,188.0,SF,1.0,1.0,0.0,ShAdDafrF,18.0,1062.0,17.0,1056.0,FTP
1720730227.219696,CLkIf83QGLZmGCuj4a,192.168.1.6,47114.0,192.168.1.4,21.0,tcp,10.916718006134031,130.0,188.0,SF,1.0,1.0,0.0,ShAdDafrF,18.0,1074.0,17.0,1056.0,FTP
1720728564.374672,CPnwQv3y9eLWKvCkGh,192.168.1.6,38084.0,192.168.1.4,21.0,tcp,10.004156112670898,118.0,188.0,SF,1.0,1.0,0.0,ShAdDafrF,18.0,1062.0,17.0,1056.0,FTP
1720728342.593328,CEIT1k22xyJDx3htfa,192.168.1.6,38844.0,192.168.1.4,21.0,tcp,11.18218207359314,119.0,188.0,SF,1.0,1.0,0.0,ShAdDafrF,18.0,1063.0,17.0,1056.0,FTP
1720730971.369537,C4eKaQ1b8L6xTMcZmf,192.168.1.6,48954.0,192.168.1.4,21.0,tcp,10.662521839141846,126.0,188.0,SF,1.0,1.0,0.0,ShAdDafrF,18.0,1070.0,17.0,1056.0,FTP
1720728306.049712,CHjY7M24UPg9uknxyb,192.168.1.4,35439.0,31.13.71.36,443.0,tcp,10.662521839141846,126.0,188.0,SF,1.0,1.0,0.0,ShAdDafrF,18.0,1070.0,17.0,1056.0,HTTPS
1720728273.061687,CZR6YfhE9pcJ3ypB8,192.168.1.4,40738.0,192.168.1.1,53.0,udp,0.001818895339965,59.0,311.0,SF,1.0,1.0,0.0,Dd,1.0,87.0,1.0,339.0,DNS
1720729078.227755,CzscEL3zR5jFHNebbi,192.168.1.6,49050.0,192.168.1.4,21.0,tcp,10.560204982757568,128.0,188.0,SF,1.0,1.0,0.0,ShAdDafrF,18.0,1072.0,17.0,1056.0,FTP
1720728221.331711,CXEXm54YohoRD0IQI,192.168.1.4,47791.0,192.168.1.1,53.0,udp,10.560204982757568,128.0,188.0,SF,1.0,1.0,0.0,ShAdDafrF,18.0,1072.0,17.0,1056.0,DNS
1720726385.624459,Cw0i8tFwq7GIgduh4,144.80.110.68,49997.0,192.168.1.4,22.0,tcp,1965.7651510238647,708596.0,3051103818.0,RSTO,0.0,1.0,1067960064.0,ShAdDatTTgggggttgTtFR,1635049.0,69266148.0,727081.0,3084420286.0,SSH
1720730459.457507,CUalM827u9Ei9Lye17,192.168.1.6,42214.0,192.168.1.4,21.0,tcp,9.509685039520264,131.0,188.0,SF,1.0,1.0,0.0,ShAdDafrF,18.0,1075.0,17.0,1056.0,FTP
1720727884.957814,CpWuBM2qvVhtTPCcXe,192.168.1.4,53519.0,192.168.1.1,53.0,udp,9.509685039520264,131.0,188.0,SF,1.0,1.0,0.0,ShAdDafrF,18.0,1075.0,17.0,1056.0,DNS
1720729414.535336,CVPhLL1yVFvLBw0Q58,192.168.1.6,36168.0,192.168.1.4,21.0,tcp,10.077277898788452,121.0,188.0,SF,1.0,1.0,0.0,ShAdDafrF,18.0,1065.0,17.0,1056.0,FTP
1720731404.100764,CfMKYwHVNFywJY0ub,192.168.1.6,47674.0,192.168.1.4,21.0,tcp,9.647095918655396,163.0,188.0,SF,1.0,1.0,0.0,ShAdDafrF,18.0,1107.0,17.0,1056.0,FTP
1720727763.992468,COI7VT13WEcaAc2Pjg,192.168.1.4,33785.0,192.168.1.1,53.0,udp,0.009458780288696,54.0,224.0,SF,1.0,1.0,0.0,Dd,1.0,82.0,1.0,252.0,DNS
1720728983.559445,CGqKLY8bgcsyiw0Rj,192.168.1.6,34012.0,192.168.1.4,21.0,tcp,9.692126989364624,114.0,188.0,SF,1.0,1.0,0.0,ShAdDafrF,18.0,1058.0,17.0,1056.0,FTP
1720727915.184567,CZpgDzooqAmnMMcSl,192.168.1.4,41797.0,192.168.1.1,53.0,udp,0.042455911636352,63.0,376.0,SF,1.0,1.0,0.0,Dd,1.0,91.0,1.0,404.0,DNS
1720728306.352407,CwLVJs2OtgrPFECiX2,192.168.1.4,50695.0,192.168.1.1,53.0,udp,0.042455911636352,63.0,376.0,SF,1.0,1.0,0.0,Dd,1.0,91.0,1.0,404.0,DNS
1720727824.976127,CfjCiE3F1h7rODzp14,192.168.1.4,39948.0,192.168.1.1,53.0,udp,0.042455911636352,63.0,376.0,SF,1.0,1.0,0.0,Dd,1.0,91.0,1.0,404.0,DNS
1720727763.11908,C3K1Et3wDhCBogsAai,192.168.1.4,33355.0,192.168.1.1,53.0,udp,0.016571998596191,51.0,415.0,SF,1.0,1.0,0.0,Dd,1.0,79.0,1.0,443.0,DNS
1720730118.192337,CK6eOsC6scvTYCpV9,192.168.1.6,48268.0,192.168.1.4,21.0,tcp,10.674838066101074,119.0,188.0,SF,1.0,1.0,0.0,ShAdDafrF,18.0,1063.0,17.0,1056.0,FTP
1720728454.156083,CeQovz2Cy62e924Xm,192.168.1.6,55940.0,192.168.1.4,21.0,tcp,10.697004795074465,118.0,188.0,SF,1.0,1.0,0.0,ShAdDafrF,18.0,1062.0,17.0,1056.0,FTP
1720729570.662189,CCN5od1S0Z9Z1pXM3,192.168.1.6,55740.0,192.168.1.4,21.0,tcp,9.324084997177124,111.0,188.0,SF,1.0,1.0,0.0,ShAdDafFr,18.0,1055.0,17.0,1056.0,FTP
1720728124.818385,CVDYLa2Jr3SsFuXcgl,192.168.1.4,39102.0,142.251.32.104,443.0,tcp,83.93739819526672,2590.0,7499.0,SF,1.0,0.0,0.0,ShADadFf,17.0,3482.0,18.0,8443.0,HTTPS
1720728840.123683,CBaYXQ23LkJIibG35h,192.168.1.6,51778.0,192.168.1.4,21.0,tcp,9.396579027175903,129.0,188.0,SF,1.0,1.0,0.0,ShAdDafrF,18.0,1073.0,17.0,1056.0,FTP
1720731167.381021,CMMlzk3qcev2UslvM3,192.168.1.6,41772.0,192.168.1.4,21.0,tcp,10.357004880905151,105.0,188.0,SF,1.0,1.0,0.0,ShAdDafrF,18.0,1049.0,17.0,1056.0,FTP
1720728095.594699,CiKdla3Ig22ZvebPtb,192.168.1.4,42832.0,142.251.40.226,443.0,tcp,60.18167209625244,1875.0,6595.0,SF,1.0,0.0,0.0,ShADadFf,12.0,2507.0,10.0,7123.0,HTTPS
1720728217.796628,Ch1xH53p6BnHKrBoCk,192.168.1.4,35181.0,192.168.1.1,53.0,udp,60.18167209625244,1875.0,6595.0,SF,1.0,0.0,0.0,ShADadFf,12.0,2507.0,10.0,7123.0,DNS
1720731087.633722,CYtH5g9T97sqI9xma,192.168.1.6,51520.0,192.168.1.4,21.0,tcp,9.910764932632446,125.0,188.0,SF,1.0,1.0,0.0,ShAdDafrF,18.0,1069.0,17.0,1056.0,FTP
1720727947.462715,CyP7zWDctv5oZgcaf,192.168.1.6,60266.0,192.168.1.4,21.0,tcp,10.698600053787231,117.0,188.0,SF,1.0,1.0,0.0,ShAdDafFr,18.0,1061.0,17.0,1056.0,FTP
1720731513.347495,ClF2JE4vBHRZfgoGXe,192.168.1.6,47074.0,192.168.1.4,21.0,tcp,10.874902963638306,157.0,188.0,SF,1.0,1.0,0.0,ShAdDafrF,18.0,1101.0,17.0,1056.0,FTP
1720727980.709861,C4ZjFT1lU4Wc7QFAf3,192.168.1.6,55180.0,192.168.1.4,21.0,tcp,10.616890907287598,116.0,188.0,SF,1.0,1.0,0.0,ShAdDafrF,18.0,1060.0,17.0,1056.0,FTP
1720730837.982129,COZmVpjZZ6nycgJR4,192.168.1.6,40846.0,192.168.1.4,21.0,tcp,9.940672874450684,120.0,188.0,SF,1.0,1.0,0.0,ShAdDafrF,18.0,1064.0,17.0,1056.0,FTP
1720729134.918999,Cvc3udq1GrAHH7Hdf,192.168.1.6,47354.0,192.168.1.4,21.0,tcp,10.248533964157104,120.0,188.0,SF,1.0,1.0,0.0,ShAdDafFr,18.0,1064.0,17.0,1056.0,FTP
1720728287.958468,CayjRl3prcBBIh90Ti,192.168.1.6,43480.0,192.168.1.4,21.0,tcp,10.86392307281494,118.0,188.0,SF,1.0,1.0,0.0,ShAdDafrF,18.0,1062.0,17.0,1056.0,FTP
1720728319.18636,C7RzGA2FBv7scul3A5,192.168.1.6,35680.0,192.168.1.4,21.0,tcp,10.769406080245972,118.0,188.0,SF,1.0,1.0,0.0,ShAdDafrF,18.0,1062.0,17.0,1056.0,FTP
1720728167.168928,C2i4Dz46TlvSSvyp7b,192.168.1.6,46978.0,192.168.1.4,21.0,tcp,9.537756204605104,117.0,188.0,SF,1.0,1.0,0.0,ShAdDafFr,18.0,1061.0,17.0,1056.0,FTP
1720729084.794026,CYsQnB1eMKnVkFtTu6,192.168.1.6,50528.0,192.168.1.4,21.0,tcp,11.43886399269104,115.0,188.0,SF,1.0,1.0,0.0,ShAdDafrF,18.0,1059.0,17.0,1056.0,FTP
1720730090.344428,CN4EM13FlzoZk3E671,192.168.1.6,33648.0,192.168.1.4,21.0,tcp,9.210707902908323,175.0,188.0,SF,1.0,1.0,0.0,ShAdDafrF,18.0,1119.0,17.0,1056.0,FTP
1720728305.977547,C1pP6z1RrVEBi1wK73,192.168.1.4,51283.0,142.251.41.6,443.0,udp,0.245038986206054,6444.0,12780.0,SF,1.0,0.0,0.0,Dd,23.0,7088.0,26.0,13508.0,HTTPS
1720728812.132892,C1Kt0t1eReSrFIDsW4,192.168.1.6,37442.0,192.168.1.4,21.0,tcp,10.80419111251831,127.0,188.0,RSTR,1.0,1.0,0.0,ShAdDafr,17.0,1019.0,16.0,1016.0,FTP
1720729708.555936,CewYpX3Z4Lr1gvCeS9,192.168.1.6,47952.0,192.168.1.4,21.0,tcp,9.680641889572144,132.0,188.0,SF,1.0,1.0,0.0,ShAdDafFr,18.0,1076.0,17.0,1056.0,FTP
1720729285.975477,CDgtfA3nzRXTKn9Em3,192.168.1.6,38136.0,192.168.1.4,21.0,tcp,9.429599046707152,128.0,188.0,SF,1.0,1.0,0.0,ShAdDafFr,18.0,1072.0,17.0,1056.0,FTP
1720731534.271389,C0n6pp4MCmqHTd2zlg,192.168.1.6,44910.0,192.168.1.4,21.0,tcp,10.70309591293335,142.0,188.0,SF,1.0,1.0,0.0,ShAdDafFr,18.0,1086.0,17.0,1056.0,FTP
1720727830.987063,CTSw4W1CSo3akfUNi3,192.168.1.6,52214.0,192.168.1.4,21.0,tcp,10.314582109451294,117.0,188.0,SF,1.0,1.0,0.0,ShAdDafrF,18.0,1061.0,17.0,1056.0,FTP
1720728335.218625,C8mMyk2IjTUXrKokch,192.168.1.4,57778.0,192.168.1.1,53.0,udp,10.314582109451294,117.0,188.0,SF,1.0,1.0,0.0,ShAdDafrF,18.0,1061.0,17.0,1056.0,DNS
1720729132.176267,C6mtPsUmslnqdJe9j,192.168.1.6,45870.0,192.168.1.4,21.0,tcp,10.126802206039429,117.0,188.0,SF,1.0,1.0,0.0,ShAdDafrF,18.0,1061.0,17.0,1056.0,FTP
1720729219.874621,CvOQpv4dIQdpoisSn5,192.168.1.6,40236.0,192.168.1.4,21.0,tcp,9.91611909866333,129.0,188.0,SF,1.0,1.0,0.0,ShAdDafrF,18.0,1073.0,17.0,1056.0,FTP
1720731640.455046,CdkuIF3lkNFR2rKWnb,192.168.1.6,42256.0,192.168.1.4,21.0,tcp,9.244765043258669,188.0,188.0,SF,1.0,1.0,0.0,ShAdDafrF,18.0,1132.0,17.0,1056.0,FTP
1720729789.447497,CCBl8t3UDxhbdiUVP4,192.168.1.6,60812.0,192.168.1.4,21.0,tcp,10.039391994476318,112.0,188.0,SF,1.0,1.0,0.0,ShAdDafFr,18.0,1056.0,17.0,1056.0,FTP
1720727884.509536,CGiDTeMkMeJd4muWb,192.168.1.4,37343.0,192.168.1.1,53.0,udp,10.039391994476318,112.0,188.0,SF,1.0,1.0,0.0,ShAdDafFr,18.0,1056.0,17.0,1056.0,DNS
1720727884.865171,Cgr8RI26RnLWqdXuw2,192.168.1.4,48873.0,142.251.40.130,443.0,udp,10.039391994476318,112.0,188.0,SF,1.0,1.0,0.0,ShAdDafFr,18.0,1056.0,17.0,1056.0,HTTPS
1720729689.577281,CkglyMWhtZPdurPYc,192.168.1.6,56024.0,192.168.1.4,21.0,tcp,9.468907117843628,123.0,188.0,SF,1.0,1.0,0.0,ShAdDafrF,18.0,1067.0,17.0,1056.0,FTP
1720731381.874595,CIlpWt1NsKuuV3Gwg4,192.168.1.6,46322.0,192.168.1.4,21.0,tcp,9.29838800430298,156.0,188.0,SF,1.0,1.0,0.0,ShAdDafrF,18.0,1100.0,17.0,1056.0,FTP
1720727763.987395,CPFr3FEIYU1cMtR8a,192.168.1.4,60462.0,192.168.1.1,53.0,udp,0.003702878952026,41.0,172.0,SF,1.0,1.0,0.0,Dd,1.0,69.0,1.0,200.0,DNS
1720731066.58909,CXfZ2h19GMddSjzYLd,192.168.1.6,38584.0,192.168.1.4,21.0,tcp,10.260307788848875,121.0,188.0,SF,1.0,1.0,0.0,ShAdDafrF,18.0,1065.0,17.0,1056.0,FTP
1720728154.786918,Cj98CFtsRRcd8kOxc,192.168.1.4,45784.0,192.168.1.1,53.0,udp,0.001208066940307,53.0,110.0,SF,1.0,1.0,0.0,Dd,1.0,81.0,1.0,138.0,DNS
1720728155.752244,CoisDu1fTgnUj15mQe,192.168.1.4,48970.0,192.168.1.1,53.0,udp,0.004631042480468,50.0,114.0,SF,1.0,1.0,0.0,Dd,1.0,78.0,1.0,142.0,DNS
1720728274.989844,CsrE1n1fkaB1YabX1g,192.168.1.4,56137.0,192.168.1.1,53.0,udp,0.004631042480468,50.0,114.0,SF,1.0,1.0,0.0,Dd,1.0,78.0,1.0,142.0,DNS
1720728125.091569,CKdOmi4y3LDb0IWtT7,192.168.1.4,42271.0,192.168.1.1,53.0,udp,0.004631042480468,50.0,114.0,SF,1.0,1.0,0.0,Dd,1.0,78.0,1.0,142.0,DNS
1720728275.813584,CmcDDf3F4SghRw47Af,192.168.1.4,49121.0,192.168.1.1,53.0,udp,0.004631042480468,50.0,114.0,SF,1.0,1.0,0.0,Dd,1.0,78.0,1.0,142.0,DNS
1720727854.256839,C2ipD31ZvU9hU58l0a,192.168.1.4,49837.0,192.168.1.1,53.0,udp,0.004631042480468,50.0,114.0,SF,1.0,1.0,0.0,Dd,1.0,78.0,1.0,142.0,DNS
1720730486.322771,Cm3oCk1kqk7ISlzOHe,192.168.1.6,48688.0,192.168.1.4,21.0,tcp,9.562558889389038,123.0,188.0,SF,1.0,1.0,0.0,ShAdDafrF,18.0,1067.0,17.0,1056.0,FTP
1720729972.295281,CanDVWOb2a7HU9X0h,192.168.1.6,36266.0,192.168.1.4,21.0,tcp,10.40980315208435,140.0,188.0,SF,1.0,1.0,0.0,ShAdDafrF,18.0,1084.0,17.0,1056.0,FTP
1720728305.840752,Cqje3itUMj5qQd1O3,192.168.1.4,54093.0,192.168.1.1,53.0,udp,10.40980315208435,140.0,188.0,SF,1.0,1.0,0.0,ShAdDafrF,18.0,1084.0,17.0,1056.0,DNS
1720727914.243745,CJWna72Lj4nPFcUBVi,192.168.1.4,56971.0,192.168.1.1,53.0,udp,0.001174926757812,57.0,144.0,SF,1.0,1.0,0.0,Dd,1.0,85.0,1.0,172.0,DNS
1720730215.194972,CjV6oSVa7iFBDFuf5,192.168.1.6,38082.0,192.168.1.4,21.0,tcp,10.631052017211914,123.0,188.0,SF,1.0,1.0,0.0,ShAdDafrF,18.0,1067.0,17.0,1056.0,FTP
1720727968.987131,Cr1UrB2a7vBovpTxIk,192.168.1.6,41670.0,192.168.1.4,21.0,tcp,10.946172952651978,118.0,188.0,SF,1.0,1.0,0.0,ShAdDafrF,18.0,1062.0,17.0,1056.0,FTP
1720728956.855335,CKFSejAAdvqiNz2T8,192.168.1.6,60888.0,192.168.1.4,21.0,tcp,9.581640005111694,136.0,188.0,SF,1.0,1.0,0.0,ShAdDafrF,18.0,1080.0,17.0,1056.0,FTP
1720728219.961705,CfWFxb4YGs2d02o4Ug,192.168.1.4,59336.0,23.73.207.10,443.0,tcp,9.581640005111694,136.0,188.0,SF,1.0,1.0,0.0,ShAdDafrF,18.0,1080.0,17.0,1056.0,HTTPS
1720727763.119372,CVzpXAZZsrC8vufi6,192.168.1.4,33850.0,192.168.1.1,53.0,udp,0.042673110961914,40.0,625.0,SF,1.0,1.0,0.0,Dd,1.0,68.0,1.0,653.0,DNS
1720728042.009992,CMzsyL10NuPVz3SXfb,192.168.1.6,56510.0,192.168.1.4,21.0,tcp,10.82951807975769,116.0,188.0,SF,1.0,1.0,0.0,ShAdDafrF,18.0,1060.0,17.0,1056.0,FTP
1720731841.504126,CKswwG1yeV6bGO47ml,192.168.1.6,51806.0,192.168.1.4,21.0,tcp,9.01963496208191,149.0,188.0,SF,1.0,1.0,0.0,ShAdDafrF,18.0,1093.0,17.0,1056.0,FTP
1720729548.465125,Ce2ZUP1QW7rQO1MKCk,192.168.1.6,48926.0,192.168.1.4,21.0,tcp,9.952502965927124,138.0,188.0,SF,1.0,1.0,0.0,ShAdDafFr,18.0,1082.0,17.0,1056.0,FTP
1720729777.40335,CC2i5W18t4bl8Ma5Y3,192.168.1.6,46744.0,192.168.1.4,21.0,tcp,10.105562925338743,114.0,188.0,SF,1.0,1.0,0.0,ShAdDafFr,18.0,1058.0,17.0,1056.0,FTP
1720730469.387275,CvtgrJ2SnxYMAbRPe,192.168.1.6,36334.0,192.168.1.4,21.0,tcp,9.769031047821043,140.0,188.0,SF,1.0,1.0,0.0,ShAdDafrF,18.0,1084.0,17.0,1056.0,FTP
1720728342.434347,CFTiQT2OPIQpbNYtS1,192.168.1.6,38804.0,192.168.1.4,21.0,tcp,11.054839134216309,118.0,188.0,SF,1.0,1.0,0.0,ShAdDafrF,18.0,1062.0,17.0,1056.0,FTP
1720728305.840591,CZmyyt1s3Y3RKCzoQ7,192.168.1.4,55351.0,192.168.1.1,53.0,udp,0.002361059188842,50.0,321.0,SF,1.0,1.0,0.0,Dd,1.0,78.0,1.0,349.0,DNS
1720730465.544793,Co7RVx2hKHU37dzEj,192.168.1.6,36266.0,192.168.1.4,21.0,tcp,9.926035165786743,124.0,188.0,SF,1.0,1.0,0.0,ShAdDafFr,18.0,1068.0,17.0,1056.0,FTP
1720728403.706516,CKDiuOxekfUD9PECk,192.168.1.6,38450.0,192.168.1.4,21.0,tcp,10.9587140083313,118.0,188.0,SF,1.0,1.0,0.0,ShAdDafrF,18.0,1062.0,17.0,1056.0,FTP
1720728217.813226,CBZSQo1GtofcAcBw2g,192.168.1.4,52960.0,13.107.21.239,443.0,tcp,10.9587140083313,118.0,188.0,SF,1.0,1.0,0.0,ShAdDafrF,18.0,1062.0,17.0,1056.0,HTTPS
1720728761.171341,CpVskHj8az7oWmLpf,192.168.1.6,43702.0,192.168.1.4,21.0,tcp,10.347150087356567,131.0,188.0,SF,1.0,1.0,0.0,ShAdDafrF,18.0,1075.0,17.0,1056.0,FTP
1720730656.20017,CVb3vY3xflVlMeo5g6,192.168.1.6,44630.0,192.168.1.4,21.0,tcp,10.896630048751833,132.0,188.0,SF,1.0,1.0,0.0,ShAdDafrF,18.0,1076.0,17.0,1056.0,FTP
1720727885.363689,CAqTyn1J8AUZrxm6jg,192.168.1.4,54125.0,192.168.1.1,53.0,udp,0.001487016677856,45.0,110.0,SF,1.0,1.0,0.0,Dd,1.0,73.0,1.0,138.0,DNS
1720727643.191095,CZCJx82D4wAH8oMcEa,192.168.1.4,37130.0,23.205.106.154,443.0,tcp,300.5625579357147,2572.0,128999.0,SF,1.0,0.0,0.0,ShADadFfR,55.0,5416.0,76.0,132959.0,HTTPS
1720727824.394075,C8LSBf1eplOINCaMqc,192.168.1.4,34143.0,192.168.1.1,53.0,udp,300.5625579357147,2572.0,128999.0,SF,1.0,0.0,0.0,ShADadFfR,55.0,5416.0,76.0,132959.0,DNS
1720728050.774505,C9RBv62tGjWCLiWU5a,192.168.1.6,51028.0,192.168.1.4,21.0,tcp,10.910572052001951,117.0,188.0,SF,1.0,1.0,0.0,ShAdDafFr,18.0,1061.0,17.0,1056.0,FTP
1720730483.962713,C97eHv48aA122O4Wc9,192.168.1.6,48612.0,192.168.1.4,21.0,tcp,10.76512598991394,133.0,188.0,SF,1.0,1.0,0.0,ShAdDafrF,18.0,1077.0,17.0,1056.0,FTP
1720730709.826434,CB5ZWc42Dx8TD5nzOb,192.168.1.6,57662.0,192.168.1.4,21.0,tcp,10.69363808631897,131.0,188.0,SF,1.0,1.0,0.0,ShAdDafrF,18.0,1075.0,17.0,1056.0,FTP
1720727956.347683,CAcC8m3kOu2U1gJY1c,192.168.1.4,53938.0,20.114.189.135,443.0,tcp,10.69363808631897,131.0,188.0,SF,1.0,1.0,0.0,ShAdDafrF,18.0,1075.0,17.0,1056.0,HTTPS
1720729123.109641,Caskkz1C3RImkmt44,192.168.1.6,45728.0,192.168.1.4,21.0,tcp,11.549078941345217,116.0,188.0,SF,1.0,1.0,0.0,ShAdDafrF,18.0,1060.0,17.0,1056.0,FTP
1720728040.307073,CukWnC4NrZhxqlFJK1,192.168.1.4,44144.0,192.168.1.1,53.0,udp,11.549078941345217,116.0,188.0,SF,1.0,1.0,0.0,ShAdDafrF,18.0,1060.0,17.0,1056.0,DNS
1720731197.847734,COFKF63xf1L6bzzUg5,192.168.1.6,35222.0,192.168.1.4,21.0,tcp,9.519153118133543,118.0,188.0,SF,1.0,1.0,0.0,ShAdDafrF,18.0,1062.0,17.0,1056.0,FTP
1720730908.016542,CExgXs2qteWRfAUJh2,192.168.1.6,40148.0,192.168.1.4,21.0,tcp,10.106876134872437,121.0,188.0,SF,1.0,1.0,0.0,ShAdDafFr,18.0,1065.0,17.0,1056.0,FTP
1720730616.645088,Ct3ZsihowVto8Uaqa,192.168.1.6,38862.0,192.168.1.4,21.0,tcp,10.9308180809021,127.0,188.0,SF,1.0,1.0,0.0,ShAdDafrF,18.0,1071.0,17.0,1056.0,FTP
1720731046.096518,CnXV6a1CwOG4uRuX6e,192.168.1.6,33080.0,192.168.1.4,21.0,tcp,10.733897924423218,142.0,188.0,SF,1.0,1.0,0.0,ShAdDafrF,18.0,1086.0,17.0,1056.0,FTP
1720731035.705849,Cwr5sl2SX5h9t2mal5,192.168.1.6,56802.0,192.168.1.4,21.0,tcp,10.343501091003418,125.0,188.0,SF,1.0,1.0,0.0,ShAdDafrF,18.0,1069.0,17.0,1056.0,FTP
1720731257.421712,CICB3o2YlwoMNmTbx5,192.168.1.6,53454.0,192.168.1.4,21.0,tcp,10.107465028762816,174.0,188.0,SF,1.0,1.0,0.0,ShAdDafrF,18.0,1118.0,17.0,1056.0,FTP
1720731197.79219,CLVTJl2BI7PdRhKnkg,192.168.1.6,35202.0,192.168.1.4,21.0,tcp,9.54311203956604,112.0,188.0,SF,1.0,1.0,0.0,ShAdDafFr,18.0,1056.0,17.0,1056.0,FTP
1720728096.704213,CZjNyn4mLCLeN46Zf9,192.168.1.4,47330.0,142.250.176.194,443.0,udp,0.150698184967041,5532.0,9952.0,SF,1.0,0.0,0.0,Dd,14.0,5924.0,16.0,10400.0,HTTPS
1720728096.535665,CG08Od1r7kMQCNclA1,192.168.1.4,45088.0,23.212.250.9,443.0,udp,0.150698184967041,5532.0,9952.0,SF,1.0,0.0,0.0,Dd,14.0,5924.0,16.0,10400.0,HTTPS
1720728237.473774,CZmXUm2LeRDF6R95G1,192.168.1.6,39194.0,192.168.1.4,21.0,tcp,9.393433094024658,117.0,188.0,SF,1.0,1.0,0.0,ShAdDafrF,18.0,1061.0,17.0,1056.0,FTP
1720731388.35731,CsA8Tt2fMKZOZwYWmh,192.168.1.6,40374.0,192.168.1.4,21.0,tcp,10.255523920059204,156.0,188.0,SF,1.0,1.0,0.0,ShAdDafrF,18.0,1100.0,17.0,1056.0,FTP
1720731066.653213,Ca94VS2jnoxKPB3Tfe,192.168.1.6,38604.0,192.168.1.4,21.0,tcp,10.225735902786257,142.0,188.0,SF,1.0,1.0,0.0,ShAdDafrF,18.0,1086.0,17.0,1056.0,FTP
1720728633.891383,CFE5T13HZeuMwAoBO7,192.168.1.6,45480.0,192.168.1.4,21.0,tcp,10.046141147613524,135.0,188.0,SF,1.0,1.0,0.0,ShAdDafrF,18.0,1079.0,17.0,1056.0,FTP
1720728245.497048,CM8UHIzjuGgkrLkQ1,192.168.1.4,58850.0,20.190.152.19,443.0,tcp,105.95187211036682,2937.0,5545.0,SF,1.0,0.0,0.0,ShADadFf,13.0,3477.0,10.0,5957.0,HTTPS
1720729553.003402,ClX5Ib0AePzpAy5Uf,192.168.1.6,56674.0,192.168.1.4,21.0,tcp,10.660275936126707,120.0,188.0,SF,1.0,1.0,0.0,ShAdDafFr,18.0,1064.0,17.0,1056.0,FTP
1720730405.817631,CP0oxo2OpCV23kodF,192.168.1.6,55360.0,192.168.1.4,21.0,tcp,10.962986946105955,118.0,188.0,SF,1.0,1.0,0.0,ShAdDafFr,18.0,1062.0,17.0,1056.0,FTP
1720730426.931591,CrqfKS2KjdCE2a7rH3,192.168.1.6,58842.0,192.168.1.4,21.0,tcp,9.346270084381104,126.0,188.0,SF,1.0,1.0,0.0,ShAdDafrF,18.0,1070.0,17.0,1056.0,FTP
1720730211.418789,CDrUsp1DlFkATeQCBa,192.168.1.6,59416.0,192.168.1.4,21.0,tcp,10.789897203445436,140.0,188.0,SF,1.0,1.0,0.0,ShAdDafrF,18.0,1084.0,17.0,1056.0,FTP
1720727914.258238,CuRvzf2j9taDqszCYf,192.168.1.4,59902.0,192.168.1.1,53.0,udp,0.017514944076538,53.0,324.0,SF,1.0,1.0,0.0,Dd,1.0,81.0,1.0,352.0,DNS
1720729633.329322,C101f33wND1q9AOrZ,192.168.1.6,47442.0,192.168.1.4,21.0,tcp,8.994788885116577,131.0,188.0,SF,1.0,1.0,0.0,ShAdDafFr,18.0,1075.0,17.0,1056.0,FTP
1720728124.749884,CrRYAPbbdcQpYi6u8,192.168.1.4,40674.0,104.18.10.207,443.0,tcp,84.00014901161194,2362.0,30955.0,SF,1.0,0.0,0.0,ShADadFf,21.0,3462.0,23.0,32159.0,HTTPS
1720731187.728375,C3V7904oVd1K2Mxvc,192.168.1.6,48982.0,192.168.1.4,21.0,tcp,10.083404064178469,117.0,188.0,SF,1.0,1.0,0.0,ShAdDafFr,18.0,1061.0,17.0,1056.0,FTP
1720731146.715199,CVorHuMeGyawy9wI,192.168.1.6,58558.0,192.168.1.4,21.0,tcp,9.258174896240234,109.0,188.0,SF,1.0,1.0,0.0,ShAdDafrF,18.0,1053.0,17.0,1056.0,FTP
1720729678.206434,CZhtE53XhvkJxqnV53,192.168.1.6,54684.0,192.168.1.4,21.0,tcp,9.85260796546936,136.0,188.0,SF,1.0,1.0,0.0,ShAdDafrF,18.0,1080.0,17.0,1056.0,FTP
1720731901.514343,Cyfyab3jjLKcQUFpee,192.168.1.6,37080.0,192.168.1.4,21.0,tcp,9.198522090911863,158.0,188.0,SF,1.0,1.0,0.0,ShAdDafrF,18.0,1102.0,17.0,1056.0,FTP
1720727829.329951,CuJHD42Ps5W8dPxtYg,192.168.1.4,59442.0,192.168.1.1,53.0,udp,9.198522090911863,158.0,188.0,SF,1.0,1.0,0.0,ShAdDafrF,18.0,1102.0,17.0,1056.0,DNS
1720729708.588892,CeyWTX2oduNPndvsO9,192.168.1.6,47960.0,192.168.1.4,21.0,tcp,9.673306941986084,135.0,188.0,SF,1.0,1.0,0.0,ShAdDafFr,18.0,1079.0,17.0,1056.0,FTP
1720728245.249446,CjSnMM34QPti8E7j1a,192.168.1.4,40272.0,192.168.1.1,53.0,udp,9.673306941986084,135.0,188.0,SF,1.0,1.0,0.0,ShAdDafFr,18.0,1079.0,17.0,1056.0,DNS
1720731524.202915,CERENJ1ow8ktMazrYh,192.168.1.6,46490.0,192.168.1.4,21.0,tcp,10.106646060943604,139.0,188.0,SF,1.0,1.0,0.0,ShAdDafrF,18.0,1083.0,17.0,1056.0,FTP
1720728116.288012,CotYDF2KgRav69Vydb,192.168.1.6,53710.0,192.168.1.4,21.0,tcp,8.886241912841797,117.0,188.0,SF,1.0,1.0,0.0,ShAdDafrF,18.0,1061.0,17.0,1056.0,FTP
1720731821.032194,CWtijQhchT1oJDVeh,192.168.1.6,42394.0,192.168.1.4,21.0,tcp,10.856229066848757,157.0,188.0,SF,1.0,1.0,0.0,ShAdDafrF,18.0,1101.0,17.0,1056.0,FTP
1720729238.04593,CmZGV13YHjENZHnlKa,192.168.1.6,38344.0,192.168.1.4,21.0,tcp,10.578438997268677,121.0,188.0,SF,1.0,1.0,0.0,ShAdDafrF,18.0,1065.0,17.0,1056.0,FTP
1720730357.68102,CNnP05hCeLVFyrff8,192.168.1.6,56750.0,192.168.1.4,21.0,tcp,10.25368595123291,118.0,188.0,SF,1.0,1.0,0.0,ShAdDafFr,18.0,1062.0,17.0,1056.0,FTP
1720728186.528277,CBnwil1TXOLZRGYaW1,192.168.1.4,52466.0,13.224.214.125,443.0,tcp,10.25368595123291,118.0,188.0,SF,1.0,1.0,0.0,ShAdDafFr,18.0,1062.0,17.0,1056.0,HTTPS
1720727915.231163,CQ1RuhaP7MzMpUiAl,192.168.1.4,53130.0,192.168.1.1,53.0,udp,0.017580032348632,45.0,140.0,SF,1.0,1.0,0.0,Dd,1.0,73.0,1.0,168.0,DNS
1720727884.862131,CcZqv81hz0bSS5NFDh,192.168.1.4,51419.0,192.168.1.1,53.0,udp,0.006196975708007,50.0,295.0,SF,1.0,1.0,0.0,Dd,1.0,78.0,1.0,323.0,DNS
1720728979.51267,CONWq6OCCHFdhCpwb,192.168.1.6,57634.0,192.168.1.4,21.0,tcp,9.655323028564451,119.0,188.0,SF,1.0,1.0,0.0,ShAdDafrF,18.0,1063.0,17.0,1056.0,FTP
1720731704.507596,CJIavt1lF8upSIkpdd,192.168.1.6,52890.0,192.168.1.4,21.0,tcp,10.540394067764282,172.0,188.0,SF,1.0,1.0,0.0,ShAdDafrF,18.0,1116.0,17.0,1056.0,FTP
1720728035.167138,CZcERM1Gt6sqSzw5Pj,192.168.1.4,43175.0,192.168.1.1,53.0,udp,0.140190839767456,53.0,313.0,SF,1.0,1.0,0.0,Dd,1.0,81.0,1.0,341.0,DNS
1720728216.375085,C5dCgt24H8ezltRLNf,192.168.1.6,42426.0,192.168.1.4,21.0,tcp,10.686973810195925,117.0,188.0,SF,1.0,1.0,0.0,ShAdDafrF,18.0,1061.0,17.0,1056.0,FTP
1720728305.867584,CppkEs1OjkObsh17x7,192.168.1.4,37812.0,142.250.72.110,443.0,tcp,10.686973810195925,117.0,188.0,SF,1.0,1.0,0.0,ShAdDafrF,18.0,1061.0,17.0,1056.0,HTTPS
1720728305.908776,CYmlO52vCoYh9yzyc,192.168.1.4,50568.0,142.250.72.110,443.0,tcp,10.686973810195925,117.0,188.0,SF,1.0,1.0,0.0,ShAdDafrF,18.0,1061.0,17.0,1056.0,HTTPS
1720729371.889809,CoHNMC4W3CRTAz5ASf,192.168.1.6,44570.0,192.168.1.4,21.0,tcp,9.839142084121704,135.0,188.0,SF,1.0,1.0,0.0,ShAdDafrF,18.0,1079.0,17.0,1056.0,FTP
1720728064.277292,CPGZzO2QeDmqR5rsB3,192.168.1.4,40476.0,34.193.69.252,80.0,tcp,21.02987289428711,0.0,0.0,SF,1.0,0.0,0.0,ShAfFa,4.0,216.0,3.0,164.0,HTTP
1720728368.551811,CvVYvJsMQ5L89R3jg,192.168.1.6,46748.0,192.168.1.4,21.0,tcp,9.94690990447998,118.0,188.0,SF,1.0,1.0,0.0,ShAdDafrF,18.0,1062.0,17.0,1056.0,FTP
1720730150.910088,COz27z1E1WR9qM21qa,192.168.1.6,55578.0,192.168.1.4,21.0,tcp,10.316190958023071,135.0,188.0,SF,1.0,1.0,0.0,ShAdDafFr,18.0,1079.0,17.0,1056.0,FTP
1720727786.539204,Ccta0F3nXp8VtTRkpe,192.168.1.4,59944.0,192.168.1.1,53.0,udp,10.316190958023071,135.0,188.0,SF,1.0,1.0,0.0,ShAdDafFr,18.0,1079.0,17.0,1056.0,DNS
1720727764.908426,C5csj945fnEyxQQ3Bf,192.168.1.4,33300.0,34.111.60.239,443.0,tcp,443.8416209220886,3043.0,676268.0,SF,1.0,0.0,44800.0,ShADadtgFf,191.0,13007.0,293.0,691512.0,HTTPS
1720727733.258264,ChwBxe4sdyXneRZpEh,192.168.1.4,56583.0,104.18.38.69,443.0,udp,1.68162989616394,29851.0,3675848.0,SF,1.0,0.0,0.0,Dd,407.0,41247.0,3113.0,3763012.0,HTTPS
1720728504.677047,CGk7IX1nTQpT9JPXli,192.168.1.6,41914.0,192.168.1.4,21.0,tcp,9.73607587814331,118.0,188.0,SF,1.0,1.0,0.0,ShAdDafrF,18.0,1062.0,17.0,1056.0,FTP
1720729740.472941,CPWvRY2MGBe3NCt3gd,192.168.1.6,42556.0,192.168.1.4,21.0,tcp,9.325095176696776,114.0,188.0,SF,1.0,1.0,0.0,ShAdDafrF,18.0,1058.0,17.0,1056.0,FTP
1720729861.042024,CM4qoz3PXN9jgTWrBj,192.168.1.6,47896.0,192.168.1.4,21.0,tcp,10.031001091003418,132.0,188.0,SF,1.0,1.0,0.0,ShAdDafrF,18.0,1076.0,17.0,1056.0,FTP
1720727765.783673,CJyD4o05Oj3T1Vrqf,192.168.1.4,55995.0,192.168.1.1,53.0,udp,10.031001091003418,132.0,188.0,SF,1.0,1.0,0.0,ShAdDafrF,18.0,1076.0,17.0,1056.0,DNS
1720728792.126785,CNNyYw2tzFbUt6KJb7,192.168.1.6,33976.0,192.168.1.4,21.0,tcp,10.567770957946776,117.0,188.0,SF,1.0,1.0,0.0,ShAdDafrF,18.0,1061.0,17.0,1056.0,FTP
1720727764.192612,CPr27IkWvZLKCzNQa,192.168.1.4,33187.0,192.168.1.1,53.0,udp,0.017781019210815,43.0,251.0,SF,1.0,1.0,0.0,Dd,1.0,71.0,1.0,279.0,DNS
1720729432.334232,CYBpdKl6Gv4nRvprg,192.168.1.4,40412.0,192.168.1.1,53.0,udp,0.023449897766113,48.0,312.0,SF,1.0,1.0,0.0,Dd,1.0,76.0,1.0,340.0,DNS
1720729412.409556,Cljz2sLybH5daybl,192.168.1.6,36880.0,192.168.1.4,21.0,tcp,10.785113096237184,124.0,188.0,SF,1.0,1.0,0.0,ShAdDafFr,18.0,1068.0,17.0,1056.0,FTP
1720731187.718173,CxKiAM2dFL3GWJ3EC3,192.168.1.6,48980.0,192.168.1.4,21.0,tcp,10.073944091796877,119.0,188.0,SF,1.0,1.0,0.0,ShAdDafFr,18.0,1063.0,17.0,1056.0,FTP
1720728383.475679,CJKY5vfKApAeJ4VJ2,192.168.1.6,56516.0,192.168.1.4,21.0,tcp,9.802443981170654,118.0,188.0,SF,1.0,1.0,0.0,ShAdDafrF,18.0,1062.0,17.0,1056.0,FTP
1720728176.655937,C0Gj872LCbI0omjII,192.168.1.6,37040.0,192.168.1.4,21.0,tcp,9.655174970626833,117.0,188.0,SF,1.0,1.0,0.0,ShAdDafrF,18.0,1061.0,17.0,1056.0,FTP
1720727915.70304,CIlCP69DCbeAXVJk,192.168.1.4,51600.0,192.168.1.1,53.0,udp,0.002856016159057,56.0,101.0,SF,1.0,1.0,0.0,Dd,1.0,84.0,1.0,129.0,DNS
1720728081.876555,CfbN7j2UVE3crQVZ5b,192.168.1.6,52172.0,192.168.1.4,21.0,tcp,9.55571699142456,118.0,188.0,SF,1.0,1.0,0.0,ShAdDafFr,18.0,1062.0,17.0,1056.0,FTP
1720727884.509348,CmojkV2m5rOF8egyea,192.168.1.4,41513.0,192.168.1.1,53.0,udp,0.005498170852661,42.0,278.0,SF,1.0,1.0,0.0,Dd,1.0,70.0,1.0,306.0,DNS
1720730533.255471,CvgmOM2ptQUMkid5Mg,192.168.1.4,42232.0,91.189.91.96,80.0,udp,0.005498170852661,42.0,278.0,SF,1.0,1.0,0.0,Dd,1.0,70.0,1.0,306.0,HTTP
1720727915.545376,C4lWF32dwBrAR76Ci4,192.168.1.4,51012.0,13.224.214.76,443.0,tcp,67.77875185012817,1846.0,7583.0,SF,1.0,0.0,0.0,ShADadFf,12.0,2478.0,12.0,8215.0,HTTPS
1720729229.790905,CyNpYsoXC9XDwY3p1,192.168.1.6,35040.0,192.168.1.4,21.0,tcp,10.695441961288452,135.0,188.0,SF,1.0,1.0,0.0,ShAdDafrF,18.0,1079.0,17.0,1056.0,FTP
1720730857.033192,CysvoR1ZiNueXmP25i,192.168.1.6,41904.0,192.168.1.4,21.0,tcp,10.428325176239014,122.0,188.0,SF,1.0,1.0,0.0,ShAdDafFr,18.0,1066.0,17.0,1056.0,FTP
1720728684.65927,CDhDt71PmSoRRaVFQk,192.168.1.6,55032.0,192.168.1.4,21.0,tcp,10.56012487411499,142.0,188.0,SF,1.0,1.0,0.0,ShAdDafFr,18.0,1086.0,17.0,1056.0,FTP
1720728155.063569,C8ITld4lBrtFIg1vA4,192.168.1.4,49159.0,192.168.1.1,53.0,udp,10.56012487411499,142.0,188.0,SF,1.0,1.0,0.0,ShAdDafFr,18.0,1086.0,17.0,1056.0,DNS
1720728211.839833,CaI87o3rakvemh2dzi,192.168.1.4,34927.0,192.168.1.1,53.0,udp,0.003623962402343,53.0,113.0,SF,1.0,1.0,0.0,Dd,1.0,81.0,1.0,141.0,DNS
1720728306.007159,C1PvC61aX2qLJFPDz,192.168.1.4,34423.0,192.168.1.1,53.0,udp,0.00846791267395,50.0,295.0,SF,1.0,1.0,0.0,Dd,1.0,78.0,1.0,323.0,DNS
1720727916.502716,CzBVZC4Ayt1ors9Yw3,192.168.1.4,49610.0,142.251.40.196,443.0,udp,0.00846791267395,50.0,295.0,SF,1.0,1.0,0.0,IIiiiIhhhHHhH,1.0,78.0,1.0,323.0,HTTPS
1720729730.056451,Cj8JQ93eYkWQVZC2Le,192.168.1.6,37992.0,192.168.1.4,21.0,tcp,10.416324853897097,114.0,188.0,SF,1.0,1.0,0.0,ShAdDafrF,18.0,1058.0,17.0,1056.0,FTP
1720731207.345639,CmCReAlVs9l7hINkj,192.168.1.6,58414.0,192.168.1.4,21.0,tcp,9.224077939987184,117.0,188.0,SF,1.0,1.0,0.0,ShAdDafFr,18.0,1061.0,17.0,1056.0,FTP
1720728989.157998,CqaI092gxXTFQGAKZ6,192.168.1.6,34070.0,192.168.1.4,21.0,tcp,10.56858491897583,121.0,188.0,SF,1.0,1.0,0.0,ShAdDafFr,18.0,1065.0,17.0,1056.0,FTP
1720729724.912423,Cge3oT2wCywRlEfGj1,192.168.1.6,37916.0,192.168.1.4,21.0,tcp,9.56003212928772,126.0,188.0,SF,1.0,1.0,0.0,ShAdDafFr,18.0,1070.0,17.0,1056.0,FTP
1720728329.955927,CPX6M52c6a6CZcRRCf,192.168.1.6,52258.0,192.168.1.4,21.0,tcp,10.330753087997437,118.0,188.0,SF,1.0,1.0,0.0,ShAdDafrF,18.0,1062.0,17.0,1056.0,FTP
1720731298.158901,CeJAU23Az8iI4BrU8k,192.168.1.6,44906.0,192.168.1.4,21.0,tcp,10.166193008422852,182.0,188.0,SF,1.0,1.0,0.0,ShAdDafrF,18.0,1126.0,17.0,1056.0,FTP
1720731418.062515,CtAp5M3qYYCWtt66Ni,192.168.1.6,38994.0,192.168.1.4,21.0,tcp,10.274869918823242,134.0,188.0,SF,1.0,1.0,0.0,ShAdDafrF,18.0,1078.0,17.0,1056.0,FTP
1720727793.33737,C923cv409xOSP8ncld,192.168.1.4,48900.0,34.230.186.109,443.0,tcp,10.274869918823242,134.0,188.0,SF,1.0,1.0,0.0,ShAdDafrF,18.0,1078.0,17.0,1056.0,HTTPS
1720730977.793758,Cp0ZZz1PjciOdLvaAk,192.168.1.6,36198.0,192.168.1.4,21.0,tcp,10.397945165634155,141.0,188.0,SF,1.0,1.0,0.0,ShAdDafrF,18.0,1085.0,17.0,1056.0,FTP
1720730525.800372,CntAFA2VenopXLXkWa,192.168.1.6,49576.0,192.168.1.4,21.0,tcp,10.915374040603638,124.0,188.0,SF,1.0,1.0,0.0,ShAdDafrF,18.0,1068.0,17.0,1056.0,FTP
1720729756.143013,CTt2sx2ncRSVVDBL51,192.168.1.6,43588.0,192.168.1.4,21.0,tcp,9.662537097930908,115.0,188.0,SF,1.0,1.0,0.0,ShAdDafrF,18.0,1059.0,17.0,1056.0,FTP
1720730501.982589,CXFD5j13EI8Q9cXNGa,192.168.1.6,58774.0,192.168.1.4,21.0,tcp,10.347361087799072,127.0,188.0,SF,1.0,1.0,0.0,ShAdDafrF,18.0,1071.0,17.0,1056.0,FTP
1720730128.911113,ClK41o2HbJPdqnGNgk,192.168.1.6,52760.0,192.168.1.4,21.0,tcp,9.615264892578123,125.0,188.0,SF,1.0,1.0,0.0,ShAdDafrF,18.0,1069.0,17.0,1056.0,FTP
1720728534.353779,C6ulfF1KsZey7KGsYb,192.168.1.6,36572.0,192.168.1.4,21.0,tcp,9.9822998046875,118.0,188.0,SF,1.0,1.0,0.0,ShAdDafrF,18.0,1062.0,17.0,1056.0,FTP
1720729115.65647,CmRZu6sSPkKS2Qcxd,192.168.1.6,41720.0,192.168.1.4,21.0,tcp,10.40213704109192,118.0,188.0,SF,1.0,1.0,0.0,ShAdDafrF,18.0,1062.0,17.0,1056.0,FTP
1720728715.916848,CG1Syt6TCWY4xmrq4,192.168.1.6,45186.0,192.168.1.4,21.0,tcp,10.794787168502808,133.0,188.0,SF,1.0,1.0,0.0,ShAdDafFr,18.0,1077.0,17.0,1056.0,FTP
1720727914.258068,CCRMP63e5xY3Ai5hKk,192.168.1.4,48221.0,192.168.1.1,53.0,udp,10.794787168502808,133.0,188.0,SF,1.0,1.0,0.0,ShAdDafFr,18.0,1077.0,17.0,1056.0,DNS
1720729730.085857,Civy2i3moWv3H3fFj6,192.168.1.6,38008.0,192.168.1.4,21.0,tcp,10.418122053146362,115.0,188.0,SF,1.0,1.0,0.0,ShAdDafrF,18.0,1059.0,17.0,1056.0,FTP
1720729660.843898,Cmn8Sl3WKqQWkjqxZa,192.168.1.6,55812.0,192.168.1.4,21.0,tcp,9.5311439037323,157.0,188.0,SF,1.0,1.0,0.0,ShAdDafrF,18.0,1101.0,17.0,1056.0,FTP
1720727853.842058,CaACdbr73l4lTtLMb,192.168.1.4,55236.0,142.251.32.104,443.0,tcp,240.3742949962616,2593.0,356816.0,SF,1.0,0.0,0.0,ShADadtFf,137.0,9725.0,242.0,369420.0,HTTPS
1720728305.864048,ClaVM62MkrsKninzCd,192.168.1.4,41031.0,192.168.1.1,53.0,udp,0.003189086914062,53.0,110.0,SF,1.0,1.0,0.0,Dd,1.0,81.0,1.0,138.0,DNS
1720730311.050153,CMRbPk2LhdmKjWjwk,192.168.1.6,50326.0,192.168.1.4,21.0,tcp,10.374561071395874,128.0,188.0,SF,1.0,1.0,0.0,ShAdDafrF,18.0,1072.0,17.0,1056.0,FTP
1720731592.707686,CROT5I1Q7kFqYU6LCb,192.168.1.6,47720.0,192.168.1.4,21.0,tcp,9.548532009124756,156.0,188.0,SF,1.0,1.0,0.0,ShAdDafrF,18.0,1100.0,17.0,1056.0,FTP
1720728807.72867,CxnLOM1RtXf7MLTTH3,192.168.1.6,37368.0,192.168.1.4,21.0,tcp,10.555613040924072,132.0,188.0,SF,1.0,1.0,0.0,ShAdDafrF,18.0,1076.0,17.0,1056.0,FTP
1720731713.899833,CsVniX2GwdiShvSg8h,192.168.1.6,38528.0,192.168.1.4,21.0,tcp,10.852107048034668,167.0,188.0,SF,1.0,1.0,0.0,ShAdDafrF,18.0,1111.0,17.0,1056.0,FTP
1720727841.784292,CycwUb2IvWJPFineZg,192.168.1.6,42468.0,192.168.1.4,21.0,tcp,9.694886922836304,117.0,188.0,SF,1.0,1.0,0.0,ShAdDafFr,18.0,1061.0,17.0,1056.0,FTP
1720729064.837773,CiGtCS3XmVjKkmUKZ1,192.168.1.6,36972.0,192.168.1.4,21.0,tcp,9.849782943725586,129.0,188.0,SF,1.0,1.0,0.0,ShAdDafrF,18.0,1073.0,17.0,1056.0,FTP
1720730482.523189,Cg7Tzo3cCssRv2hrVl,192.168.1.6,50558.0,192.168.1.4,21.0,tcp,9.461036920547484,137.0,188.0,SF,1.0,1.0,0.0,ShAdDafrF,18.0,1081.0,17.0,1056.0,FTP
1720728380.884974,CCGZBG18MlT8zjKyI1,192.168.1.6,56924.0,192.168.1.4,21.0,tcp,10.828869104385376,118.0,188.0,SF,1.0,1.0,0.0,ShAdDafFr,18.0,1062.0,17.0,1056.0,FTP
1720728306.17911,CwbJBb6722R5f5YGc,192.168.1.4,59490.0,142.251.41.2,443.0,tcp,10.828869104385376,118.0,188.0,SF,1.0,1.0,0.0,IIiiiIhhhHHhHH,18.0,1062.0,17.0,1056.0,HTTPS
1720727884.516157,CRO364RRSLakTV2C4,192.168.1.4,58142.0,192.168.1.1,53.0,udp,10.828869104385376,118.0,188.0,SF,1.0,1.0,0.0,IIiiiIhhhHHhHH,18.0,1062.0,17.0,1056.0,DNS
1720728305.150866,CCIMcw4BXceEgfoY9h,192.168.1.4,53475.0,146.75.36.84,443.0,udp,0.054821968078613,2821.0,7065.0,SF,1.0,0.0,0.0,Dd,7.0,3017.0,8.0,7289.0,HTTPS
1720731021.71765,CJNTOl4MXgu4EYmf3g,192.168.1.6,35568.0,192.168.1.4,21.0,tcp,10.386155128479004,128.0,188.0,SF,1.0,1.0,0.0,ShAdDafrF,18.0,1072.0,17.0,1056.0,FTP
1720731656.362954,Chi7aQ3DcC0kSau94,192.168.1.6,44056.0,192.168.1.4,21.0,tcp,10.419939041137695,147.0,188.0,SF,1.0,1.0,0.0,ShAdDafFr,18.0,1091.0,17.0,1056.0,FTP
1720728155.08417,CdNV6E4m3hhV09uTr1,192.168.1.4,50348.0,152.199.0.214,443.0,tcp,10.419939041137695,147.0,188.0,SF,1.0,1.0,0.0,ShAdDafFr,18.0,1091.0,17.0,1056.0,HTTPS
1720729564.790472,Czy4Eu3UksACUgiqdj,192.168.1.6,55658.0,192.168.1.4,21.0,tcp,10.59832501411438,112.0,188.0,SF,1.0,1.0,0.0,ShAdDafrF,18.0,1056.0,17.0,1056.0,FTP
1720728305.844925,CNQ1th5nXmd9pCGl2,192.168.1.4,37870.0,31.13.71.7,443.0,tcp,45.60019302368164,2972.0,78740.0,SF,1.0,0.0,0.0,ShADadFf,46.0,5372.0,66.0,82180.0,HTTPS
1720731850.523897,C4cqkb3Nat2xIuTaOh,192.168.1.6,35442.0,192.168.1.4,21.0,tcp,10.329694032669067,127.0,188.0,SF,1.0,1.0,0.0,ShAdDafrF,18.0,1071.0,17.0,1056.0,FTP
1720728705.800307,CSwS432Lb4Gwnn50t1,192.168.1.6,37364.0,192.168.1.4,21.0,tcp,10.199848890304564,138.0,188.0,SF,1.0,1.0,0.0,ShAdDafrF,18.0,1082.0,17.0,1056.0,FTP
1720727643.380695,CoqPbvIilpktwUbxi,192.168.1.4,57740.0,23.205.106.137,443.0,tcp,120.19351291656494,5737.0,4461974.0,SF,1.0,0.0,1831720.0,ShADadtgtgFf,433.0,30709.0,882.0,4508083.0,HTTPS
1720728034.742935,CjwIluq2YpB6ixcGc,192.168.1.4,43030.0,104.96.220.114,443.0,tcp,120.19351291656494,5737.0,4461974.0,SF,1.0,0.0,1831720.0,ShADadtgtgFf,433.0,30709.0,882.0,4508083.0,HTTPS
1720731266.509981,Cym2oyfF76bWpTwqk,192.168.1.6,32790.0,192.168.1.4,21.0,tcp,9.857535123825071,176.0,188.0,SF,1.0,1.0,0.0,ShAdDafFr,18.0,1120.0,17.0,1056.0,FTP
1720727793.877588,CQ4uhz1qEuxwYFqkHh,192.168.1.4,37001.0,192.168.1.1,53.0,udp,9.857535123825071,176.0,188.0,SF,1.0,1.0,0.0,ShAdDafFr,18.0,1120.0,17.0,1056.0,DNS
1720728125.058251,CU44kM2GA9VdEvP1c5,192.168.1.4,54107.0,192.168.1.1,53.0,udp,9.857535123825071,176.0,188.0,SF,1.0,1.0,0.0,ShAdDafFr,18.0,1120.0,17.0,1056.0,DNS
1720728034.832125,C72VP32Y1uGbS9hq0c,192.168.1.4,53601.0,192.168.1.1,53.0,udp,9.857535123825071,176.0,188.0,SF,1.0,1.0,0.0,ShAdDafFr,18.0,1120.0,17.0,1056.0,DNS
1720729680.286767,CGlaNRBhbKZnT8rv3,192.168.1.6,54714.0,192.168.1.4,21.0,tcp,9.97286295890808,133.0,188.0,SF,1.0,1.0,0.0,ShAdDafrF,18.0,1077.0,17.0,1056.0,FTP
1720731613.523,CbB6wb4S8f6blZquD,192.168.1.6,45068.0,192.168.1.4,21.0,tcp,9.110280990600586,178.0,188.0,SF,1.0,1.0,0.0,ShAdDafrF,18.0,1122.0,17.0,1056.0,FTP
1720728064.56179,CYQASL2VvWD9B5q7M7,192.168.1.4,57667.0,192.168.1.1,53.0,udp,9.110280990600586,178.0,188.0,SF,1.0,1.0,0.0,ShAdDafrF,18.0,1122.0,17.0,1056.0,DNS
1720731679.753896,CfhWQY3581MzIThrFk,192.168.1.6,44872.0,192.168.1.4,21.0,tcp,10.377075910568236,157.0,188.0,SF,1.0,1.0,0.0,ShAdDafrF,18.0,1101.0,17.0,1056.0,FTP
1720729532.197156,CBYGF53MMpX1xUMCZe,192.168.1.6,56958.0,192.168.1.4,21.0,tcp,10.199723958969116,113.0,188.0,SF,1.0,1.0,0.0,ShAdDafFr,18.0,1057.0,17.0,1056.0,FTP
1720730120.671295,CkabgC14zSkKY724Gl,192.168.1.6,48336.0,192.168.1.4,21.0,tcp,9.975999116897585,129.0,188.0,SF,1.0,1.0,0.0,ShAdDafrF,18.0,1073.0,17.0,1056.0,FTP
1720728363.822067,CbUsJip5zjK1YVoI,192.168.1.6,46696.0,192.168.1.4,21.0,tcp,10.833590984344482,118.0,188.0,SF,1.0,1.0,0.0,ShAdDafrF,18.0,1062.0,17.0,1056.0,FTP
1720728306.080754,CXFLzr2Sn83b4D3c35,192.168.1.4,45758.0,3.219.142.129,443.0,tcp,45.36325192451477,5143.0,18770.0,SF,1.0,0.0,0.0,ShADadFf,30.0,6711.0,27.0,20182.0,HTTPS
1720727853.950164,C4S8kz2hUYIzMDGuCa,192.168.1.4,42286.0,192.168.1.1,53.0,udp,45.36325192451477,5143.0,18770.0,SF,1.0,0.0,0.0,ShADadFf,30.0,6711.0,27.0,20182.0,DNS
1720727854.23276,C20TXr1yMCdP93p9u1,192.168.1.4,41770.0,192.168.1.1,53.0,udp,0.033622026443481,53.0,308.0,SF,1.0,1.0,0.0,Dd,1.0,81.0,1.0,336.0,DNS
1720729146.529983,C3NqIi2esyLBLrMc1,192.168.1.6,38932.0,192.168.1.4,21.0,tcp,10.020444869995115,123.0,188.0,SF,1.0,1.0,0.0,ShAdDafrF,18.0,1067.0,17.0,1056.0,FTP
1720730058.249396,CRC9FP20NEUcpJjgt1,192.168.1.6,54796.0,192.168.1.4,21.0,tcp,10.637447834014893,126.0,188.0,SF,1.0,1.0,0.0,ShAdDafrF,18.0,1070.0,17.0,1056.0,FTP
1720727835.128744,Cqv9Gs1r9zKeC80Hjd,192.168.1.6,42384.0,192.168.1.4,21.0,tcp,9.97159504890442,117.0,188.0,SF,1.0,1.0,0.0,ShAdDafFr,18.0,1061.0,17.0,1056.0,FTP
1720728663.832313,CBpite2ln2BV5qKK6k,192.168.1.6,34208.0,192.168.1.4,21.0,tcp,9.912531852722168,136.0,188.0,SF,1.0,1.0,0.0,ShAdDafrF,18.0,1080.0,17.0,1056.0,FTP
1720727884.931262,C8KYnR2ouEw3FzVZXc,192.168.1.4,52461.0,192.168.1.1,53.0,udp,9.912531852722168,136.0,188.0,SF,1.0,1.0,0.0,ShAdDafrF,18.0,1080.0,17.0,1056.0,DNS
1720728643.937687,CUGi0D3mfNGKjqvsqa,192.168.1.6,35412.0,192.168.1.4,21.0,tcp,10.28707504272461,140.0,188.0,SF,1.0,1.0,0.0,ShAdDafFr,18.0,1084.0,17.0,1056.0,FTP
1720728444.252544,CSWzCTulLgze2iY2c,192.168.1.6,37880.0,192.168.1.4,21.0,tcp,9.914960145950316,118.0,188.0,SF,1.0,1.0,0.0,ShAdDafrF,18.0,1062.0,17.0,1056.0,FTP
1720729279.414807,CPEBFNtDNMbNhbeC1,192.168.1.6,60068.0,192.168.1.4,21.0,tcp,9.340152025222778,119.0,188.0,SF,1.0,1.0,0.0,ShAdDafrF,18.0,1063.0,17.0,1056.0,FTP
1720727765.792237,CHrhKf4Jeyf5gOku95,192.168.1.4,35023.0,192.168.1.1,53.0,udp,0.019805908203125,127.0,127.0,SF,1.0,1.0,0.0,Dd,3.0,211.0,3.0,211.0,DNS
1720728331.920222,CSEStspB7s3JqtXXi,192.168.1.4,50959.0,192.168.1.1,53.0,udp,0.019805908203125,127.0,127.0,SF,1.0,1.0,0.0,Dd,3.0,211.0,3.0,211.0,DNS
1720727914.303192,CEm8E31bHbQz7Qzjx3,192.168.1.4,39072.0,192.168.1.1,53.0,udp,0.019805908203125,127.0,127.0,SF,1.0,1.0,0.0,Dd,3.0,211.0,3.0,211.0,DNS
1720730387.770981,CNYQMi0CEUZwlSFde,192.168.1.6,35172.0,192.168.1.4,21.0,tcp,10.61803388595581,134.0,188.0,SF,1.0,1.0,0.0,ShAdDafFr,18.0,1078.0,17.0,1056.0,FTP
1720728495.514132,CrI1qH3TCXhohduzCb,192.168.1.6,54810.0,192.168.1.4,21.0,tcp,9.419391870498655,118.0,188.0,SF,1.0,1.0,0.0,ShAdDafrF,18.0,1062.0,17.0,1056.0,FTP
1720729520.310036,CM6NEv3wP9ymiWcV7,192.168.1.6,36514.0,192.168.1.4,21.0,tcp,10.067162990570068,121.0,188.0,SF,1.0,1.0,0.0,ShAdDafrF,18.0,1065.0,17.0,1056.0,FTP
1720728305.9723,CxPKSN1v5XFKdEjF78,192.168.1.4,53905.0,142.250.80.34,443.0,tcp,10.067162990570068,121.0,188.0,SF,1.0,1.0,0.0,IIiiiIhhhHH,18.0,1065.0,17.0,1056.0,HTTPS
1720731806.459785,CFOqLy20uvVv3n0Ecl,192.168.1.6,34952.0,192.168.1.4,21.0,tcp,11.352755069732666,158.0,188.0,SF,1.0,1.0,0.0,ShAdDafFr,18.0,1102.0,17.0,1056.0,FTP
1720728155.5728,CqrkqM3cuVxJgmjTje,192.168.1.4,38234.0,192.168.1.1,53.0,udp,11.352755069732666,158.0,188.0,SF,1.0,1.0,0.0,ShAdDafFr,18.0,1102.0,17.0,1056.0,DNS
1720728624.420449,C7YvET5008HkLGBK6,192.168.1.6,36708.0,192.168.1.4,21.0,tcp,10.377912998199465,124.0,188.0,SF,1.0,1.0,0.0,ShAdDafrF,18.0,1068.0,17.0,1056.0,FTP
1720728155.211498,CdiyCK2ewEWwSeX7Hg,192.168.1.4,54944.0,13.224.214.19,443.0,tcp,10.377912998199465,124.0,188.0,SF,1.0,1.0,0.0,ShAdDafrF,18.0,1068.0,17.0,1056.0,HTTPS
1720728094.75079,CPHsri3jDWIlpP2Nxf,192.168.1.4,52388.0,192.168.1.1,53.0,udp,10.377912998199465,124.0,188.0,SF,1.0,1.0,0.0,ShAdDafrF,18.0,1068.0,17.0,1056.0,DNS
1720731625.491854,CW8g5L1ARbjdhguJDj,192.168.1.6,35062.0,192.168.1.4,21.0,tcp,9.057577133178713,165.0,188.0,SF,1.0,1.0,0.0,ShAdDafrF,18.0,1109.0,17.0,1056.0,FTP
1720728095.036897,C0zU9i1F3moiy4EEU7,192.168.1.4,47888.0,192.168.1.1,53.0,udp,9.057577133178713,165.0,188.0,SF,1.0,1.0,0.0,ShAdDafrF,18.0,1109.0,17.0,1056.0,DNS
1720729621.246402,CH8GgM1OwvJ3aTpNU9,192.168.1.6,47644.0,192.168.1.4,21.0,tcp,9.05376386642456,116.0,188.0,SF,1.0,1.0,0.0,ShAdDafrF,18.0,1060.0,17.0,1056.0,FTP
1720730021.833992,CDusb73Ccy4M3eGB9g,192.168.1.6,51622.0,192.168.1.4,21.0,tcp,10.666867017745972,136.0,188.0,SF,1.0,1.0,0.0,ShAdDafrF,18.0,1080.0,17.0,1056.0,FTP
1720731838.515646,ClUhdSulMhZBS3kqe,192.168.1.6,51794.0,192.168.1.4,21.0,tcp,10.39780306816101,124.0,188.0,SF,1.0,1.0,0.0,ShAdDafFr,18.0,1068.0,17.0,1056.0,FTP
1720728034.673895,CxoCtN9CsPmdoJLXd,192.168.1.4,46359.0,192.168.1.1,53.0,udp,10.39780306816101,124.0,188.0,SF,1.0,1.0,0.0,ShAdDafFr,18.0,1068.0,17.0,1056.0,DNS
1720729516.236374,Cujx924jQi3G0njjy8,192.168.1.6,36472.0,192.168.1.4,21.0,tcp,11.076696157455444,116.0,188.0,SF,1.0,1.0,0.0,ShAdDafrF,18.0,1060.0,17.0,1056.0,FTP
1720729368.336384,C3CEJu2hJWWmc3wCyl,192.168.1.6,44532.0,192.168.1.4,21.0,tcp,10.9322988986969,119.0,188.0,SF,1.0,1.0,0.0,ShAdDafrF,18.0,1063.0,17.0,1056.0,FTP
1720729900.930397,CnYc3f2Xu6nbHdj20c,192.168.1.6,59704.0,192.168.1.4,21.0,tcp,10.37266993522644,123.0,188.0,SF,1.0,1.0,0.0,ShAdDafrF,18.0,1067.0,17.0,1056.0,FTP
1720729092.251826,CwNGmo1FnWIxx9vgd1,192.168.1.6,50614.0,192.168.1.4,21.0,tcp,11.126543045043944,116.0,188.0,SF,1.0,1.0,0.0,ShAdDafrF,18.0,1060.0,17.0,1056.0,FTP
1720727734.754657,CcO8o44Rq2bVqcVuka,192.168.1.4,44918.0,23.220.128.152,443.0,tcp,120.05289888381958,2454.0,14189.0,SF,1.0,0.0,0.0,ShADadfF,19.0,3450.0,25.0,15497.0,HTTPS
1720728257.237727,ClhEKu4O3vdAvy9Li9,192.168.1.6,46712.0,192.168.1.4,21.0,tcp,9.967374086380005,118.0,188.0,SF,1.0,1.0,0.0,ShAdDafrF,18.0,1062.0,17.0,1056.0,FTP
1720731097.60111,CSyJzVnYjsDmuhSh7,192.168.1.6,43300.0,192.168.1.4,21.0,tcp,10.48839807510376,112.0,188.0,SF,1.0,1.0,0.0,ShAdDafrF,18.0,1056.0,17.0,1056.0,FTP
1720731452.453302,CrGURy36mAQAbW08Jd,192.168.1.6,58946.0,192.168.1.4,21.0,tcp,10.75610899925232,144.0,188.0,SF,1.0,1.0,0.0,ShAdDafrF,18.0,1088.0,17.0,1056.0,FTP
1720728125.063303,CNz0vqsfolJgY7f9k,192.168.1.4,46660.0,31.13.71.7,443.0,tcp,65.1274061203003,2947.0,76886.0,SF,1.0,0.0,0.0,ShADadfF,41.0,5087.0,67.0,80378.0,HTTPS
1720728771.622098,CNyXEF3M3A3nV9Pdgh,192.168.1.6,33106.0,192.168.1.4,21.0,tcp,10.547012090682983,129.0,188.0,SF,1.0,1.0,0.0,ShAdDafrF,18.0,1073.0,17.0,1056.0,FTP
1720728275.038673,C9iKba4R7EmlgMaFXd,192.168.1.4,42117.0,192.168.1.1,53.0,udp,0.003484964370727,46.0,387.0,SF,1.0,1.0,0.0,Dd,1.0,74.0,1.0,415.0,DNS
1720727733.402701,CQ4p3t3N0Mf2Rx29Wg,192.168.1.4,36566.0,142.251.40.110,443.0,tcp,240.15116810798645,2546.0,21376.0,SF,1.0,0.0,0.0,ShADadFf,27.0,3958.0,31.0,22996.0,HTTPS
1720729473.660364,CQynmE3BIiZhO7Vfj,192.168.1.6,49996.0,192.168.1.4,21.0,tcp,10.187090158462524,110.0,188.0,SF,1.0,1.0,0.0,ShAdDafrF,18.0,1054.0,17.0,1056.0,FTP
1720730759.63409,CgOV273JwaLqb9ICbi,192.168.1.6,50880.0,192.168.1.4,21.0,tcp,9.471009969711304,128.0,188.0,SF,1.0,1.0,0.0,ShAdDafFr,18.0,1072.0,17.0,1056.0,FTP
1720727915.037917,C8n0Gu4as9YYXTXdi1,192.168.1.4,47300.0,13.224.214.12,443.0,tcp,9.471009969711304,128.0,188.0,SF,1.0,1.0,0.0,ShAdDafFr,18.0,1072.0,17.0,1056.0,HTTPS
1720728206.175734,CPfsIk2GmYnxMCVFC7,192.168.1.6,43782.0,192.168.1.4,21.0,tcp,9.288514852523804,116.0,188.0,SF,1.0,1.0,0.0,ShAdDafFr,18.0,1060.0,17.0,1056.0,FTP
1720728275.84186,CYdt2P3i4BIyNiTzGi,192.168.1.4,58616.0,152.195.19.97,443.0,tcp,9.288514852523804,116.0,188.0,SF,1.0,1.0,0.0,ShAdDafFr,18.0,1060.0,17.0,1056.0,HTTPS
1720728245.064007,CvtEcF31iIBhmT9wig,192.168.1.4,53923.0,192.168.1.1,53.0,udp,9.288514852523804,116.0,188.0,SF,1.0,1.0,0.0,ShAdDafFr,18.0,1060.0,17.0,1056.0,DNS
1720727884.543255,C44a4HHXtV08T3sbd,192.168.1.4,58408.0,35.245.15.98,443.0,udp,0.0,116.0,188.0,SF,0.0,1.0,0.0,ShAdDafFr,18.0,1060.0,17.0,1056.0,HTTPS
1720728859.402817,CIjgvl4yGP7kEvLoG7,192.168.1.6,50718.0,192.168.1.4,21.0,tcp,10.01802396774292,148.0,188.0,SF,1.0,1.0,0.0,ShAdDafrF,18.0,1092.0,17.0,1056.0,FTP
1720728034.653817,CYZCUy1kxkywElI917,192.168.1.4,37675.0,192.168.1.1,53.0,udp,10.01802396774292,148.0,188.0,SF,1.0,1.0,0.0,ShAdDafrF,18.0,1092.0,17.0,1056.0,DNS
1720727794.081729,Ct69sAnHHb7atfiMl,192.168.1.4,34674.0,192.168.1.1,53.0,udp,10.01802396774292,148.0,188.0,SF,1.0,1.0,0.0,ShAdDafrF,18.0,1092.0,17.0,1056.0,DNS
1720728096.414677,CPBJp11EpkvKRR8Ing,192.168.1.4,34548.0,31.13.71.36,443.0,udp,10.01802396774292,148.0,188.0,SF,1.0,1.0,0.0,IIishhhHHh,18.0,1092.0,17.0,1056.0,HTTPS
1720730586.990796,CNoGqWG6rEw6ol5j1,192.168.1.6,34988.0,192.168.1.4,21.0,tcp,9.836560010910034,129.0,188.0,SF,1.0,1.0,0.0,ShAdDafrF,18.0,1073.0,17.0,1056.0,FTP
1720729697.372317,CxcjL5mWwVrrdb5ra,192.168.1.6,36662.0,192.168.1.4,21.0,tcp,9.471118927001951,139.0,188.0,SF,1.0,1.0,0.0,ShAdDafFr,18.0,1083.0,17.0,1056.0,FTP
1720730750.863127,CKOHmk4PcwBndMTUx5,192.168.1.6,60564.0,192.168.1.4,21.0,tcp,9.636786937713625,131.0,188.0,SF,1.0,1.0,0.0,ShAdDafrF,18.0,1075.0,17.0,1056.0,FTP
1720727824.925605,CUCYvA1WEGu5DTDCu8,192.168.1.4,36882.0,142.251.40.238,443.0,tcp,9.636786937713625,131.0,188.0,SF,1.0,1.0,0.0,ShAdDafrF,18.0,1075.0,17.0,1056.0,HTTPS
1720729279.455129,CGfaD94ugN8epygWqe,192.168.1.6,60088.0,192.168.1.4,21.0,tcp,9.348658084869385,123.0,188.0,SF,1.0,1.0,0.0,ShAdDafFr,18.0,1067.0,17.0,1056.0,FTP
1720727786.539999,CIjFvxEuECChoisI1,192.168.1.4,43599.0,192.168.1.1,53.0,udp,0.003885030746459,49.0,100.0,SF,1.0,1.0,0.0,Dd,1.0,77.0,1.0,128.0,DNS
1720728071.706269,CrMRek2O0Yx4qFzzfg,192.168.1.6,56280.0,192.168.1.4,21.0,tcp,10.101700067520142,118.0,188.0,SF,1.0,1.0,0.0,ShAdDafrF,18.0,1062.0,17.0,1056.0,FTP
1720729037.758966,C3PmJj1RPXl0I6RkWg,192.168.1.6,57794.0,192.168.1.4,21.0,tcp,9.93056297302246,134.0,188.0,SF,1.0,1.0,0.0,ShAdDafFr,18.0,1078.0,17.0,1056.0,FTP
1720727914.194035,C9TT3pL1hP05FaCC1,192.168.1.4,38925.0,192.168.1.1,53.0,udp,9.93056297302246,134.0,188.0,SF,1.0,1.0,0.0,ShAdDafFr,18.0,1078.0,17.0,1056.0,DNS
1720728186.020037,CkaueE2mRi7QQ7tDx9,192.168.1.4,58808.0,192.168.1.1,53.0,udp,0.001163959503173,43.0,105.0,SF,1.0,1.0,0.0,Dd,1.0,71.0,1.0,133.0,DNS
1720729040.293625,CptvWF3GcKZLCgdZP8,192.168.1.6,57846.0,192.168.1.4,21.0,tcp,10.372723817825316,127.0,188.0,SF,1.0,1.0,0.0,ShAdDafrF,18.0,1071.0,17.0,1056.0,FTP
1720730122.698603,CbfpAx4oYqeTPNXxa6,192.168.1.6,48350.0,192.168.1.4,21.0,tcp,9.801838159561155,139.0,188.0,SF,1.0,1.0,0.0,ShAdDafrF,18.0,1083.0,17.0,1056.0,FTP
1720730548.747298,CXCWy02DukScsmhnA4,192.168.1.6,58678.0,192.168.1.4,21.0,tcp,9.929828882217407,120.0,188.0,SF,1.0,1.0,0.0,ShAdDafrF,18.0,1064.0,17.0,1056.0,FTP
1720728186.49534,CiG2t72PAM55aRu9a4,192.168.1.4,33075.0,192.168.1.1,53.0,udp,9.929828882217407,120.0,188.0,SF,1.0,1.0,0.0,ShAdDafrF,18.0,1064.0,17.0,1056.0,DNS
1720728665.959329,CLTUZ91X8XZorDorwi,192.168.1.6,34276.0,192.168.1.4,21.0,tcp,11.012193202972412,137.0,188.0,SF,1.0,1.0,0.0,ShAdDafrF,18.0,1081.0,17.0,1056.0,FTP
1720731715.012734,CUS1r21AKLm9R5Xnec,192.168.1.6,38570.0,192.168.1.4,21.0,tcp,10.460117101669312,179.0,188.0,SF,1.0,1.0,0.0,ShAdDafrF,18.0,1123.0,17.0,1056.0,FTP
1720731207.367087,CUxf7f19t3hTuyhcA2,192.168.1.6,58418.0,192.168.1.4,21.0,tcp,9.212782144546509,112.0,188.0,SF,1.0,1.0,0.0,ShAdDafFr,18.0,1056.0,17.0,1056.0,FTP
1720728096.097999,ChuFz52u9en6TU69k,192.168.1.4,59142.0,204.79.197.237,443.0,tcp,9.212782144546509,112.0,188.0,SF,1.0,1.0,0.0,ShAdDafFr,18.0,1056.0,17.0,1056.0,HTTPS
1720728042.297931,C0EZ082L7V8Cbw4LTe,192.168.1.6,56564.0,192.168.1.4,21.0,tcp,10.824099063873293,118.0,188.0,SF,1.0,1.0,0.0,ShAdDafrF,18.0,1062.0,17.0,1056.0,FTP
1720728275.037896,C8puIr2eex8G6eSThd,192.168.1.4,60894.0,192.168.1.1,53.0,udp,10.824099063873293,118.0,188.0,SF,1.0,1.0,0.0,ShAdDafrF,18.0,1062.0,17.0,1056.0,DNS
1720729586.170904,CWHBym2encCaPaFo8,192.168.1.6,52466.0,192.168.1.4,21.0,tcp,9.781774044036863,112.0,188.0,SF,1.0,1.0,0.0,ShAdDafFr,18.0,1056.0,17.0,1056.0,FTP
1720728589.899938,CpvJlaKonaEZazEl2,192.168.1.6,45268.0,192.168.1.4,21.0,tcp,10.234500885009766,115.0,188.0,SF,1.0,1.0,0.0,ShAdDafrF,18.0,1059.0,17.0,1056.0,FTP
1720728687.959622,CoJeRb1zvTq3ShO3v6,192.168.1.6,55100.0,192.168.1.4,21.0,tcp,9.798979043960571,132.0,188.0,SF,1.0,1.0,0.0,ShAdDafrF,18.0,1076.0,17.0,1056.0,FTP
1720729773.681269,CLfuE63dHW6mlitybb,192.168.1.6,46680.0,192.168.1.4,21.0,tcp,10.065294027328491,121.0,188.0,SF,1.0,1.0,0.0,ShAdDafrF,18.0,1065.0,17.0,1056.0,FTP
1720728053.132382,CMydEjwkUDkc0Ft3d,192.168.1.6,46028.0,192.168.1.4,21.0,tcp,9.611129999160768,117.0,188.0,SF,1.0,1.0,0.0,ShAdDafrF,18.0,1061.0,17.0,1056.0,FTP
1720729187.900779,Cj3ET22O8Q9206Gyyh,192.168.1.6,50142.0,192.168.1.4,21.0,tcp,10.531634092330933,127.0,188.0,SF,1.0,1.0,0.0,ShAdDafFr,18.0,1071.0,17.0,1056.0,FTP
1720727875.942368,C4I8HN16gFE81hIDw1,192.168.1.6,46312.0,192.168.1.4,21.0,tcp,9.04831886291504,118.0,188.0,SF,1.0,1.0,0.0,ShAdDafrF,18.0,1062.0,17.0,1056.0,FTP
1720730277.780226,CjXde6v6Ni5xGrGAe,192.168.1.6,54078.0,192.168.1.4,21.0,tcp,10.770437955856323,126.0,188.0,SF,1.0,1.0,0.0,ShAdDafrF,18.0,1070.0,17.0,1056.0,FTP
1720730373.065294,Ca86oP3IxsMYzM6e6g,192.168.1.6,33366.0,192.168.1.4,21.0,tcp,10.232413053512571,132.0,188.0,SF,1.0,1.0,0.0,ShAdDafrF,18.0,1076.0,17.0,1056.0,FTP
1720729606.488233,CAq1zz3khzxSB9yCg6,192.168.1.6,48536.0,192.168.1.4,21.0,tcp,9.209789991378784,109.0,188.0,SF,1.0,1.0,0.0,ShAdDafrF,18.0,1053.0,17.0,1056.0,FTP
1720727865.759216,CVOEWj1oDnx1nnmnue,192.168.1.6,47796.0,192.168.1.4,21.0,tcp,10.397809028625488,117.0,188.0,SF,1.0,1.0,0.0,ShAdDafrF,18.0,1061.0,17.0,1056.0,FTP
1720728272.126799,C8mUpZ2oNN6Npod1C1,192.168.1.4,42400.0,104.96.220.105,80.0,tcp,10.397809028625488,117.0,188.0,SF,1.0,1.0,0.0,ShAdDafrF,18.0,1061.0,17.0,1056.0,HTTP
1720729941.935392,CoT9Rr340BCZa58Blh,192.168.1.6,47766.0,192.168.1.4,21.0,tcp,9.591917991638184,118.0,188.0,SF,1.0,1.0,0.0,ShAdDafrF,18.0,1062.0,17.0,1056.0,FTP
1720727855.272277,Cw0i8tFwq7GIgduh4,144.80.110.68,49997.0,192.168.1.4,22.0,tcp,9.591917991638184,118.0,188.0,SF,1.0,1.0,0.0,ShAdDafrF,18.0,1062.0,17.0,1056.0,SSH
1720727765.792237,CHrhKf4Jeyf5gOku95,192.168.1.4,35023.0,192.168.1.1,53.0,udp,9.591917991638184,118.0,188.0,SF,1.0,1.0,0.0,ShAdDafrF,18.0,1062.0,17.0,1056.0,DNS
1720731820.737693,ClPPK32Gy7Caton3h8,192.168.1.6,42380.0,192.168.1.4,21.0,tcp,11.392271995544434,158.0,188.0,SF,1.0,1.0,0.0,ShAdDafrF,18.0,1102.0,17.0,1056.0,FTP
1720727824.938056,CgrtgEReF1sjvk5Gd,192.168.1.4,53305.0,142.251.40.110,443.0,udp,2.468470096588134,17003.0,10102.0,SF,1.0,0.0,0.0,Dd,22.0,17619.0,21.0,10690.0,HTTPS
1720728095.33439,C39ycW2cS20OpYMmjg,192.168.1.4,45142.0,192.168.1.1,53.0,udp,2.468470096588134,17003.0,10102.0,SF,1.0,0.0,0.0,Dd,22.0,17619.0,21.0,10690.0,DNS
1720729566.693109,CxOiE944ubMURG4e83,192.168.1.6,55672.0,192.168.1.4,21.0,tcp,9.478478908538818,112.0,188.0,SF,1.0,1.0,0.0,ShAdDafrF,18.0,1056.0,17.0,1056.0,FTP
1720730710.792215,CSS2GgDZaNNvWdZae,192.168.1.6,57724.0,192.168.1.4,21.0,tcp,10.286780834197998,127.0,188.0,SF,1.0,1.0,0.0,ShAdDafFr,18.0,1071.0,17.0,1056.0,FTP
1720730329.800712,CiUCL64W2SaxtH17Nl,192.168.1.6,57502.0,192.168.1.4,21.0,tcp,9.37647795677185,120.0,188.0,SF,1.0,1.0,0.0,ShAdDafrF,18.0,1064.0,17.0,1056.0,FTP
1720729545.301552,Cufbsc1AGvAGuGkUVe,192.168.1.6,48874.0,192.168.1.4,21.0,tcp,9.402400970458984,114.0,188.0,SF,1.0,1.0,0.0,ShAdDafrF,18.0,1058.0,17.0,1056.0,FTP
1720731735.808889,C4Yciz4C9aYYjC7Gy7,192.168.1.6,52626.0,192.168.1.4,21.0,tcp,9.443778038024902,170.0,188.0,SF,1.0,1.0,0.0,ShAdDafrF,18.0,1114.0,17.0,1056.0,FTP
1720728124.741782,C2GuU21E62rTee4lbj,192.168.1.4,46876.0,192.168.1.1,53.0,udp,0.00187611579895,52.0,404.0,SF,1.0,1.0,0.0,Dd,1.0,80.0,1.0,432.0,DNS
1720728064.702546,CjTSO23PL7cXRUi4w5,192.168.1.4,33995.0,192.168.1.1,53.0,udp,0.024426221847534,58.0,145.0,SF,1.0,1.0,0.0,Dd,1.0,86.0,1.0,173.0,DNS
1720727996.327011,CHkGlJ3hriTIwmIejb,192.168.1.6,51276.0,192.168.1.4,21.0,tcp,10.071740865707396,118.0,188.0,SF,1.0,1.0,0.0,ShAdDafrF,18.0,1062.0,17.0,1056.0,FTP
1720731885.167604,CKRPuZ1XyQoElt1dd2,192.168.1.6,59750.0,192.168.1.4,21.0,tcp,9.131848096847534,182.0,188.0,SF,1.0,1.0,0.0,ShAdDafrF,18.0,1126.0,17.0,1056.0,FTP
1720727915.60874,CE1QpI3rXhkJswJEU6,192.168.1.4,33510.0,142.251.40.226,443.0,tcp,9.131848096847534,182.0,188.0,SF,1.0,1.0,0.0,IIiiiIhhhHHhH,18.0,1126.0,17.0,1056.0,HTTPS
1720728271.796145,CE2yuHXwaUbNY6Ldc,192.168.1.4,48042.0,13.107.21.239,443.0,tcp,79.63933801651001,19599.0,10659.0,SF,1.0,0.0,0.0,ShADadFf,34.0,20979.0,36.0,12111.0,HTTPS
1720729628.8535,CjCANv1pwSMmwpzFti,192.168.1.6,32922.0,192.168.1.4,21.0,tcp,9.682156085968018,123.0,188.0,SF,1.0,1.0,0.0,ShAdDafFr,18.0,1067.0,17.0,1056.0,FTP
1720728924.497955,CGJmzn18O7DwONldd4,192.168.1.6,56348.0,192.168.1.4,21.0,tcp,9.79265284538269,170.0,188.0,SF,1.0,1.0,0.0,ShAdDafrF,18.0,1114.0,17.0,1056.0,FTP
1720731612.827375,CJpzeq33sPnEfQyiZ6,192.168.1.6,38002.0,192.168.1.4,21.0,tcp,8.950731992721558,153.0,188.0,SF,1.0,1.0,0.0,ShAdDafFr,18.0,1097.0,17.0,1056.0,FTP
1720729229.801119,CYiMpyjfO6CE9FOB,192.168.1.6,35050.0,192.168.1.4,21.0,tcp,10.695335865020752,129.0,188.0,SF,1.0,1.0,0.0,ShAdDafrF,18.0,1073.0,17.0,1056.0,FTP
1720730443.234092,CA07qE1Beze1xfG74g,192.168.1.4,45809.0,192.168.1.1,53.0,udp,10.695335865020752,129.0,188.0,SF,1.0,1.0,0.0,ShAdDafrF,18.0,1073.0,17.0,1056.0,DNS
1720730564.827352,CcxfEZ12H6M7r66Ydc,192.168.1.6,33622.0,192.168.1.4,21.0,tcp,10.169239044189451,124.0,188.0,SF,1.0,1.0,0.0,ShAdDafrF,18.0,1068.0,17.0,1056.0,FTP
1720731468.341788,CmFbld2weFu62DQd9a,192.168.1.6,56704.0,192.168.1.4,21.0,tcp,10.533658981323242,145.0,188.0,SF,1.0,1.0,0.0,ShAdDafFr,18.0,1089.0,17.0,1056.0,FTP
1720728064.400276,CxYBsQ3a7yqiRLApMf,192.168.1.4,41026.0,52.206.163.162,443.0,tcp,10.533658981323242,145.0,188.0,SF,1.0,1.0,0.0,ShAdDafFr,18.0,1089.0,17.0,1056.0,HTTPS
1720728299.901021,C7O9rM2DWQzXjOqUOb,192.168.1.6,60748.0,192.168.1.4,21.0,tcp,11.12650203704834,118.0,188.0,SF,1.0,1.0,0.0,ShAdDafrF,18.0,1062.0,17.0,1056.0,FTP
1720730476.716409,CLK2jH2jGsPsM6ZCnf,192.168.1.6,50500.0,192.168.1.4,21.0,tcp,9.580749034881592,122.0,188.0,SF,1.0,1.0,0.0,ShAdDafrF,18.0,1066.0,17.0,1056.0,FTP
1720730430.050599,CNid5N1EfiMFbR5bAe,192.168.1.6,58896.0,192.168.1.4,21.0,tcp,10.51478385925293,125.0,188.0,SF,1.0,1.0,0.0,ShAdDafrF,18.0,1069.0,17.0,1056.0,FTP
1720731809.895548,CuzrsC4lo5c09T3UA7,192.168.1.6,34990.0,192.168.1.4,21.0,tcp,11.21606183052063,172.0,188.0,SF,1.0,1.0,0.0,ShAdDafFr,18.0,1116.0,17.0,1056.0,FTP
1720731592.718811,CJRE28AXMtzlwEUX5,192.168.1.6,47728.0,192.168.1.4,21.0,tcp,9.550741910934448,145.0,188.0,SF,1.0,1.0,0.0,ShAdDafFr,18.0,1089.0,17.0,1056.0,FTP
1720731637.243796,CVlzbj2pwPxIxfmA47,192.168.1.6,42240.0,192.168.1.4,21.0,tcp,9.665672779083252,165.0,188.0,SF,1.0,1.0,0.0,ShAdDafrF,18.0,1109.0,17.0,1056.0,FTP
1720728034.935021,CSRcZ82H2hJDIHxOt1,192.168.1.4,54353.0,192.168.1.1,53.0,udp,9.665672779083252,165.0,188.0,SF,1.0,1.0,0.0,ShAdDafrF,18.0,1109.0,17.0,1056.0,DNS
1720728096.393935,C081533Bft737D4RBj,192.168.1.4,46577.0,192.168.1.1,53.0,udp,9.665672779083252,165.0,188.0,SF,1.0,1.0,0.0,ShAdDafrF,18.0,1109.0,17.0,1056.0,DNS
1720728360.72652,CdVtFU1NBKkRS9A9tj,192.168.1.6,36058.0,192.168.1.4,21.0,tcp,9.72970986366272,118.0,188.0,SF,1.0,1.0,0.0,ShAdDafrF,18.0,1062.0,17.0,1056.0,FTP
1720728155.555152,CzTYguttECjvj4fUi,192.168.1.4,45330.0,192.168.1.1,53.0,udp,0.016885042190551,64.0,201.0,SF,1.0,1.0,0.0,Dd,1.0,92.0,1.0,229.0,DNS
1720729731.033726,CfQGLS3xKB8h5oxlg5,192.168.1.6,38028.0,192.168.1.4,21.0,tcp,10.02589511871338,114.0,188.0,SF,1.0,1.0,0.0,ShAdDafrF,18.0,1058.0,17.0,1056.0,FTP
1720728275.1403,CO93Tp3t8TATKGWusg,192.168.1.4,57701.0,192.168.1.1,53.0,udp,0.001213073730468,60.0,141.0,SF,1.0,1.0,0.0,Dd,1.0,88.0,1.0,169.0,DNS
1720729229.770955,CwVRxj1jpJSoIYQywf,192.168.1.6,35034.0,192.168.1.4,21.0,tcp,10.702029943466188,122.0,188.0,SF,1.0,1.0,0.0,ShAdDafrF,18.0,1066.0,17.0,1056.0,FTP
1720728335.500881,CJ7e222U8WjoXaczx7,192.168.1.4,59259.0,104.18.32.115,443.0,tcp,10.702029943466188,122.0,188.0,SF,1.0,1.0,0.0,ShAdDafrF,18.0,1066.0,17.0,1056.0,HTTPS
1720729957.15498,C3cwFQ1MNCStxvQ6X2,192.168.1.6,48510.0,192.168.1.4,21.0,tcp,11.185609102249146,138.0,188.0,SF,1.0,1.0,0.0,ShAdDafrF,18.0,1082.0,17.0,1056.0,FTP
1720727884.165866,Cynq7L1InaV4LroMi4,192.168.1.4,42988.0,192.168.1.1,53.0,udp,11.185609102249146,138.0,188.0,SF,1.0,1.0,0.0,ShAdDafrF,18.0,1082.0,17.0,1056.0,DNS
1720730729.761634,Cl03bz4IpLDH7oWJ31,192.168.1.6,50914.0,192.168.1.4,21.0,tcp,10.795954942703249,120.0,188.0,SF,1.0,1.0,0.0,ShAdDafrF,18.0,1064.0,17.0,1056.0,FTP
1720730114.092909,CFshe51PaREaD9zcrh,192.168.1.6,48220.0,192.168.1.4,21.0,tcp,9.091766834259031,136.0,188.0,SF,1.0,1.0,0.0,ShAdDafFr,18.0,1080.0,17.0,1056.0,FTP
1720729691.152427,CAyLtu2sjM2JAuPlm8,192.168.1.6,56100.0,192.168.1.4,21.0,tcp,9.550287008285522,123.0,188.0,SF,1.0,1.0,0.0,ShAdDafFr,18.0,1067.0,17.0,1056.0,FTP
1720727914.896121,CIWTinoZdK6iqNUzl,192.168.1.4,46416.0,13.224.214.16,443.0,tcp,0.029259920120239,1801.0,6009.0,RSTO,1.0,0.0,0.0,ShADadFR,9.0,2253.0,8.0,6433.0,HTTPS
1720727795.471324,CrQPeZ3QTJo8BazqN,192.168.1.4,56150.0,13.107.21.239,443.0,tcp,0.0,1801.0,6009.0,RSTO,0.0,0.0,0.0,ShADadFR,9.0,2253.0,8.0,6433.0,HTTPS
1720728096.497896,CSeP2X39F1FSf5Y896,192.168.1.4,51685.0,192.168.1.1,53.0,udp,0.030687093734741,65.0,456.0,SF,1.0,1.0,0.0,Dd,1.0,93.0,1.0,484.0,DNS
1720730018.722295,CHITc02xjdWVdVoBd3,192.168.1.6,51556.0,192.168.1.4,21.0,tcp,9.498491048812866,135.0,188.0,SF,1.0,1.0,0.0,ShAdDafFr,18.0,1079.0,17.0,1056.0,FTP
1720727974.022208,CVshol2n8WGZLYiqsf,192.168.1.4,38152.0,204.235.147.206,443.0,tcp,9.498491048812866,135.0,188.0,SF,1.0,1.0,0.0,ShAdDafFr,18.0,1079.0,17.0,1056.0,HTTPS
1720731379.428866,CVT3rp39visLRgWo0g,192.168.1.6,46278.0,192.168.1.4,21.0,tcp,10.826418161392212,169.0,188.0,SF,1.0,1.0,0.0,ShAdDafrF,18.0,1113.0,17.0,1056.0,FTP
1720728946.729882,CLY3803oU78k2D6Wk3,192.168.1.6,37574.0,192.168.1.4,21.0,tcp,10.125328063964844,128.0,188.0,SF,1.0,1.0,0.0,ShAdDafrF,18.0,1072.0,17.0,1056.0,FTP
1720728245.111198,Coox3C3M1eODBo3Hd1,192.168.1.4,58048.0,104.104.72.162,443.0,tcp,0.0,128.0,188.0,SF,0.0,1.0,0.0,ShAdDafrF,18.0,1072.0,17.0,1056.0,HTTPS
1720731138.528704,CLPvoP21RUg2SfUUme,192.168.1.6,35584.0,192.168.1.4,21.0,tcp,9.956922054290771,107.0,188.0,SF,1.0,1.0,0.0,ShAdDafrF,18.0,1051.0,17.0,1056.0,FTP
1720730242.763581,CL21Eo1xZGmwB6ydY5,192.168.1.6,35258.0,192.168.1.4,21.0,tcp,10.705909013748167,129.0,188.0,SF,1.0,1.0,0.0,ShAdDafrF,18.0,1073.0,17.0,1056.0,FTP
1720729691.111016,CXnw9v1u4QWozL7cSb,192.168.1.6,56084.0,192.168.1.4,21.0,tcp,9.571584939956663,149.0,188.0,SF,1.0,1.0,0.0,ShAdDafrF,18.0,1093.0,17.0,1056.0,FTP
1720728186.397442,CFc40i3BNGBFymVat,192.168.1.4,37032.0,63.140.39.82,443.0,tcp,22.35531783103943,11032.0,5782.0,SF,1.0,0.0,0.0,ShADadFRf,30.0,12576.0,26.0,7142.0,HTTPS
1720728154.664331,CK1wR14wLQjyFJ6GZ2,192.168.1.4,44070.0,192.168.1.1,53.0,udp,22.35531783103943,11032.0,5782.0,SF,1.0,0.0,0.0,ShADadFRf,30.0,12576.0,26.0,7142.0,DNS
1720728957.214584,CdKB7JEgNMDVpsJfa,192.168.1.6,60914.0,192.168.1.4,21.0,tcp,9.707039833068848,116.0,188.0,SF,1.0,1.0,0.0,ShAdDafrF,18.0,1060.0,17.0,1056.0,FTP
1720728246.247014,CvCurO1WnOHWxkp4zh,192.168.1.4,38984.0,192.168.1.1,53.0,udp,0.002698898315429,76.0,147.0,SF,1.0,1.0,0.0,Dd,1.0,104.0,1.0,175.0,DNS
1720730936.556724,CJCHxkMuTCKk79N26,192.168.1.6,40692.0,192.168.1.4,21.0,tcp,10.040843963623049,157.0,188.0,SF,1.0,1.0,0.0,ShAdDafrF,18.0,1101.0,17.0,1056.0,FTP
1720731643.23315,CIZ9ee46KTMFU3WLd5,192.168.1.4,59112.0,192.168.1.1,53.0,udp,0.000667095184326,58.0,394.0,SF,1.0,1.0,0.0,Dd,1.0,86.0,1.0,422.0,DNS
1720730561.121827,CMz1We1eQsStLvmBz3,192.168.1.6,59532.0,192.168.1.4,21.0,tcp,10.304500102996826,123.0,188.0,SF,1.0,1.0,0.0,ShAdDafFr,18.0,1067.0,17.0,1056.0,FTP
1720729895.238203,CQDNtw1VvWE5Smkb1b,192.168.1.6,59640.0,192.168.1.4,21.0,tcp,10.842777967453005,131.0,188.0,SF,1.0,1.0,0.0,ShAdDafrF,18.0,1075.0,17.0,1056.0,FTP
1720727763.141969,CB6E0V29w8OgyvA306,192.168.1.4,44491.0,192.168.1.1,53.0,udp,0.002583980560302,55.0,119.0,SF,1.0,1.0,0.0,Dd,1.0,83.0,1.0,147.0,DNS
1720727793.937132,CZAmNy2I1ZCtHOG3Nc,192.168.1.4,57858.0,44.207.14.248,443.0,tcp,0.044966220855712,1793.0,5584.0,SF,1.0,0.0,0.0,ShADadFRfR,8.0,2169.0,7.0,5956.0,HTTPS
1720729017.751977,C0Yg4b3mrdS9VIHqfl,192.168.1.6,55714.0,192.168.1.4,21.0,tcp,9.707597970962524,113.0,188.0,SF,1.0,1.0,0.0,ShAdDafrF,18.0,1057.0,17.0,1056.0,FTP
1720731255.900158,CcqEak1q6gsdq3mJf1,192.168.1.6,53388.0,192.168.1.4,21.0,tcp,10.56496000289917,176.0,188.0,SF,1.0,1.0,0.0,ShAdDafrF,18.0,1120.0,17.0,1056.0,FTP
1720728726.537936,Cxfs6q293oIEsWyIn8,192.168.1.6,59536.0,192.168.1.4,21.0,tcp,10.053736925125122,136.0,188.0,SF,1.0,1.0,0.0,ShAdDafrF,18.0,1080.0,17.0,1056.0,FTP
1720731076.933763,CtoUBI2fokYvlYRt2d,192.168.1.6,56960.0,192.168.1.4,21.0,tcp,10.85571789741516,120.0,188.0,SF,1.0,1.0,0.0,ShAdDafrF,18.0,1064.0,17.0,1056.0,FTP
1720728062.577003,CUkTdL1xG5RRcMOhF1,192.168.1.6,46148.0,192.168.1.4,21.0,tcp,9.10896611213684,118.0,188.0,SF,1.0,1.0,0.0,ShAdDafrF,18.0,1062.0,17.0,1056.0,FTP
1720730591.055758,Cj0vIF2km25cK2wT63,192.168.1.6,35040.0,192.168.1.4,21.0,tcp,9.208547115325928,124.0,188.0,SF,1.0,1.0,0.0,ShAdDafrF,18.0,1068.0,17.0,1056.0,FTP
1720728553.427616,CWSo466ELl5UawNy2,192.168.1.6,50698.0,192.168.1.4,21.0,tcp,10.481704235076904,118.0,188.0,SF,1.0,1.0,0.0,ShAdDafrF,18.0,1062.0,17.0,1056.0,FTP
1720727943.781953,CAOId13My2Q08iMY91,192.168.1.4,33166.0,104.16.148.244,443.0,tcp,10.481704235076904,118.0,188.0,SF,1.0,1.0,0.0,ShAdDafrF,18.0,1062.0,17.0,1056.0,HTTPS
1720730018.749065,CqG8Wa2601lqGzPzXb,192.168.1.6,51580.0,192.168.1.4,21.0,tcp,9.493884086608888,132.0,188.0,SF,1.0,1.0,0.0,ShAdDafrF,18.0,1076.0,17.0,1056.0,FTP
1720730918.387929,C6wNzJ2VMwnQHY1bx3,192.168.1.6,34714.0,192.168.1.4,21.0,tcp,10.97706413269043,136.0,188.0,SF,1.0,1.0,0.0,ShAdDafrF,18.0,1080.0,17.0,1056.0,FTP
1720729432.412345,CFW9eE1pkCVkkTH8Mj,192.168.1.4,33354.0,156.146.36.23,443.0,tcp,10.97706413269043,136.0,188.0,SF,1.0,1.0,0.0,ShAdDafrF,18.0,1080.0,17.0,1056.0,HTTPS
1720728726.71179,CWd13x3DkOR98b7Q81,192.168.1.6,59570.0,192.168.1.4,21.0,tcp,10.516111850738524,138.0,188.0,SF,1.0,1.0,0.0,ShAdDafFr,18.0,1082.0,17.0,1056.0,FTP
1720728034.467975,Cd6NeO2dgWrNjiAgHl,192.168.1.4,35816.0,144.118.67.10,443.0,tcp,10.516111850738524,138.0,188.0,SF,1.0,1.0,0.0,ShAdDafFr,18.0,1082.0,17.0,1056.0,HTTPS
1720731098.697087,CESMfn2EcDwVWo0LEl,192.168.1.6,43384.0,192.168.1.4,21.0,tcp,9.085227012634276,117.0,188.0,SF,1.0,1.0,0.0,ShAdDafrF,18.0,1061.0,17.0,1056.0,FTP
1720728095.559385,CaI6E3DsPMw4BxG48,192.168.1.4,34315.0,192.168.1.1,53.0,udp,9.085227012634276,117.0,188.0,SF,1.0,1.0,0.0,ShAdDafrF,18.0,1061.0,17.0,1056.0,DNS
1720731937.983144,CDtPQ628lRisdzOs12,192.168.1.6,33078.0,192.168.1.4,21.0,tcp,9.972668886184692,199.0,188.0,SF,1.0,1.0,0.0,ShAdDafFr,18.0,1143.0,17.0,1056.0,FTP
1720729266.08904,CQZDYW3Ygr5HcR8Re6,192.168.1.6,34394.0,192.168.1.4,21.0,tcp,9.961725950241089,126.0,188.0,SF,1.0,1.0,0.0,ShAdDafrF,18.0,1070.0,17.0,1056.0,FTP
1720730837.961738,C5StJw3yeG8CRO8uF4,192.168.1.6,40834.0,192.168.1.4,21.0,tcp,9.914078950881958,125.0,188.0,SF,1.0,1.0,0.0,ShAdDafrF,18.0,1069.0,17.0,1056.0,FTP
1720728340.169305,ClSxge4rZaTeC95Qc6,192.168.1.6,38752.0,192.168.1.4,21.0,tcp,10.923969030380247,118.0,188.0,SF,1.0,1.0,0.0,ShAdDafrF,18.0,1062.0,17.0,1056.0,FTP
1720728636.257818,C8G00D4ZhD74FJHWwb,192.168.1.6,45550.0,192.168.1.4,21.0,tcp,10.036808013916016,122.0,188.0,SF,1.0,1.0,0.0,ShAdDafFr,18.0,1066.0,17.0,1056.0,FTP
1720731927.921397,C5WllA4lpfEclCrOx7,192.168.1.6,37620.0,192.168.1.4,21.0,tcp,10.1245219707489,188.0,188.0,SF,1.0,1.0,0.0,ShAdDafrF,18.0,1132.0,17.0,1056.0,FTP
1720731554.8083,COEGBm3H6Yabs4LYeh,192.168.1.6,35570.0,192.168.1.4,21.0,tcp,9.898765087127686,142.0,188.0,SF,1.0,1.0,0.0,ShAdDafrF,18.0,1086.0,17.0,1056.0,FTP
1720727825.274428,Cn5vqN1r7Vif3JXlFk,192.168.1.4,52996.0,142.250.65.163,443.0,tcp,60.11001801490784,1897.0,6350.0,SF,1.0,0.0,0.0,ShADadFf,12.0,2529.0,10.0,6878.0,HTTPS
1720730588.917399,C15pkE2AhG7JwNtwLj,192.168.1.6,35018.0,192.168.1.4,21.0,tcp,10.38790798187256,120.0,188.0,SF,1.0,1.0,0.0,ShAdDafrF,18.0,1064.0,17.0,1056.0,FTP
1720731255.849893,CtLWXz19RdGePdYDVh,192.168.1.6,53364.0,192.168.1.4,21.0,tcp,10.555353879928589,165.0,188.0,SF,1.0,1.0,0.0,ShAdDafrF,18.0,1109.0,17.0,1056.0,FTP
1720728306.007159,C1PvC61aX2qLJFPDz,192.168.1.4,34423.0,192.168.1.1,53.0,udp,10.555353879928589,165.0,188.0,SF,1.0,1.0,0.0,ShAdDafrF,18.0,1109.0,17.0,1056.0,DNS
1720727805.975194,C530J31uLve7Vm4XE3,192.168.1.6,41948.0,192.168.1.4,21.0,tcp,9.889209032058716,118.0,188.0,SF,1.0,1.0,0.0,ShAdDafFr,18.0,1062.0,17.0,1056.0,FTP
1720727884.89824,CsP5bc45BQUoCAC2d8,192.168.1.4,58076.0,142.251.32.102,443.0,tcp,9.889209032058716,118.0,188.0,SF,1.0,1.0,0.0,ShAdDafFr,18.0,1062.0,17.0,1056.0,HTTPS
1720728245.070558,Cmoa5D1QI5MDVEQ2Ha,192.168.1.4,44177.0,192.168.1.1,53.0,udp,9.889209032058716,118.0,188.0,SF,1.0,1.0,0.0,ShAdDafFr,18.0,1062.0,17.0,1056.0,DNS
1720727865.849298,CYm7wISR84hESptBb,192.168.1.6,47826.0,192.168.1.4,21.0,tcp,10.407134056091309,118.0,188.0,SF,1.0,1.0,0.0,ShAdDafFr,18.0,1062.0,17.0,1056.0,FTP
1720729368.307984,CLMwYITAcmuyZNGg3,192.168.1.6,44518.0,192.168.1.4,21.0,tcp,10.94475483894348,138.0,188.0,SF,1.0,1.0,0.0,ShAdDafrF,18.0,1082.0,17.0,1056.0,FTP
1720728186.453734,CX9zvD4RriWsXGB5oi,192.168.1.4,54764.0,64.233.180.155,443.0,tcp,10.94475483894348,138.0,188.0,SF,1.0,1.0,0.0,ShAdDafrF,18.0,1082.0,17.0,1056.0,HTTPS
1720731464.369378,C5JnN53dA53gth77N2,192.168.1.6,56616.0,192.168.1.4,21.0,tcp,10.67997980117798,134.0,188.0,SF,1.0,1.0,0.0,ShAdDafFr,18.0,1078.0,17.0,1056.0,FTP
1720730495.224798,CawWAX3KpwOlCCZ5h4,192.168.1.6,58710.0,192.168.1.4,21.0,tcp,10.62448501586914,131.0,188.0,SF,1.0,1.0,0.0,ShAdDafFr,18.0,1075.0,17.0,1056.0,FTP
1720730782.82934,C72Xhe2wgHoxeG2Mwi,192.168.1.6,58120.0,192.168.1.4,21.0,tcp,9.620850086212158,136.0,188.0,SF,1.0,1.0,0.0,ShAdDafFr,18.0,1080.0,17.0,1056.0,FTP
1720727958.111685,CRSRfR2GsMzCPisfV7,192.168.1.6,56530.0,192.168.1.4,21.0,tcp,11.093076944351196,118.0,188.0,SF,1.0,1.0,0.0,ShAdDafrF,18.0,1062.0,17.0,1056.0,FTP
1720730429.829698,CKMpydgAlEWPjbGE6,192.168.1.6,58890.0,192.168.1.4,21.0,tcp,9.570039987564089,125.0,188.0,SF,1.0,1.0,0.0,ShAdDafrF,18.0,1069.0,17.0,1056.0,FTP
1720730952.950296,CCCnZ61ogwn4FSNYBh,192.168.1.6,51400.0,192.168.1.4,21.0,tcp,11.239225149154665,130.0,188.0,SF,1.0,1.0,0.0,ShAdDafrF,18.0,1074.0,17.0,1056.0,FTP
1720727881.374056,C013wG197Xrs2GKP6l,192.168.1.4,36598.0,192.168.1.1,53.0,udp,11.239225149154665,130.0,188.0,SF,1.0,1.0,0.0,ShAdDafrF,18.0,1074.0,17.0,1056.0,DNS
1720728003.992288,C60ZMc4tZsfDeB8Gk6,192.168.1.4,46330.0,192.168.1.1,53.0,udp,11.239225149154665,130.0,188.0,SF,1.0,1.0,0.0,ShAdDafrF,18.0,1074.0,17.0,1056.0,DNS
1720727813.599417,C1HVun3VzliIz9Rb55,192.168.1.6,44836.0,192.168.1.4,21.0,tcp,10.175427913665771,118.0,188.0,SF,1.0,1.0,0.0,ShAdDafFr,18.0,1062.0,17.0,1056.0,FTP
1720730546.399381,Ctb96XlqKXhtyVoU4,192.168.1.6,58642.0,192.168.1.4,21.0,tcp,9.663889169692991,132.0,188.0,SF,1.0,1.0,0.0,ShAdDafFr,18.0,1076.0,17.0,1056.0,FTP
1720731475.207938,CovAsb1QLuES1eLLb4,192.168.1.6,42296.0,192.168.1.4,21.0,tcp,9.416171073913574,151.0,188.0,SF,1.0,1.0,0.0,ShAdDafrF,18.0,1095.0,17.0,1056.0,FTP
1720728326.325194,CjxuBI2pGTVC0VHiWd,192.168.1.6,52190.0,192.168.1.4,21.0,tcp,9.990692138671877,118.0,188.0,SF,1.0,1.0,0.0,ShAdDafFr,18.0,1062.0,17.0,1056.0,FTP
1720731534.34833,C6y5R430rF9rXO0rw9,192.168.1.6,44922.0,192.168.1.4,21.0,tcp,10.724117040634155,142.0,188.0,SF,1.0,1.0,0.0,ShAdDafFr,18.0,1086.0,17.0,1056.0,FTP
1720727793.952419,CCE2SH39whaRBxTDlb,192.168.1.4,57850.0,44.207.14.248,443.0,tcp,10.724117040634155,142.0,188.0,SF,1.0,1.0,0.0,ShAdDafFr,18.0,1086.0,17.0,1056.0,HTTPS
1720727733.014465,CWq9fg4ePE1P61PdW7,192.168.1.4,52036.0,172.64.152.157,443.0,udp,0.047431945800781,5002.0,8216.0,SF,1.0,0.0,0.0,Dd,11.0,5310.0,14.0,8608.0,HTTPS
1720728423.852558,Cbugl84LRQ3PMicTi,192.168.1.6,50444.0,192.168.1.4,21.0,tcp,10.071871995925903,117.0,188.0,SF,1.0,1.0,0.0,ShAdDafrF,18.0,1061.0,17.0,1056.0,FTP
1720729027.411167,CMoyeS2PqndFldhsC7,192.168.1.6,47664.0,192.168.1.4,21.0,tcp,10.347685098648071,114.0,188.0,SF,1.0,1.0,0.0,ShAdDafrF,18.0,1058.0,17.0,1056.0,FTP
1720730222.266347,C7fR3a3A81X1xdF1K4,192.168.1.6,38166.0,192.168.1.4,21.0,tcp,10.491320133209229,130.0,188.0,SF,1.0,1.0,0.0,ShAdDafFr,18.0,1074.0,17.0,1056.0,FTP
1720728275.519836,CspGBTGao1elHjgd,192.168.1.4,55002.0,13.107.253.40,443.0,tcp,10.491320133209229,130.0,188.0,SF,1.0,1.0,0.0,ShAdDafFr,18.0,1074.0,17.0,1056.0,HTTPS
1720729140.434703,Cw1Pax4dfdgAxAQykj,192.168.1.6,47446.0,192.168.1.4,21.0,tcp,9.950657844543455,116.0,188.0,SF,1.0,1.0,0.0,ShAdDafrF,18.0,1060.0,17.0,1056.0,FTP
1720727876.241151,CtxVOJ1pnxS2f11HOc,192.168.1.6,46370.0,192.168.1.4,21.0,tcp,9.04904294013977,118.0,188.0,SF,1.0,1.0,0.0,ShAdDafrF,18.0,1062.0,17.0,1056.0,FTP
1720728071.854368,Cb34nXwcPFc4Fv3Fk,192.168.1.6,56324.0,192.168.1.4,21.0,tcp,10.089538097381592,117.0,188.0,SF,1.0,1.0,0.0,ShAdDafrF,18.0,1061.0,17.0,1056.0,FTP
1720731939.848341,CVm4i13MMM8PlYS0e1,192.168.1.6,33148.0,192.168.1.4,21.0,tcp,9.459306001663208,157.0,188.0,SF,1.0,1.0,0.0,ShAdDafFr,18.0,1101.0,17.0,1056.0,FTP
1720727885.089338,CEahCq1nRWhDBnQEWk,192.168.1.4,46229.0,142.251.40.196,443.0,tcp,9.459306001663208,157.0,188.0,SF,1.0,1.0,0.0,IIiiiIhhHhHhH,18.0,1101.0,17.0,1056.0,HTTPS
1720727764.014537,CXGyWQ3Q8hWVMQuJR8,192.168.1.4,56606.0,68.67.179.155,443.0,tcp,9.459306001663208,157.0,188.0,SF,1.0,1.0,0.0,IIiiiIhhHhHhH,18.0,1101.0,17.0,1056.0,HTTPS
1720727793.460464,Cl58Ou2FBC6V8xsNQ9,192.168.1.4,56872.0,142.251.40.131,443.0,tcp,9.459306001663208,157.0,188.0,SF,1.0,1.0,0.0,IIiiiIhhHhHhH,18.0,1101.0,17.0,1056.0,HTTPS
1720727824.925605,CUCYvA1WEGu5DTDCu8,192.168.1.4,36882.0,142.251.40.238,443.0,tcp,9.459306001663208,157.0,188.0,SF,1.0,1.0,0.0,IIiiiIhhHhHhH,18.0,1101.0,17.0,1056.0,HTTPS
1720728447.788894,Cr8OAdT19yukaKw6e,192.168.1.6,37928.0,192.168.1.4,21.0,tcp,9.96135115623474,118.0,188.0,SF,1.0,1.0,0.0,ShAdDafFr,18.0,1062.0,17.0,1056.0,FTP
1720730179.847929,C5Abtq1IEXowEMsEXj,192.168.1.6,44972.0,192.168.1.4,21.0,tcp,10.742346048355104,119.0,188.0,SF,1.0,1.0,0.0,ShAdDafFr,18.0,1063.0,17.0,1056.0,FTP
1720728040.30699,C7nCtModS4SA7FXtk,192.168.1.4,51554.0,192.168.1.1,53.0,udp,0.017057180404663,45.0,263.0,SF,1.0,1.0,0.0,Dd,1.0,73.0,1.0,291.0,DNS
1720729586.13912,C85CU129T5tm5Up00h,192.168.1.6,52444.0,192.168.1.4,21.0,tcp,9.762807846069336,110.0,188.0,SF,1.0,1.0,0.0,ShAdDafrF,18.0,1054.0,17.0,1056.0,FTP
1720728664.863194,CXDkc31FZuFkb3dXB3,192.168.1.6,34216.0,192.168.1.4,21.0,tcp,11.129655122756958,130.0,188.0,SF,1.0,1.0,0.0,ShAdDafrF,18.0,1074.0,17.0,1056.0,FTP
1720728034.912511,C4nfCL1HvKxXgzeoz,192.168.1.4,48634.0,142.250.81.238,443.0,tcp,11.129655122756958,130.0,188.0,SF,1.0,1.0,0.0,ShAdDafrF,18.0,1074.0,17.0,1056.0,HTTPS
1720728245.144686,CgKKJv3bEVArbMpWhh,192.168.1.4,51864.0,104.96.219.183,443.0,tcp,26.7740581035614,1853.0,6518.0,SF,1.0,0.0,0.0,ShADadfF,14.0,2589.0,13.0,7202.0,HTTPS
1720728035.369806,CWJi3T1qoG1ZxAcqjd,192.168.1.4,38008.0,192.168.1.1,53.0,udp,26.7740581035614,1853.0,6518.0,SF,1.0,0.0,0.0,ShADadfF,14.0,2589.0,13.0,7202.0,DNS
1720727824.613365,CRMDbM2LX2cpQJFB13,192.168.1.4,35106.0,192.168.1.1,53.0,udp,26.7740581035614,1853.0,6518.0,SF,1.0,0.0,0.0,ShADadfF,14.0,2589.0,13.0,7202.0,DNS
1720728271.887909,C8mUpZ2oNN6Npod1C1,192.168.1.4,42400.0,104.96.220.105,80.0,udp,26.7740581035614,1853.0,6518.0,SF,1.0,0.0,0.0,ShADadfF,14.0,2589.0,13.0,7202.0,HTTP
1720728973.110497,CBhlshrFRdPJATZDi,192.168.1.6,57548.0,192.168.1.4,21.0,tcp,9.971105098724363,146.0,188.0,SF,1.0,1.0,0.0,ShAdDafrF,18.0,1090.0,17.0,1056.0,FTP
1720728237.493943,Clb0RLOxyb3rgZqa9,192.168.1.6,39214.0,192.168.1.4,21.0,tcp,9.524388074874878,115.0,188.0,SF,1.0,1.0,0.0,ShAdDafrF,18.0,1059.0,17.0,1056.0,FTP
1720727763.146482,CWE1Ce2dOMVa6Gjird,192.168.1.4,57920.0,192.168.1.1,53.0,udp,0.002382040023803,40.0,183.0,SF,1.0,1.0,0.0,Dd,1.0,68.0,1.0,211.0,DNS
1720731139.782986,CTwBJ6MfZawxMS27,192.168.1.6,35594.0,192.168.1.4,21.0,tcp,10.308845043182371,109.0,188.0,SF,1.0,1.0,0.0,ShAdDafrF,18.0,1053.0,17.0,1056.0,FTP
1720728120.250843,CyFrdQkoFFo1DeJTc,192.168.1.6,53778.0,192.168.1.4,21.0,tcp,9.859966039657593,117.0,188.0,SF,1.0,1.0,0.0,ShAdDafrF,18.0,1061.0,17.0,1056.0,FTP
1720730679.31126,CMzC4slCmjx1D0nk6,192.168.1.6,42274.0,192.168.1.4,21.0,tcp,9.402281045913696,118.0,188.0,SF,1.0,1.0,0.0,ShAdDafrF,18.0,1062.0,17.0,1056.0,FTP
1720730025.833961,CyYXd92YKZYKSFicrj,192.168.1.6,59206.0,192.168.1.4,21.0,tcp,9.8544020652771,130.0,188.0,SF,1.0,1.0,0.0,ShAdDafrF,18.0,1074.0,17.0,1056.0,FTP
1720728533.940654,Cc4N0a1F3afY39Z2ie,192.168.1.6,36548.0,192.168.1.4,21.0,tcp,9.713369846343994,118.0,188.0,SF,1.0,1.0,0.0,ShAdDafrF,18.0,1062.0,17.0,1056.0,FTP
1720729258.789053,C3oJ1D22hXNMuvJFcc,192.168.1.6,54500.0,192.168.1.4,21.0,tcp,10.581186056137083,119.0,188.0,SF,1.0,1.0,0.0,ShAdDafrF,18.0,1063.0,17.0,1056.0,FTP
1720728125.229924,CQP7Ma0q8ChW5ep87,192.168.1.4,55433.0,192.168.1.1,53.0,udp,0.004807949066162,56.0,101.0,SF,1.0,1.0,0.0,Dd,1.0,84.0,1.0,129.0,DNS
1720728185.216641,CH0yfc2PlbgQnkyOTh,192.168.1.4,60722.0,192.168.1.1,53.0,udp,0.004807949066162,56.0,101.0,SF,1.0,1.0,0.0,Dd,1.0,84.0,1.0,129.0,DNS
1720729452.613354,CgVRdr4XqURlikseFc,192.168.1.6,55646.0,192.168.1.4,21.0,tcp,10.196346044540403,143.0,188.0,SF,1.0,1.0,0.0,ShAdDafFr,18.0,1087.0,17.0,1056.0,FTP
1720730549.202581,C1WAYo4Jcaavgqfsu4,192.168.1.6,58684.0,192.168.1.4,21.0,tcp,10.055999040603638,132.0,188.0,SF,1.0,1.0,0.0,ShAdDafrF,18.0,1076.0,17.0,1056.0,FTP
1720727815.503263,CPafu04pTZjMJ2psB4,192.168.1.6,44860.0,192.168.1.4,21.0,tcp,9.862957000732422,118.0,188.0,SF,1.0,1.0,0.0,ShAdDafrF,18.0,1062.0,17.0,1056.0,FTP
1720728245.202748,Cj1CZCWVyI1etEzI7,192.168.1.4,58468.0,192.168.1.1,53.0,udp,0.000856876373291,46.0,46.0,SF,1.0,1.0,0.0,Dd,1.0,74.0,1.0,74.0,DNS
1720727822.163073,CgUrlh2Ftatl9C0Y44,192.168.1.6,44978.0,192.168.1.4,21.0,tcp,9.1216459274292,118.0,188.0,SF,1.0,1.0,0.0,ShAdDafFr,18.0,1062.0,17.0,1056.0,FTP
1720731911.231151,CuSCPN9hScAdEYXY3,192.168.1.6,50024.0,192.168.1.4,21.0,tcp,9.843647956848145,185.0,188.0,SF,1.0,1.0,0.0,ShAdDafFr,18.0,1129.0,17.0,1056.0,FTP
1720728186.347028,ClNPGZ3EE5YOPR9txi,192.168.1.6,42670.0,192.168.1.4,21.0,tcp,10.052188873291016,118.0,188.0,SF,1.0,1.0,0.0,ShAdDafFr,18.0,1062.0,17.0,1056.0,FTP
1720728040.307073,CukWnC4NrZhxqlFJK1,192.168.1.4,44144.0,192.168.1.1,53.0,udp,0.00172996520996,45.0,127.0,SF,1.0,1.0,0.0,Dd,1.0,73.0,1.0,155.0,DNS
1720728185.208465,C5eMRfTAsDwkRi7aj,192.168.1.4,49172.0,23.205.106.91,443.0,udp,0.00172996520996,45.0,127.0,SF,1.0,1.0,0.0,Dd,1.0,73.0,1.0,155.0,HTTPS
1720728096.468265,C4jc3F4asEDJwBvgt5,192.168.1.4,60171.0,192.168.1.1,53.0,udp,0.00172996520996,45.0,127.0,SF,1.0,1.0,0.0,Dd,1.0,73.0,1.0,155.0,DNS
1720727856.308035,CQrRTtsUgnivXvU6c,192.168.1.4,40158.0,142.250.80.110,443.0,udp,0.1683931350708,4800.0,4185.0,SF,1.0,0.0,0.0,Dd,10.0,5080.0,10.0,4465.0,HTTPS
1720729818.368681,CShO3C4wnAnE0Mqcz3,192.168.1.6,34364.0,192.168.1.4,21.0,tcp,10.93240213394165,133.0,188.0,SF,1.0,1.0,0.0,ShAdDafrF,18.0,1077.0,17.0,1056.0,FTP
1720728035.13197,CNJYZb1wi5huTmyD0k,192.168.1.4,36555.0,192.168.1.1,53.0,udp,10.93240213394165,133.0,188.0,SF,1.0,1.0,0.0,ShAdDafrF,18.0,1077.0,17.0,1056.0,DNS
1720729033.234803,CgXtJr2s3Js4gqV7Uh,192.168.1.4,33898.0,185.125.190.96,80.0,tcp,0.165321111679077,88.0,185.0,SF,1.0,0.0,0.0,ShADdfFa,5.0,356.0,4.0,401.0,HTTP
1720727894.365857,CvprJ71Nb2z4RtwGYj,192.168.1.4,50226.0,20.114.189.135,443.0,tcp,0.165321111679077,88.0,185.0,SF,1.0,0.0,0.0,ShADdfFa,5.0,356.0,4.0,401.0,HTTPS
1720728064.562738,Csas9A2imQpNRYHLr4,192.168.1.4,53737.0,192.168.1.1,53.0,udp,0.018670082092285,48.0,105.0,SF,1.0,1.0,0.0,Dd,1.0,76.0,1.0,133.0,DNS
1720728273.744223,CzUaik11spFz8hFdB1,192.168.1.6,57486.0,192.168.1.4,21.0,tcp,10.75904893875122,118.0,188.0,SF,1.0,1.0,0.0,ShAdDafrF,18.0,1062.0,17.0,1056.0,FTP
1720728130.136684,CcDHej34BdX4aPRcYe,192.168.1.6,46920.0,192.168.1.4,21.0,tcp,9.65709114074707,115.0,188.0,SF,1.0,1.0,0.0,ShAdDafrF,18.0,1059.0,17.0,1056.0,FTP
1720727793.952857,CZAmNy2I1ZCtHOG3Nc,192.168.1.4,57858.0,44.207.14.248,443.0,tcp,9.65709114074707,115.0,188.0,SF,1.0,1.0,0.0,ShAdDafrF,18.0,1059.0,17.0,1056.0,HTTPS
1720728940.607886,CimvA34fcPp3XVIVIi,192.168.1.6,42468.0,192.168.1.4,21.0,tcp,9.994545936584473,128.0,188.0,SF,1.0,1.0,0.0,ShAdDafrF,18.0,1072.0,17.0,1056.0,FTP
1720730281.249535,C09XCk4uVgfOK7LZi2,192.168.1.6,54122.0,192.168.1.4,21.0,tcp,10.14156985282898,126.0,188.0,SF,1.0,1.0,0.0,ShAdDafrF,18.0,1070.0,17.0,1056.0,FTP
1720728186.75844,CCvxkHWslaeaZ0vNl,192.168.1.4,59388.0,192.168.1.1,53.0,udp,0.002402067184448,56.0,355.0,SF,1.0,1.0,0.0,Dd,1.0,84.0,1.0,383.0,DNS
1720730243.524343,CcY3xm3jJ5WZErJNoc,192.168.1.6,59248.0,192.168.1.4,21.0,tcp,10.497740030288696,135.0,188.0,SF,1.0,1.0,0.0,ShAdDafrF,18.0,1079.0,17.0,1056.0,FTP
1720727795.673618,CvlONo3UXnW5RxJAKe,192.168.1.6,57486.0,192.168.1.4,21.0,tcp,9.77320384979248,118.0,188.0,SF,1.0,1.0,0.0,ShAdDafrF,18.0,1062.0,17.0,1056.0,FTP
1720728275.065997,CK0XtR1wsfthcykQR9,192.168.1.4,33422.0,40.126.24.149,443.0,tcp,9.77320384979248,118.0,188.0,SF,1.0,1.0,0.0,ShAdDafrF,18.0,1062.0,17.0,1056.0,HTTPS
1720730319.549623,CIqXJp4qXqV6MvNw79,192.168.1.6,39196.0,192.168.1.4,21.0,tcp,10.1306049823761,129.0,188.0,SF,1.0,1.0,0.0,ShAdDafFr,18.0,1073.0,17.0,1056.0,FTP
1720730236.674653,CkPBlO3pnAUOv40EY,192.168.1.6,35204.0,192.168.1.4,21.0,tcp,10.424607038497925,128.0,188.0,SF,1.0,1.0,0.0,ShAdDafrF,18.0,1072.0,17.0,1056.0,FTP
1720730691.206976,CPWKyJqvHf8Q1Dw2i,192.168.1.6,33224.0,192.168.1.4,21.0,tcp,10.671509981155396,124.0,188.0,SF,1.0,1.0,0.0,ShAdDafFr,18.0,1068.0,17.0,1056.0,FTP
1720728504.933686,CtiKex23Dsp098Nsy2,192.168.1.6,41934.0,192.168.1.4,21.0,tcp,9.761369943618774,117.0,188.0,SF,1.0,1.0,0.0,ShAdDafrF,18.0,1061.0,17.0,1056.0,FTP
1720729612.159375,C0uAJK22IpKTmZpu8a,192.168.1.6,48638.0,192.168.1.4,21.0,tcp,9.483772993087769,110.0,188.0,SF,1.0,1.0,0.0,ShAdDafFr,18.0,1054.0,17.0,1056.0,FTP
1720731308.068173,CwE9Ho206wrMFMyx6i,192.168.1.6,55892.0,192.168.1.4,21.0,tcp,10.325906038284302,170.0,188.0,SF,1.0,1.0,0.0,ShAdDafFr,18.0,1114.0,17.0,1056.0,FTP
1720728096.251821,C5XDuf2mzFjy7tH741,192.168.1.4,34770.0,103.28.250.204,443.0,tcp,10.325906038284302,170.0,188.0,SF,1.0,1.0,0.0,ShAdDafFr,18.0,1114.0,17.0,1056.0,HTTPS
1720728245.692153,CppUNc3b02PHi5QTQ9,192.168.1.4,33591.0,192.168.1.1,53.0,udp,10.325906038284302,170.0,188.0,SF,1.0,1.0,0.0,ShAdDafFr,18.0,1114.0,17.0,1056.0,DNS
1720728154.564449,CfhlHU8GzvTnElYq1,192.168.1.4,39315.0,192.168.1.1,53.0,udp,0.004797935485839,43.0,434.0,SF,1.0,1.0,0.0,Dd,1.0,71.0,1.0,462.0,DNS
1720728185.218327,CflaKoujyDmKoFLWe,192.168.1.4,54570.0,104.106.176.237,443.0,tcp,23.60511684417725,3651.0,429815.0,SF,1.0,0.0,0.0,ShADadtFRf,158.0,11863.0,202.0,440327.0,HTTPS
1720728065.050561,C2OEYs41jSZ7Xgbmaj,192.168.1.4,60342.0,142.250.65.202,443.0,tcp,23.60511684417725,3651.0,429815.0,SF,1.0,0.0,0.0,IIiiiIhhHhHhH,158.0,11863.0,202.0,440327.0,HTTPS
1720727765.863997,CRZfMqzEJjSzf94z4,192.168.1.4,44958.0,192.168.1.1,53.0,udp,23.60511684417725,3651.0,429815.0,SF,1.0,0.0,0.0,IIiiiIhhHhHhH,158.0,11863.0,202.0,440327.0,DNS
1720729633.150338,CoGvp12GhYZ50hCbj1,192.168.1.6,47438.0,192.168.1.4,21.0,tcp,8.994371175765991,121.0,188.0,SF,1.0,1.0,0.0,ShAdDafrF,18.0,1065.0,17.0,1056.0,FTP
1720731250.826976,CDiboJ1uofH1yBfHNe,192.168.1.6,36356.0,192.168.1.4,21.0,tcp,10.02325201034546,159.0,188.0,SF,1.0,1.0,0.0,ShAdDafrF,18.0,1103.0,17.0,1056.0,FTP
1720727764.952047,C3INaW2X9d777Qv8De,192.168.1.4,49350.0,35.244.154.8,443.0,tcp,10.02325201034546,159.0,188.0,SF,1.0,1.0,0.0,ShAdDafrF,18.0,1103.0,17.0,1056.0,HTTPS
1720727927.128499,Cwcxn31rRObGlYDBZd,192.168.1.6,34084.0,192.168.1.4,21.0,tcp,10.045516967773438,118.0,188.0,SF,1.0,1.0,0.0,ShAdDafrF,18.0,1062.0,17.0,1056.0,FTP
1720728186.217853,C2Oy6u4ytOkHihrtCc,192.168.1.4,38318.0,34.107.165.188,443.0,tcp,22.5348060131073,2465.0,7190.0,SF,1.0,0.0,0.0,ShADadFf,16.0,3305.0,16.0,8030.0,HTTPS
1720727914.018353,Cq7YPrjGJCfzT4fX,192.168.1.4,43307.0,192.168.1.1,53.0,udp,22.5348060131073,2465.0,7190.0,SF,1.0,0.0,0.0,ShADadFf,16.0,3305.0,16.0,8030.0,DNS
1720730740.373185,C56heb1HVV907vGADc,192.168.1.6,52490.0,192.168.1.4,21.0,tcp,9.234546184539797,127.0,188.0,SF,1.0,1.0,0.0,ShAdDafrF,18.0,1071.0,17.0,1056.0,FTP
1720728096.118709,COC8ri4zbExm4sFlu7,192.168.1.4,50828.0,192.168.1.1,53.0,udp,9.234546184539797,127.0,188.0,SF,1.0,1.0,0.0,ShAdDafrF,18.0,1071.0,17.0,1056.0,DNS
1720727785.145294,Cxy8H947RXTbMlsLtf,192.168.1.6,45702.0,192.168.1.4,21.0,tcp,10.507601022720335,123.0,188.0,SF,1.0,1.0,0.0,ShAdDafrF,18.0,1067.0,17.0,1056.0,FTP
1720728268.955101,CmBBgMNfA7jV95HD5,192.168.1.6,34736.0,192.168.1.4,21.0,tcp,10.37433409690857,118.0,188.0,SF,1.0,1.0,0.0,ShAdDafrF,18.0,1062.0,17.0,1056.0,FTP
1720728245.122481,C5hp1yYZCkBtsmOz7,192.168.1.4,33422.0,192.168.1.1,53.0,udp,0.018579959869384,63.0,137.0,SF,1.0,1.0,0.0,Dd,1.0,91.0,1.0,165.0,DNS
1720729700.682735,CeECoq3ljAT56o9c0a,192.168.1.6,36726.0,192.168.1.4,21.0,tcp,9.51977014541626,152.0,188.0,SF,1.0,1.0,0.0,ShAdDafrF,18.0,1096.0,17.0,1056.0,FTP
1720731267.557953,C1hYsuP2cCTzAj4Qd,192.168.1.6,32826.0,192.168.1.4,21.0,tcp,10.043350219726562,173.0,188.0,SF,1.0,1.0,0.0,ShAdDafrF,18.0,1117.0,17.0,1056.0,FTP
1720728096.333589,CDMMxf3IMcM9ffDPD7,192.168.1.4,37108.0,192.168.1.1,53.0,udp,10.043350219726562,173.0,188.0,SF,1.0,1.0,0.0,ShAdDafrF,18.0,1117.0,17.0,1056.0,DNS
1720727793.289504,CxVMgtKSbKUqjKJ0l,192.168.1.4,55200.0,20.94.153.70,443.0,udp,10.043350219726562,173.0,188.0,SF,1.0,1.0,0.0,ShAdDafrF,18.0,1117.0,17.0,1056.0,HTTPS
1720728186.721664,CxaPn5sKo0pTs8S31,192.168.1.4,49206.0,23.205.106.91,443.0,udp,10.043350219726562,173.0,188.0,SF,1.0,1.0,0.0,ShAdDafrF,18.0,1117.0,17.0,1056.0,HTTPS
1720727765.900597,Co5o0s4W5lN2akNQ13,192.168.1.4,38198.0,34.144.216.162,443.0,tcp,442.8503949642181,2558.0,4392.0,SF,1.0,0.0,0.0,ShADadFf,24.0,3814.0,23.0,5596.0,HTTPS
1720731823.564548,CVOMVE2FfrmWm8LsQi,192.168.1.6,45336.0,192.168.1.4,21.0,tcp,10.023423910140991,142.0,188.0,SF,1.0,1.0,0.0,ShAdDafrF,18.0,1086.0,17.0,1056.0,FTP
1720728155.295071,CHgzV214aBzKb0mNM5,192.168.1.4,59490.0,13.224.214.2,443.0,tcp,53.45500707626343,2785.0,5603.0,SF,1.0,0.0,0.0,ShADadFf,16.0,3625.0,16.0,6443.0,HTTPS
1720727914.424587,CKFbfi4KGb7LOlT7hb,192.168.1.4,55966.0,104.18.32.137,443.0,tcp,294.31997299194336,2386.0,4201.0,SF,1.0,0.0,0.0,ShADadFf,20.0,3434.0,18.0,5145.0,HTTPS
1720727758.794053,CxsoAp3VyxKyMQ1Rj2,192.168.1.6,52092.0,192.168.1.4,21.0,tcp,9.853349924087524,118.0,188.0,SF,1.0,1.0,0.0,ShAdDafFr,18.0,1062.0,17.0,1056.0,FTP
1720727775.265407,CjUITn5fgJB2FU44g,192.168.1.6,35238.0,192.168.1.4,21.0,tcp,9.909719944000244,118.0,188.0,SF,1.0,1.0,0.0,ShAdDafFr,18.0,1062.0,17.0,1056.0,FTP
1720728245.156978,CxI4mixvV8hcb6k8,192.168.1.4,38761.0,192.168.1.1,53.0,udp,0.000742197036743,62.0,62.0,SF,1.0,1.0,0.0,Dd,1.0,90.0,1.0,90.0,DNS
1720727792.317623,Cvo3fZ2jv3ykoFDyYg,192.168.1.6,45794.0,192.168.1.4,21.0,tcp,9.445926189422607,118.0,188.0,SF,1.0,1.0,0.0,ShAdDafFr,18.0,1062.0,17.0,1056.0,FTP
1720728197.309257,CT7p0X2hHe7xC9daml,192.168.1.6,53874.0,192.168.1.4,21.0,tcp,9.717047929763794,118.0,188.0,SF,1.0,1.0,0.0,ShAdDafrF,18.0,1062.0,17.0,1056.0,FTP
1720728523.733473,ConkJe1pkH4chlJEwc,192.168.1.6,54476.0,192.168.1.4,21.0,tcp,10.057448863983154,115.0,188.0,SF,1.0,1.0,0.0,ShAdDafrF,18.0,1059.0,17.0,1056.0,FTP
1720728986.47684,CI10C13JSWUmYrZam,192.168.1.6,34060.0,192.168.1.4,21.0,tcp,10.12998390197754,137.0,188.0,SF,1.0,1.0,0.0,ShAdDafFr,18.0,1081.0,17.0,1056.0,FTP
1720731690.149812,CnG7hRGSwEUfktvu9,192.168.1.6,52654.0,192.168.1.4,21.0,tcp,10.75234603881836,161.0,188.0,SF,1.0,1.0,0.0,ShAdDafrF,18.0,1105.0,17.0,1056.0,FTP
1720730225.544789,CqS0cJAWOMM6v8L5c,192.168.1.6,47076.0,192.168.1.4,21.0,tcp,10.879384994506836,129.0,188.0,SF,1.0,1.0,0.0,ShAdDafFr,18.0,1073.0,17.0,1056.0,FTP
1720731413.004781,C8TzUY3EGunJRKFiFe,192.168.1.6,38948.0,192.168.1.4,21.0,tcp,10.203387975692747,158.0,188.0,SF,1.0,1.0,0.0,ShAdDafrF,18.0,1102.0,17.0,1056.0,FTP
1720727885.072056,ChQgYSOxcydlGNEt5,192.168.1.4,50378.0,54.84.50.115,443.0,tcp,60.048465967178345,2556.0,6457.0,SF,1.0,0.0,0.0,ShADadfF,16.0,3396.0,18.0,7401.0,HTTPS
1720728223.19241,CA15Sf1Zg5RQYIefUe,192.168.1.6,34528.0,192.168.1.4,21.0,tcp,10.547404050827026,118.0,188.0,SF,1.0,1.0,0.0,ShAdDafFr,18.0,1062.0,17.0,1056.0,FTP
1720727833.317734,CK17VR1pVMC1vSI76a,192.168.1.4,58092.0,185.125.190.97,80.0,tcp,10.547404050827026,118.0,188.0,SF,1.0,1.0,0.0,ShAdDafFr,18.0,1062.0,17.0,1056.0,HTTP
1720731066.67537,CUIgMFc6gSkSLovRj,192.168.1.6,38614.0,192.168.1.4,21.0,tcp,10.258227109909058,120.0,188.0,SF,1.0,1.0,0.0,ShAdDafrF,18.0,1064.0,17.0,1056.0,FTP
1720728392.471419,CVkG3m3Sj0E6YmYT0c,192.168.1.6,56628.0,192.168.1.4,21.0,tcp,10.966439008712769,118.0,188.0,SF,1.0,1.0,0.0,ShAdDafrF,18.0,1062.0,17.0,1056.0,FTP
1720731133.233796,C0Y6AB3EjrCAn6H30e,192.168.1.4,54697.0,192.168.1.1,53.0,udp,10.966439008712769,118.0,188.0,SF,1.0,1.0,0.0,ShAdDafrF,18.0,1062.0,17.0,1056.0,DNS
1720728085.307344,CBSfiq1noM7F9dS8B7,192.168.1.4,60905.0,192.168.1.1,53.0,udp,10.966439008712769,118.0,188.0,SF,1.0,1.0,0.0,ShAdDafrF,18.0,1062.0,17.0,1056.0,DNS
1720727915.646885,Ck2SCbuLpbMl8XTWa,192.168.1.4,59281.0,192.168.1.1,53.0,udp,0.001305103302001,58.0,145.0,SF,1.0,1.0,0.0,Dd,1.0,86.0,1.0,173.0,DNS
1720731472.605024,C6SQI139N6VztJlj93,192.168.1.6,56736.0,192.168.1.4,21.0,tcp,10.586334943771362,155.0,188.0,SF,1.0,1.0,0.0,ShAdDafrF,18.0,1099.0,17.0,1056.0,FTP
1720730315.475957,Ccl2CJ1g04DdttlI9,192.168.1.6,39136.0,192.168.1.4,21.0,tcp,10.494894981384276,132.0,188.0,SF,1.0,1.0,0.0,ShAdDafFr,18.0,1076.0,17.0,1056.0,FTP
1720728656.739398,CL6twg3TWZNQSOVZk,192.168.1.6,57826.0,192.168.1.4,21.0,tcp,9.23081088066101,134.0,188.0,SF,1.0,1.0,0.0,ShAdDafrF,18.0,1078.0,17.0,1056.0,FTP
1720731197.811873,CgQlKL2rfA9pQoZcQl,192.168.1.6,35210.0,192.168.1.4,21.0,tcp,9.53364396095276,125.0,188.0,SF,1.0,1.0,0.0,ShAdDafFr,18.0,1069.0,17.0,1056.0,FTP
1720730648.484338,CAS5Tr1D4lyCmzDQ06,192.168.1.6,32934.0,192.168.1.4,21.0,tcp,10.153971910476685,120.0,188.0,SF,1.0,1.0,0.0,ShAdDafrF,18.0,1064.0,17.0,1056.0,FTP
1720731360.024662,CZNqIQ97DuqAbUkyb,192.168.1.6,35776.0,192.168.1.4,21.0,tcp,10.863012075424194,192.0,188.0,SF,1.0,1.0,0.0,ShAdDafrF,18.0,1136.0,17.0,1056.0,FTP
1720728219.941731,CGaCKGf4EHY3mHbW,192.168.1.4,52140.0,13.107.21.237,443.0,tcp,85.19690895080566,2556.0,7853.0,RSTR,1.0,0.0,0.0,ShADadFr,10.0,2976.0,15.0,8465.0,HTTPS
1720728095.278623,CXrsjS2Fa4wAen1CY,192.168.1.4,59624.0,192.168.1.1,53.0,udp,85.19690895080566,2556.0,7853.0,RSTR,1.0,0.0,0.0,ShADadFr,10.0,2976.0,15.0,8465.0,DNS
1720730398.389166,CPFKXf1V7EIQJp4SHf,192.168.1.6,34018.0,192.168.1.4,21.0,tcp,9.389347791671751,136.0,188.0,SF,1.0,1.0,0.0,ShAdDafrF,18.0,1080.0,17.0,1056.0,FTP
1720730688.224224,CF1kbu10mhSuqrhERf,192.168.1.6,33150.0,192.168.1.4,21.0,tcp,10.408077001571655,127.0,188.0,SF,1.0,1.0,0.0,ShAdDafrF,18.0,1071.0,17.0,1056.0,FTP
1720728737.118452,Cnc0uG30NXOnR3UoMk,192.168.1.6,49690.0,192.168.1.4,21.0,tcp,10.446143865585327,121.0,188.0,SF,1.0,1.0,0.0,ShAdDafrF,18.0,1065.0,17.0,1056.0,FTP
1720727925.556804,C72Taj2W7PEmXoUQA7,192.168.1.4,33648.0,162.247.243.29,443.0,tcp,10.446143865585327,121.0,188.0,SF,1.0,1.0,0.0,ShAdDafrF,18.0,1065.0,17.0,1056.0,HTTPS
1720731513.648037,Ce0Waf1yZRRyvb4xSj,192.168.1.6,47104.0,192.168.1.4,21.0,tcp,10.375848054885864,145.0,188.0,RSTR,1.0,1.0,0.0,ShAdDafr,17.0,1037.0,16.0,1016.0,FTP
1720728464.81353,C0wqFq3JU1Kp3FLuD9,192.168.1.6,40922.0,192.168.1.4,21.0,tcp,9.300801992416382,117.0,188.0,SF,1.0,1.0,0.0,ShAdDafrF,18.0,1061.0,17.0,1056.0,FTP
1720728329.88408,ClVCu74YQXTQd02Ja7,192.168.1.6,52218.0,192.168.1.4,21.0,tcp,10.37455916404724,118.0,188.0,SF,1.0,1.0,0.0,ShAdDafrF,18.0,1062.0,17.0,1056.0,FTP
1720731670.194948,Ceu4ZXjOCSp79mYYk,192.168.1.6,43440.0,192.168.1.4,21.0,tcp,9.57908296585083,140.0,188.0,SF,1.0,1.0,0.0,ShAdDafrF,18.0,1084.0,17.0,1056.0,FTP
1720727974.147158,CjsKiB4Iu9k1HWKcre,192.168.1.4,38172.0,204.235.147.206,443.0,tcp,234.6073920726776,3924.0,18318.0,SF,1.0,0.0,0.0,ShADadFf,23.0,4864.0,24.0,19290.0,HTTPS
1720729014.076327,CXAcyo1nSYhCFCns5k,192.168.1.6,55654.0,192.168.1.4,21.0,tcp,10.334878921508787,105.0,188.0,SF,1.0,1.0,0.0,ShAdDafrF,18.0,1049.0,17.0,1056.0,FTP
1720728215.673527,ClloDS3VPRDUyuM71a,192.168.1.4,39724.0,142.250.176.195,443.0,tcp,2.197180032730102,2462.0,28560.0,SF,1.0,0.0,0.0,ShADadFf,26.0,3822.0,27.0,29972.0,HTTPS
1720728306.229841,Cn074R28VT4JoxrSog,192.168.1.4,46924.0,13.224.214.58,443.0,tcp,45.21312689781189,4822.0,5352.0,SF,1.0,0.0,0.0,ShADadFf,17.0,5714.0,18.0,6296.0,HTTPS
1720727643.367347,CBr5G23sc64qSxaPCe,192.168.1.4,48898.0,142.251.40.238,443.0,tcp,240.1276500225067,3222.0,279608.0,SF,1.0,0.0,0.0,ShADadFf,104.0,8638.0,164.0,288144.0,HTTPS
1720729615.698164,ClW7R54d1jcM1DWRP,192.168.1.6,47578.0,192.168.1.4,21.0,tcp,8.3854660987854,115.0,188.0,SF,1.0,1.0,0.0,ShAdDafFr,18.0,1059.0,17.0,1056.0,FTP
1720728653.238339,CjAW5g1MSrsejF2wc,192.168.1.6,57722.0,192.168.1.4,21.0,tcp,10.517017126083374,132.0,188.0,SF,1.0,1.0,0.0,ShAdDafrF,18.0,1076.0,17.0,1056.0,FTP
1720727914.205313,C3p9eCKTbVJIU7nG8,192.168.1.4,51660.0,13.224.214.32,443.0,tcp,241.1257710456848,3042.0,385017.0,SF,1.0,0.0,0.0,ShADadFf,120.0,9290.0,181.0,394437.0,HTTPS
1720729430.573454,CGm0CDnkeY4nb5Xug,192.168.1.6,47298.0,192.168.1.4,21.0,tcp,11.281804084777832,125.0,188.0,SF,1.0,1.0,0.0,ShAdDafrF,18.0,1069.0,17.0,1056.0,FTP
1720728966.933863,CLhR5s3RHGWYFJTADe,192.168.1.6,43122.0,192.168.1.4,21.0,tcp,9.701927185058594,138.0,188.0,SF,1.0,1.0,0.0,ShAdDafrF,18.0,1082.0,17.0,1056.0,FTP
1720730159.618912,Coq5yFnPhhDcc5yoc,192.168.1.6,40628.0,192.168.1.4,21.0,tcp,10.036046028137209,126.0,188.0,SF,1.0,1.0,0.0,ShAdDafrF,18.0,1070.0,17.0,1056.0,FTP
1720729292.331205,CwTEcQoAsHdV5i78d,192.168.1.6,38208.0,192.168.1.4,21.0,tcp,10.362311124801636,140.0,188.0,SF,1.0,1.0,0.0,ShAdDafrF,18.0,1084.0,17.0,1056.0,FTP
1720728211.819261,C8GjoLWnhvKn6KmH1,192.168.1.4,54535.0,192.168.1.1,53.0,udp,10.362311124801636,140.0,188.0,SF,1.0,1.0,0.0,ShAdDafrF,18.0,1084.0,17.0,1056.0,DNS
1720727956.325384,C4OVmd1qwaFEH0FNca,192.168.1.4,58689.0,192.168.1.1,53.0,udp,0.001387119293212,80.0,150.0,SF,1.0,1.0,0.0,Dd,1.0,108.0,1.0,178.0,DNS
1720729233.60287,CaIhn9JmIZG1lhOxh,192.168.1.6,38270.0,192.168.1.4,21.0,tcp,10.00986099243164,114.0,188.0,SF,1.0,1.0,0.0,ShAdDafrF,18.0,1058.0,17.0,1056.0,FTP
1720727915.739102,CGNbv11UAMDlfkFM45,192.168.1.4,48483.0,192.168.1.1,53.0,udp,10.00986099243164,114.0,188.0,SF,1.0,1.0,0.0,ShAdDafrF,18.0,1058.0,17.0,1056.0,DNS
1720728869.469275,CRySRU2HYQUnkIv4g7,192.168.1.6,52428.0,192.168.1.4,21.0,tcp,9.947482109069824,150.0,188.0,SF,1.0,1.0,0.0,ShAdDafrF,18.0,1094.0,17.0,1056.0,FTP
1720730337.119384,CT1Zuh21ksL48KAjzh,192.168.1.6,35402.0,192.168.1.4,21.0,tcp,10.211895942687988,120.0,188.0,SF,1.0,1.0,0.0,ShAdDafFr,18.0,1064.0,17.0,1056.0,FTP
1720731605.572917,CLAOkw4jIXD2hOg4v9,192.168.1.6,37954.0,192.168.1.4,21.0,tcp,10.569917917251589,177.0,188.0,SF,1.0,1.0,0.0,ShAdDafrF,18.0,1121.0,17.0,1056.0,FTP
1720731755.891572,CQfrpL8ItPkaCAp7b,192.168.1.6,51784.0,192.168.1.4,21.0,tcp,11.298125982284546,184.0,188.0,SF,1.0,1.0,0.0,ShAdDafrF,18.0,1128.0,17.0,1056.0,FTP
1720728009.717275,CYWCDF3x2bVp56phT7,192.168.1.6,38320.0,192.168.1.4,21.0,tcp,10.3647940158844,118.0,188.0,SF,1.0,1.0,0.0,ShAdDafrF,18.0,1062.0,17.0,1056.0,FTP
1720727825.293779,Cn5vqN1r7Vif3JXlFk,192.168.1.4,52996.0,142.250.65.163,443.0,tcp,10.3647940158844,118.0,188.0,SF,1.0,1.0,0.0,ShAdDafrF,18.0,1062.0,17.0,1056.0,HTTPS
1720728931.263583,CxVa974hVRMkGCbua1,192.168.1.6,56458.0,192.168.1.4,21.0,tcp,10.148144006729126,154.0,188.0,SF,1.0,1.0,0.0,ShAdDafrF,18.0,1098.0,17.0,1056.0,FTP
1720729861.310621,CZM48x3bXKWNVmdVgk,192.168.1.6,47932.0,192.168.1.4,21.0,tcp,10.043642044067385,132.0,188.0,SF,1.0,1.0,0.0,ShAdDafFr,18.0,1076.0,17.0,1056.0,FTP
1720731899.234124,CHLZOl4FvCjNXI7ZKg,192.168.1.6,37058.0,192.168.1.4,21.0,tcp,9.910598039627075,169.0,188.0,SF,1.0,1.0,0.0,ShAdDafFr,18.0,1113.0,17.0,1056.0,FTP
1720731891.144103,CxKFW04tUFNCMKiabf,192.168.1.6,59842.0,192.168.1.4,21.0,tcp,10.415781021118164,171.0,188.0,SF,1.0,1.0,0.0,ShAdDafrF,18.0,1115.0,17.0,1056.0,FTP
1720727824.938056,CgrtgEReF1sjvk5Gd,192.168.1.4,53305.0,142.251.40.110,443.0,tcp,10.415781021118164,171.0,188.0,SF,1.0,1.0,0.0,ShAdDafrF,18.0,1115.0,17.0,1056.0,HTTPS
1720727884.555204,Ck1Jdw1tgCQ7dmtrkg,192.168.1.4,41380.0,146.75.36.157,443.0,tcp,10.415781021118164,171.0,188.0,SF,1.0,1.0,0.0,ShAdDafrF,18.0,1115.0,17.0,1056.0,HTTPS
1720729505.619886,CJxKPR3UVVanvJT909,192.168.1.6,39550.0,192.168.1.4,21.0,tcp,10.63484501838684,129.0,188.0,SF,1.0,1.0,0.0,ShAdDafrF,18.0,1073.0,17.0,1056.0,FTP
1720728420.16533,Ck32Vp23m28J6xnMLl,192.168.1.6,47076.0,192.168.1.4,21.0,tcp,10.024408102035522,118.0,188.0,SF,1.0,1.0,0.0,ShAdDafrF,18.0,1062.0,17.0,1056.0,FTP
1720727765.833177,ClCX189jLnXcQePri,192.168.1.4,46928.0,192.168.1.1,53.0,udp,10.024408102035522,118.0,188.0,SF,1.0,1.0,0.0,ShAdDafrF,18.0,1062.0,17.0,1056.0,DNS
1720728306.24008,CXGDHorGbtOWBTFil,192.168.1.4,47070.0,142.251.41.2,443.0,tcp,45.2086079120636,1804.0,8772.0,SF,1.0,0.0,0.0,ShADadFf,11.0,2384.0,9.0,9248.0,HTTPS
1720727885.293305,CkQQOv3wtLYYEsGjE,192.168.1.4,49091.0,192.168.1.1,53.0,udp,0.001520156860351,65.0,126.0,SF,1.0,1.0,0.0,Dd,1.0,93.0,1.0,154.0,DNS
1720729243.545062,CHPTCW9GQLuo75OQg,192.168.1.6,43888.0,192.168.1.4,21.0,tcp,9.694376945495604,118.0,188.0,SF,1.0,1.0,0.0,ShAdDafFr,18.0,1062.0,17.0,1056.0,FTP
1720731261.387782,Cm8XBy2FDUVWE1QMvf,192.168.1.6,53500.0,192.168.1.4,21.0,tcp,9.948304891586304,158.0,188.0,SF,1.0,1.0,0.0,ShAdDafrF,18.0,1102.0,17.0,1056.0,FTP
1720731659.896494,CmasZ94eYyrzd3Ykmj,192.168.1.6,44104.0,192.168.1.4,21.0,tcp,10.48714017868042,161.0,188.0,SF,1.0,1.0,0.0,ShAdDafrF,18.0,1105.0,17.0,1056.0,FTP
1720727876.221095,Ctovjx1fSipOJ9Lbki,192.168.1.6,46348.0,192.168.1.4,21.0,tcp,9.037359952926636,118.0,188.0,SF,1.0,1.0,0.0,ShAdDafrF,18.0,1062.0,17.0,1056.0,FTP
1720727884.289102,CDhBe93ZYXtHMq5wnh,192.168.1.4,48063.0,192.168.1.1,53.0,udp,0.002051830291748,58.0,143.0,SF,1.0,1.0,0.0,Dd,1.0,86.0,1.0,171.0,DNS
1720728211.819949,Cw5mZR2YTsnTzMCVE4,192.168.1.4,46083.0,192.168.1.1,53.0,udp,0.002051830291748,58.0,143.0,SF,1.0,1.0,0.0,Dd,1.0,86.0,1.0,171.0,DNS
1720729000.23456,CupKFR1hNTlHwFkbpb,192.168.1.6,51476.0,192.168.1.4,21.0,tcp,10.751929998397827,121.0,188.0,SF,1.0,1.0,0.0,ShAdDafrF,18.0,1065.0,17.0,1056.0,FTP
1720729420.309387,C8jpT2104qtlyDU5Ph,192.168.1.6,36274.0,192.168.1.4,21.0,tcp,10.284372091293337,127.0,188.0,SF,1.0,1.0,0.0,ShAdDafrF,18.0,1071.0,17.0,1056.0,FTP
1720730054.688359,CnUoxP3PueBtzPqQ8j,192.168.1.6,54784.0,192.168.1.4,21.0,tcp,9.809113025665283,125.0,188.0,SF,1.0,1.0,0.0,ShAdDafrF,18.0,1069.0,17.0,1056.0,FTP
1720729466.575296,C7SUpVbXVX2Mqswtg,192.168.1.6,35292.0,192.168.1.4,21.0,tcp,10.628077030181885,127.0,188.0,SF,1.0,1.0,0.0,ShAdDafFr,18.0,1071.0,17.0,1056.0,FTP
1720729525.517803,C0Yemv40MXWJUkNc8g,192.168.1.6,56878.0,192.168.1.4,21.0,tcp,9.988381147384644,116.0,188.0,SF,1.0,1.0,0.0,ShAdDafrF,18.0,1060.0,17.0,1056.0,FTP
1720731302.574277,CsKUm82tHAOip4yq62,192.168.1.6,44940.0,192.168.1.4,21.0,tcp,9.445194959640505,163.0,188.0,SF,1.0,1.0,0.0,ShAdDafrF,18.0,1107.0,17.0,1056.0,FTP
1720730784.322451,CvsAlBc8r34vFhVKj,fdb3:122f:e2ec:0:c3e6:3c5a:c415:fe47,47958.0,fdb3:122f:e2ec::b64,22.0,tcp,116.2792649269104,1.0,0.0,OTH,1.0,1.0,0.0,Aa,2.0,144.0,2.0,144.0,SSH
1720731745.252838,CbCEFt3I7Jo2suPt9c,192.168.1.6,40408.0,192.168.1.4,21.0,tcp,10.628408193588257,147.0,188.0,SF,1.0,1.0,0.0,ShAdDafrF,18.0,1091.0,17.0,1056.0,FTP
1720728109.307589,CS5hKK1zfMGwzK3l9,192.168.1.4,34713.0,192.168.1.1,53.0,udp,0.01670503616333,45.0,263.0,SF,1.0,1.0,0.0,Dd,1.0,73.0,1.0,291.0,DNS
1720728185.114326,Cws3agDygzVHtEsck,192.168.1.4,59108.0,23.205.106.81,443.0,udp,0.01670503616333,45.0,263.0,SF,1.0,1.0,0.0,Dd,1.0,73.0,1.0,291.0,HTTPS
1720730494.869609,CppIQc2cQIAvs0U2jh,192.168.1.6,58676.0,192.168.1.4,21.0,tcp,10.480535984039308,127.0,188.0,SF,1.0,1.0,0.0,ShAdDafrF,18.0,1071.0,17.0,1056.0,FTP
1720728930.551986,C6NBeaD7YjCFhVKKb,192.168.1.6,56422.0,192.168.1.4,21.0,tcp,9.869447946548462,170.0,188.0,SF,1.0,1.0,0.0,ShAdDafrF,18.0,1114.0,17.0,1056.0,FTP
1720728245.766153,C41MmpBoEV6mqkHo1,192.168.1.4,53444.0,20.236.44.162,443.0,tcp,9.869447946548462,170.0,188.0,SF,1.0,1.0,0.0,ShAdDafrF,18.0,1114.0,17.0,1056.0,HTTPS
1720729420.278617,Ca9lT31D57iaJpwvw3,192.168.1.6,36248.0,192.168.1.4,21.0,tcp,10.284699201583862,119.0,188.0,SF,1.0,1.0,0.0,ShAdDafrF,18.0,1063.0,17.0,1056.0,FTP
1720729430.551731,CbjOYw1vF5ATpqtd5j,192.168.1.6,47284.0,192.168.1.4,21.0,tcp,11.267799854278564,126.0,188.0,SF,1.0,1.0,0.0,ShAdDafrF,18.0,1070.0,17.0,1056.0,FTP
1720728031.21007,CojNSAN0MSweBbvv6,192.168.1.6,43202.0,192.168.1.4,21.0,tcp,10.951874017715454,118.0,188.0,SF,1.0,1.0,0.0,ShAdDafrF,18.0,1062.0,17.0,1056.0,FTP
1720730637.59498,CYRi542OiQTCTr2ZZe,192.168.1.6,48642.0,192.168.1.4,21.0,tcp,11.04051399230957,123.0,188.0,SF,1.0,1.0,0.0,ShAdDafrF,18.0,1067.0,17.0,1056.0,FTP
1720731369.410682,C7DoL64bBpklZBWfWf,192.168.1.6,56764.0,192.168.1.4,21.0,tcp,10.095550060272217,170.0,188.0,SF,1.0,1.0,0.0,ShAdDafrF,18.0,1114.0,17.0,1056.0,FTP
1720728021.336831,CxNqF8eJWPiSWBj3j,192.168.1.6,55430.0,192.168.1.4,21.0,tcp,9.873090982437134,118.0,188.0,SF,1.0,1.0,0.0,ShAdDafrF,18.0,1062.0,17.0,1056.0,FTP
1720727824.631667,CLzieZ2gV1pOgJDYo4,192.168.1.4,35906.0,142.251.41.3,443.0,tcp,9.873090982437134,118.0,188.0,SF,1.0,1.0,0.0,ShAdDafrF,18.0,1062.0,17.0,1056.0,HTTPS
1720729806.41174,CkfDfG2zvovj2wjACc,192.168.1.6,40424.0,192.168.1.4,21.0,tcp,10.653770923614502,122.0,188.0,SF,1.0,1.0,0.0,ShAdDafrF,18.0,1066.0,17.0,1056.0,FTP
1720731574.281921,CtHJL72EhbRtuMGCy5,192.168.1.6,57186.0,192.168.1.4,21.0,tcp,9.043512105941772,152.0,188.0,SF,1.0,1.0,0.0,ShAdDafrF,18.0,1096.0,17.0,1056.0,FTP
1720731423.208278,CA9WPw25KNFrqtUS1c,192.168.1.6,35410.0,192.168.1.4,21.0,tcp,9.867233991622925,142.0,188.0,SF,1.0,1.0,0.0,ShAdDafFr,18.0,1086.0,17.0,1056.0,FTP
1720728091.363756,CLtrCs1mfe2PFF19R3,192.168.1.6,35124.0,192.168.1.4,21.0,tcp,9.529701948165894,118.0,188.0,SF,1.0,1.0,0.0,ShAdDafrF,18.0,1062.0,17.0,1056.0,FTP
1720727974.009538,CpjDQi1f0LSra7YTkb,192.168.1.4,38126.0,204.235.147.206,443.0,tcp,0.13662314414978,3780.0,390147.0,RSTO,1.0,0.0,0.0,ShADadFR,115.0,8400.0,153.0,396279.0,HTTPS
1720730943.970314,CcvUv23N9Zt14pQNU6,192.168.1.6,56808.0,192.168.1.4,21.0,tcp,9.9252610206604,129.0,188.0,SF,1.0,1.0,0.0,ShAdDafrF,18.0,1073.0,17.0,1056.0,FTP
1720729995.463977,CcOBCPcUvxVmUuyZk,192.168.1.6,52098.0,192.168.1.4,21.0,tcp,9.406039953231812,125.0,188.0,SF,1.0,1.0,0.0,ShAdDafrF,18.0,1069.0,17.0,1056.0,FTP
1720731843.869007,CFylvK14HW0YutPYp8,192.168.1.6,35320.0,192.168.1.4,21.0,tcp,10.119578838348389,135.0,188.0,SF,1.0,1.0,0.0,ShAdDafrF,18.0,1079.0,17.0,1056.0,FTP
1720727943.828974,CfsTJE2nlXkD4JvWSg,192.168.1.6,60144.0,192.168.1.4,21.0,tcp,10.859896898269652,118.0,188.0,SF,1.0,1.0,0.0,ShAdDafFr,18.0,1062.0,17.0,1056.0,FTP
1720729658.43742,C1Li5930x4MgDmwab2,192.168.1.6,55804.0,192.168.1.4,21.0,tcp,9.764544010162354,165.0,188.0,SF,1.0,1.0,0.0,ShAdDafrF,18.0,1109.0,17.0,1056.0,FTP
1720729033.597029,CxyxTk1ej56dgTEMD2,192.168.1.6,57738.0,192.168.1.4,21.0,tcp,10.294526100158691,140.0,188.0,SF,1.0,1.0,0.0,ShAdDafrF,18.0,1084.0,17.0,1056.0,FTP
1720730874.146414,ClBIACvFlpY9D9Hh5,192.168.1.6,60038.0,192.168.1.4,21.0,tcp,9.745844841003418,127.0,188.0,SF,1.0,1.0,0.0,ShAdDafrF,18.0,1071.0,17.0,1056.0,FTP
1720731878.862933,CsMO8K3CptDQK3kJg6,192.168.1.6,46374.0,192.168.1.4,21.0,tcp,10.478516101837158,171.0,188.0,SF,1.0,1.0,0.0,ShAdDafrF,18.0,1115.0,17.0,1056.0,FTP
1720727793.937311,CMBpP37NRgUF0ecd7,192.168.1.4,57880.0,44.207.14.248,443.0,tcp,0.045720100402832,1761.0,5584.0,SF,1.0,0.0,0.0,ShADaFdRfR,7.0,2097.0,5.0,5852.0,HTTPS
1720728034.989421,CBmvw71GCns4qF0v0c,192.168.1.4,41571.0,142.250.81.238,443.0,tcp,0.045720100402832,1761.0,5584.0,SF,1.0,0.0,0.0,IIiiiIhhhHHhH,7.0,2097.0,5.0,5852.0,HTTPS
1720729511.947087,C0oE6p1kdwYARfMscd,192.168.1.6,39618.0,192.168.1.4,21.0,tcp,10.834810972213743,110.0,188.0,SF,1.0,1.0,0.0,ShAdDafrF,18.0,1054.0,17.0,1056.0,FTP
1720728306.011129,CAOcry2LsuURuYSNgf,192.168.1.4,46572.0,204.79.197.237,443.0,tcp,10.834810972213743,110.0,188.0,SF,1.0,1.0,0.0,ShAdDafrF,18.0,1054.0,17.0,1056.0,HTTPS
1720728246.234445,Cgzwx72S2aCkVivIXl,192.168.1.4,57274.0,204.79.197.237,443.0,tcp,10.834810972213743,110.0,188.0,SF,1.0,1.0,0.0,ShAdDafrF,18.0,1054.0,17.0,1056.0,HTTPS
1720727996.305174,CS7Xeb3TnaYVxmUBg6,192.168.1.6,51258.0,192.168.1.4,21.0,tcp,10.058896780014038,118.0,188.0,SF,1.0,1.0,0.0,ShAdDafrF,18.0,1062.0,17.0,1056.0,FTP
1720728245.122481,C5hp1yYZCkBtsmOz7,192.168.1.4,33422.0,192.168.1.1,53.0,udp,10.058896780014038,118.0,188.0,SF,1.0,1.0,0.0,ShAdDafrF,18.0,1062.0,17.0,1056.0,DNS
1720729834.050274,Cl7Url17VGpGcu4k3,192.168.1.6,43360.0,192.168.1.4,21.0,tcp,11.05765414237976,125.0,188.0,SF,1.0,1.0,0.0,ShAdDafrF,18.0,1069.0,17.0,1056.0,FTP
1720727765.814049,C3AILd101BoxqLaO23,192.168.1.4,59012.0,192.168.1.1,53.0,udp,11.05765414237976,125.0,188.0,SF,1.0,1.0,0.0,ShAdDafrF,18.0,1069.0,17.0,1056.0,DNS
1720729658.134198,CQFXvj2BkqJ3rfC0Pg,192.168.1.6,55796.0,192.168.1.4,21.0,tcp,9.634176969528198,150.0,188.0,SF,1.0,1.0,0.0,ShAdDafrF,18.0,1094.0,17.0,1056.0,FTP
1720728272.14317,C8mUpZ2oNN6Npod1C1,192.168.1.4,42400.0,104.96.220.105,80.0,tcp,0.000196933746337,150.0,188.0,SF,0.0,1.0,0.0,ShAdDafrF,18.0,1094.0,17.0,1056.0,HTTP
1720731909.079233,CBIXo53Fxhz9YkKXS6,192.168.1.6,49978.0,192.168.1.4,21.0,tcp,10.03750705718994,145.0,188.0,SF,1.0,1.0,0.0,ShAdDafFr,18.0,1089.0,17.0,1056.0,FTP
1720730576.433851,CWDv18Z06MxuMjivf,192.168.1.6,39496.0,192.168.1.4,21.0,tcp,10.292618989944458,132.0,188.0,SF,1.0,1.0,0.0,ShAdDafrF,18.0,1076.0,17.0,1056.0,FTP
1720728413.706367,ClC70B2GKzvUR3FsCl,192.168.1.6,47016.0,192.168.1.4,21.0,tcp,10.14600706100464,117.0,188.0,SF,1.0,1.0,0.0,ShAdDafrF,18.0,1061.0,17.0,1056.0,FTP
1720731329.168983,CqPjeA1wrEAtD5B9zj,192.168.1.6,35250.0,192.168.1.4,21.0,tcp,10.969502925872805,167.0,188.0,SF,1.0,1.0,0.0,ShAdDafrF,18.0,1111.0,17.0,1056.0,FTP
1720727822.178737,CRiolh4vr2XYedQGk1,192.168.1.6,44984.0,192.168.1.4,21.0,tcp,9.116919040679932,118.0,188.0,SF,1.0,1.0,0.0,ShAdDafFr,18.0,1062.0,17.0,1056.0,FTP
1720728320.820263,CfrNIN1onGB42YR2uj,192.168.1.6,35710.0,192.168.1.4,21.0,tcp,10.452370166778564,118.0,188.0,SF,1.0,1.0,0.0,ShAdDafFr,18.0,1062.0,17.0,1056.0,FTP
1720730626.931167,CUEX6r17vPDhcjpmR5,192.168.1.6,45096.0,192.168.1.4,21.0,tcp,10.701449155807495,130.0,188.0,SF,1.0,1.0,0.0,ShAdDafrF,18.0,1074.0,17.0,1056.0,FTP
1720731564.941383,CjV7ze1KyxKmSTXf,192.168.1.6,39840.0,192.168.1.4,21.0,tcp,9.66468620300293,133.0,188.0,SF,1.0,1.0,0.0,ShAdDafrF,18.0,1077.0,17.0,1056.0,FTP
1720728340.269072,C02gct4ztIzA7hpkP4,192.168.1.6,38770.0,192.168.1.4,21.0,tcp,10.254056930541992,118.0,188.0,SF,1.0,1.0,0.0,ShAdDafrF,18.0,1062.0,17.0,1056.0,FTP
1720727914.205439,CC1Nj32rXX5I1ikM1l,192.168.1.4,51668.0,13.224.214.32,443.0,tcp,0.043833971023559,1725.0,4798.0,SF,1.0,0.0,0.0,ShADFadRfR,8.0,2101.0,6.0,5118.0,HTTPS
1720731117.11628,Ct0HhH1jTVACirKAd2,192.168.1.6,57574.0,192.168.1.4,21.0,tcp,9.49475884437561,108.0,188.0,SF,1.0,1.0,0.0,ShAdDafFr,18.0,1052.0,17.0,1056.0,FTP
1720730996.147781,CgcDVO20HNm5K3rKxj,192.168.1.6,44280.0,192.168.1.4,21.0,tcp,10.638885021209717,124.0,188.0,SF,1.0,1.0,0.0,ShAdDafrF,18.0,1068.0,17.0,1056.0,FTP
1720729169.78362,CBq6t22SBVXlCJ03W8,192.168.1.6,38336.0,192.168.1.4,21.0,tcp,9.311794996261597,123.0,188.0,SF,1.0,1.0,0.0,ShAdDafrF,18.0,1067.0,17.0,1056.0,FTP
1720731266.499108,CTB4kD3TkLuawKE7dh,192.168.1.6,32776.0,192.168.1.4,21.0,tcp,9.353619813919067,171.0,188.0,SF,1.0,1.0,0.0,ShAdDafFr,18.0,1115.0,17.0,1056.0,FTP
1720729205.838072,C6bd6V2dCVUSRXtbh1,192.168.1.6,56338.0,192.168.1.4,21.0,tcp,10.47608995437622,117.0,188.0,SF,1.0,1.0,0.0,ShAdDafrF,18.0,1061.0,17.0,1056.0,FTP
1720728186.205624,CuD3GE4ptvegN8UPIb,192.168.1.4,50726.0,54.167.187.94,443.0,tcp,22.54486584663391,2618.0,6030.0,SF,1.0,0.0,0.0,ShADadFf,14.0,3354.0,13.0,6714.0,HTTPS
1720727883.606979,CP8pXE4QNsUSXnM7k4,192.168.1.4,53098.0,45.60.73.20,443.0,tcp,60.129815101623535,1782.0,5697.0,RSTO,1.0,0.0,0.0,ShADadfR,12.0,2426.0,15.0,6485.0,HTTPS
1720729942.621033,COlMMt42rK8u4ytSZg,192.168.1.6,47776.0,192.168.1.4,21.0,tcp,10.336812019348145,124.0,188.0,SF,1.0,1.0,0.0,ShAdDafFr,18.0,1068.0,17.0,1056.0,FTP
1720728305.882936,Ciw4HJ2vKK66UWiyi5,192.168.1.4,41776.0,13.224.214.23,443.0,tcp,10.336812019348145,124.0,188.0,SF,1.0,1.0,0.0,ShAdDafFr,18.0,1068.0,17.0,1056.0,HTTPS
1720731860.863858,CV6YwX1Oj375cyAfTj,192.168.1.6,41072.0,192.168.1.4,21.0,tcp,10.729254007339478,117.0,188.0,SF,1.0,1.0,0.0,ShAdDafrF,18.0,1061.0,17.0,1056.0,FTP
1720730738.224241,CjbWHgxz28Ec8vrRa,192.168.1.6,52466.0,192.168.1.4,21.0,tcp,10.3440420627594,122.0,188.0,SF,1.0,1.0,0.0,ShAdDafrF,18.0,1066.0,17.0,1056.0,FTP
1720728696.432815,Cq4Oz21txASfSGmI03,192.168.1.6,40136.0,192.168.1.4,21.0,tcp,11.035423040390016,131.0,188.0,SF,1.0,1.0,0.0,ShAdDafrF,18.0,1075.0,17.0,1056.0,FTP
1720728673.854485,CdWHxK3YvVuPwwimRa,192.168.1.6,41426.0,192.168.1.4,21.0,tcp,10.496587991714478,144.0,188.0,SF,1.0,1.0,0.0,ShAdDafrF,18.0,1088.0,17.0,1056.0,FTP
1720729539.225488,COH9VD3Buke9ovcqMl,192.168.1.6,37732.0,192.168.1.4,21.0,tcp,10.757149934768677,115.0,188.0,SF,1.0,1.0,0.0,ShAdDafrF,18.0,1059.0,17.0,1056.0,FTP
1720728155.063438,CzcNhxQS7pnOARxu2,192.168.1.4,50638.0,192.168.1.1,53.0,udp,10.757149934768677,115.0,188.0,SF,1.0,1.0,0.0,ShAdDafrF,18.0,1059.0,17.0,1056.0,DNS
1720728729.959604,CPIMTO2QnPo88SEhU8,192.168.1.6,59620.0,192.168.1.4,21.0,tcp,10.094372987747192,138.0,188.0,SF,1.0,1.0,0.0,ShAdDafrF,18.0,1082.0,17.0,1056.0,FTP
1720730785.723515,CrAYLI23HwrHizRYzk,192.168.1.6,45406.0,192.168.1.4,21.0,tcp,10.18637204170227,123.0,188.0,SF,1.0,1.0,0.0,ShAdDafrF,18.0,1067.0,17.0,1056.0,FTP
1720728935.154586,CcEjEk2twQ5YbFXicd,192.168.1.6,42398.0,192.168.1.4,21.0,tcp,10.18669891357422,152.0,188.0,SF,1.0,1.0,0.0,ShAdDafrF,18.0,1096.0,17.0,1056.0,FTP
1720728096.904691,CLh81r3diAfmxdtF46,192.168.1.4,55068.0,146.75.28.84,443.0,tcp,60.41561603546143,1822.0,5821.0,SF,1.0,0.0,0.0,ShADadFfR,12.0,2430.0,12.0,6453.0,HTTPS
1720728802.694695,Cs3xwA2OekkSJ0rHO,192.168.1.6,45204.0,192.168.1.4,21.0,tcp,10.13145399093628,119.0,188.0,SF,1.0,1.0,0.0,ShAdDafrF,18.0,1063.0,17.0,1056.0,FTP
1720727825.116523,C04q0M1DwR6VEylHD,192.168.1.4,42500.0,142.250.80.34,443.0,tcp,10.13145399093628,119.0,188.0,SF,1.0,1.0,0.0,ShAdDafrF,18.0,1063.0,17.0,1056.0,HTTPS
1720731197.899553,CLXimF4fJYOYgBPA9i,192.168.1.6,35250.0,192.168.1.4,21.0,tcp,9.535915851593018,122.0,188.0,SF,1.0,1.0,0.0,ShAdDafrF,18.0,1066.0,17.0,1056.0,FTP
1720729092.746649,CwqCo73I8oJyn10w12,192.168.1.6,50640.0,192.168.1.4,21.0,tcp,10.930938005447388,116.0,188.0,SF,1.0,1.0,0.0,ShAdDafrF,18.0,1060.0,17.0,1056.0,FTP
1720727916.254454,CeJrB1359H0NSm3wZ7,192.168.1.4,34343.0,192.168.1.1,53.0,udp,10.930938005447388,116.0,188.0,SF,1.0,1.0,0.0,ShAdDafrF,18.0,1060.0,17.0,1056.0,DNS
1720728223.644663,CaSjo94kdk3Yb6vwVg,192.168.1.6,34534.0,192.168.1.4,21.0,tcp,10.037648916244509,118.0,188.0,SF,1.0,1.0,0.0,ShAdDafFr,18.0,1062.0,17.0,1056.0,FTP
1720728550.261535,CLXW6fgdwF3oplyAl,192.168.1.6,33058.0,192.168.1.4,21.0,tcp,10.425686120986938,118.0,188.0,SF,1.0,1.0,0.0,ShAdDafrF,18.0,1062.0,17.0,1056.0,FTP
1720728368.526519,CoAwl5nVIdweBE0D2,192.168.1.6,46738.0,192.168.1.4,21.0,tcp,9.672448873519896,117.0,188.0,SF,1.0,1.0,0.0,ShAdDafrF,18.0,1061.0,17.0,1056.0,FTP
1720731027.016683,Co22gYYFB389F1fn,192.168.1.6,43556.0,192.168.1.4,21.0,tcp,10.244740962982178,132.0,188.0,SF,1.0,1.0,0.0,ShAdDafrF,18.0,1076.0,17.0,1056.0,FTP
1720730249.574773,CcaNaJqfLUUUotbfj,192.168.1.6,59356.0,192.168.1.4,21.0,tcp,10.765575885772703,127.0,188.0,SF,1.0,1.0,0.0,ShAdDafrF,18.0,1071.0,17.0,1056.0,FTP
1720728516.259957,Cey9XT3wrmxnmPW6Pg,192.168.1.6,48346.0,192.168.1.4,21.0,tcp,9.971487998962402,117.0,188.0,SF,1.0,1.0,0.0,ShAdDafrF,18.0,1061.0,17.0,1056.0,FTP
1720728336.188014,CoKHD17k31VnwI2F,192.168.1.4,44134.0,192.168.1.1,53.0,udp,9.971487998962402,117.0,188.0,SF,1.0,1.0,0.0,ShAdDafrF,18.0,1061.0,17.0,1056.0,DNS
1720731670.383755,Cv2pBx1mvzkJSQ6bf7,192.168.1.6,43466.0,192.168.1.4,21.0,tcp,9.592649936676024,154.0,188.0,SF,1.0,1.0,0.0,ShAdDafrF,18.0,1098.0,17.0,1056.0,FTP
1720727794.496177,CF6Smm1ZX6wIKZMeB,192.168.1.4,59214.0,31.13.71.7,443.0,tcp,65.16174507141113,2978.0,77007.0,SF,1.0,0.0,0.0,ShADadfF,41.0,5118.0,68.0,80551.0,HTTPS
1720731420.994265,CMmVh42RGgEocH1VXe,192.168.1.6,38998.0,192.168.1.4,21.0,tcp,10.98612093925476,138.0,188.0,SF,1.0,1.0,0.0,ShAdDafrF,18.0,1082.0,17.0,1056.0,FTP
1720728990.062,CEC4qp3zDegt67CjEf,192.168.1.6,34094.0,192.168.1.4,21.0,tcp,10.172380924224854,122.0,188.0,SF,1.0,1.0,0.0,ShAdDafFr,18.0,1066.0,17.0,1056.0,FTP
1720728697.758759,CpKNC23mDNMdJgd69f,192.168.1.6,40164.0,192.168.1.4,21.0,tcp,10.72150492668152,138.0,188.0,SF,1.0,1.0,0.0,ShAdDafrF,18.0,1082.0,17.0,1056.0,FTP
1720728875.693348,CwTICX36Pfp14TYlM8,192.168.1.6,38066.0,192.168.1.4,21.0,tcp,8.740808010101318,156.0,188.0,SF,1.0,1.0,0.0,ShAdDafrF,18.0,1100.0,17.0,1056.0,FTP
1720731672.769547,Cj6WCx2cN1QyBBBtXc,192.168.1.6,43468.0,192.168.1.4,21.0,tcp,10.494619131088257,147.0,188.0,SF,1.0,1.0,0.0,ShAdDafrF,18.0,1091.0,17.0,1056.0,FTP
1720728246.242731,Cdsz9F2JKawvsvXFw7,192.168.1.4,44051.0,192.168.1.1,53.0,udp,0.004078865051269,62.0,233.0,SF,1.0,1.0,0.0,Dd,1.0,90.0,1.0,261.0,DNS
1720728216.260871,CF9ZPK3MchbSsyIsRe,192.168.1.4,55170.0,162.159.133.233,443.0,tcp,0.042431116104125,1888.0,3795.0,SF,1.0,0.0,0.0,ShADadFRfR,9.0,2340.0,7.0,4167.0,HTTPS
1720728215.818586,CdLpu214THgKiAzw1k,192.168.1.4,47286.0,192.168.1.1,53.0,udp,0.042431116104125,1888.0,3795.0,SF,1.0,0.0,0.0,ShADadFRfR,9.0,2340.0,7.0,4167.0,DNS
1720727915.52812,Cb6aOA49OWlw2FraD6,192.168.1.4,42911.0,192.168.1.1,53.0,udp,0.001870870590209,50.0,107.0,SF,1.0,1.0,0.0,Dd,1.0,78.0,1.0,135.0,DNS
1720731432.049109,C3u1HC3l2gKnp2t8si,192.168.1.6,35490.0,192.168.1.4,21.0,tcp,10.210371017456056,129.0,188.0,SF,1.0,1.0,0.0,ShAdDafFr,18.0,1073.0,17.0,1056.0,FTP
1720729473.502695,CYz1qm3JlZEKzcrGCk,192.168.1.6,49974.0,192.168.1.4,21.0,tcp,10.359514951705933,153.0,188.0,SF,1.0,1.0,0.0,ShAdDafrF,18.0,1097.0,17.0,1056.0,FTP
1720728211.933962,C9kFxP3LcZXHUo3AR1,192.168.1.4,52034.0,192.168.1.1,53.0,udp,0.001346826553344,49.0,113.0,SF,1.0,1.0,0.0,Dd,1.0,77.0,1.0,141.0,DNS
1720728034.699845,ChXOBM3WOOaf5SmTuc,192.168.1.4,43008.0,104.96.220.114,443.0,udp,0.001346826553344,49.0,113.0,SF,1.0,1.0,0.0,Dd,1.0,77.0,1.0,141.0,HTTPS
1720728277.951374,CpSwOp1DQjN2Lel0h1,192.168.1.4,54949.0,192.168.1.1,53.0,udp,0.001346826553344,49.0,113.0,SF,1.0,1.0,0.0,Dd,1.0,77.0,1.0,141.0,DNS
1720731381.884925,CLecpc1nzkpIeKdg9,192.168.1.6,46338.0,192.168.1.4,21.0,tcp,9.31364607810974,162.0,188.0,SF,1.0,1.0,0.0,ShAdDafrF,18.0,1106.0,17.0,1056.0,FTP
1720728125.358155,CXf1rfSy5t0166Ac8,192.168.1.4,50841.0,192.168.1.1,53.0,udp,0.008922100067138,42.0,126.0,SF,1.0,1.0,0.0,Dd,1.0,70.0,1.0,154.0,DNS
1720730867.725717,C6HtEC1H5LAFIWAEr3,192.168.1.6,39126.0,192.168.1.4,21.0,tcp,9.623531818389893,124.0,188.0,SF,1.0,1.0,0.0,ShAdDafrF,18.0,1068.0,17.0,1056.0,FTP
1720728186.919711,CH9am3HzG0pjdv5Ph,192.168.1.4,59114.0,23.205.106.81,443.0,tcp,21.838169813156128,5186.0,1309.0,SF,1.0,0.0,0.0,ShADadFfR,12.0,5794.0,12.0,1941.0,HTTPS
1720731267.514369,CVriy04AFTvcnQqax1,192.168.1.6,32810.0,192.168.1.4,21.0,tcp,9.278848886489868,167.0,188.0,SF,1.0,1.0,0.0,ShAdDafrF,18.0,1111.0,17.0,1056.0,FTP
1720728346.318975,CwVA6e44vhcbAtAinc,192.168.1.6,46258.0,192.168.1.4,21.0,tcp,10.54048991203308,115.0,188.0,SF,1.0,1.0,0.0,ShAdDafrF,18.0,1059.0,17.0,1056.0,FTP
1720728154.758687,CkpxtW1X3kdXtnA9ib,192.168.1.4,40552.0,103.10.4.227,443.0,tcp,10.54048991203308,115.0,188.0,SF,1.0,1.0,0.0,ShAdDafrF,18.0,1059.0,17.0,1056.0,HTTPS
1720731227.388416,CKVwu44xzebcCCm6nb,192.168.1.6,48698.0,192.168.1.4,21.0,tcp,9.945152044296265,126.0,188.0,SF,1.0,1.0,0.0,ShAdDafrF,18.0,1070.0,17.0,1056.0,FTP
1720728034.40206,CXcHhd1zzOSD3FKpZ6,192.168.1.4,35788.0,144.118.67.10,443.0,tcp,9.945152044296265,126.0,188.0,SF,1.0,1.0,0.0,ShAdDafrF,18.0,1070.0,17.0,1056.0,HTTPS
1720731935.81981,CdtYrL2jWj2ljA4zE7,192.168.1.6,33062.0,192.168.1.4,21.0,tcp,10.14088010787964,194.0,188.0,SF,1.0,1.0,0.0,ShAdDafrF,18.0,1138.0,17.0,1056.0,FTP
1720728125.430127,CaBf1v4d7DKNtlrBH5,192.168.1.4,38713.0,192.168.1.1,53.0,udp,0.002691984176635,80.0,150.0,SF,1.0,1.0,0.0,Dd,1.0,108.0,1.0,178.0,DNS
1720729971.801269,CUNDszBxDt4AHYKga,192.168.1.6,36248.0,192.168.1.4,21.0,tcp,10.418447971343994,121.0,188.0,SF,1.0,1.0,0.0,ShAdDafrF,18.0,1065.0,17.0,1056.0,FTP
1720728623.782973,CGP3e44g5IEIfNg4sb,192.168.1.6,36680.0,192.168.1.4,21.0,tcp,10.10824489593506,120.0,188.0,SF,1.0,1.0,0.0,ShAdDafrF,18.0,1064.0,17.0,1056.0,FTP
1720730288.631927,CHwYQy1pn2xw6OaMfa,192.168.1.6,51064.0,192.168.1.4,21.0,tcp,10.49954390525818,122.0,188.0,SF,1.0,1.0,0.0,ShAdDafFr,18.0,1066.0,17.0,1056.0,FTP
1720728219.986961,C6eFY4uSluwtwKqKe,192.168.1.4,49300.0,20.110.205.119,443.0,tcp,0.0,122.0,188.0,SF,0.0,1.0,0.0,ShAdDafFr,18.0,1066.0,17.0,1056.0,HTTPS
1720731612.770931,CRnGnOVQHvLjH2cIk,192.168.1.6,37972.0,192.168.1.4,21.0,tcp,8.973828077316284,175.0,188.0,SF,1.0,1.0,0.0,ShAdDafrF,18.0,1119.0,17.0,1056.0,FTP
1720728856.202404,C709tN2jMMkEokiBcb,192.168.1.6,50632.0,192.168.1.4,21.0,tcp,9.326916933059692,144.0,188.0,SF,1.0,1.0,0.0,ShAdDafrF,18.0,1088.0,17.0,1056.0,FTP
1720728695.339582,CDjWvx3foQdzsqVBm,192.168.1.6,40126.0,192.168.1.4,21.0,tcp,10.476733922958374,140.0,188.0,SF,1.0,1.0,0.0,ShAdDafFr,18.0,1084.0,17.0,1056.0,FTP
1720727853.502535,Cza0Jb27j2zu8IWvgh,192.168.1.4,60047.0,192.168.1.1,53.0,udp,10.476733922958374,140.0,188.0,SF,1.0,1.0,0.0,ShAdDafFr,18.0,1084.0,17.0,1056.0,DNS
1720730485.858528,CKxKka2VUzT8zOiVjb,192.168.1.6,48658.0,192.168.1.4,21.0,tcp,9.302242040634155,129.0,188.0,SF,1.0,1.0,0.0,ShAdDafFr,18.0,1073.0,17.0,1056.0,FTP
1720730536.71596,C48HBl44eLOfHeQrK9,192.168.1.6,58710.0,192.168.1.4,21.0,tcp,9.638629913330078,128.0,188.0,SF,1.0,1.0,0.0,ShAdDafrF,18.0,1072.0,17.0,1056.0,FTP
1720731107.563685,CV8gnZ2j3vXAbL8ex8,192.168.1.6,40366.0,192.168.1.4,21.0,tcp,10.60371208190918,114.0,188.0,SF,1.0,1.0,0.0,ShAdDafFr,18.0,1058.0,17.0,1056.0,FTP
1720730379.871017,CVq56e37dKUWJyBVna,192.168.1.6,33460.0,192.168.1.4,21.0,tcp,10.780481100082396,126.0,188.0,SF,1.0,1.0,0.0,ShAdDafFr,18.0,1070.0,17.0,1056.0,FTP
1720728034.878203,CM1w67391iV35Cklhl,192.168.1.4,38852.0,192.168.1.1,53.0,udp,0.017933130264282,50.0,321.0,SF,1.0,1.0,0.0,Dd,1.0,78.0,1.0,349.0,DNS
1720728468.500667,CLSguZ21MosQzpm9y1,192.168.1.6,41008.0,192.168.1.4,21.0,tcp,8.857733964920044,118.0,188.0,SF,1.0,1.0,0.0,ShAdDafrF,18.0,1062.0,17.0,1056.0,FTP
1720727854.239906,CAXSjR31ymSWzT0JD6,192.168.1.4,59839.0,192.168.1.1,53.0,udp,0.005582809448242,46.0,103.0,SF,1.0,1.0,0.0,Dd,1.0,74.0,1.0,131.0,DNS
1720729972.278155,CkOOq22RPZ5IrKevoa,192.168.1.6,36250.0,192.168.1.4,21.0,tcp,10.415280818939207,123.0,188.0,SF,1.0,1.0,0.0,ShAdDafrF,18.0,1067.0,17.0,1056.0,FTP
1720731177.761273,CT9Qwm1dmBOSyVha5j,192.168.1.6,44634.0,192.168.1.4,21.0,tcp,9.96695113182068,114.0,188.0,SF,1.0,1.0,0.0,ShAdDafFr,18.0,1058.0,17.0,1056.0,FTP
1720729141.564175,CcuJl94c0ZASNIv19l,192.168.1.6,47450.0,192.168.1.4,21.0,tcp,11.379860162734984,132.0,188.0,SF,1.0,1.0,0.0,ShAdDafrF,18.0,1076.0,17.0,1056.0,FTP
1720727915.605943,CfBU8d4H20t9WZIAR2,192.168.1.4,52009.0,34.128.128.0,443.0,tcp,11.379860162734984,132.0,188.0,SF,1.0,1.0,0.0,IIiishhHH,18.0,1076.0,17.0,1056.0,HTTPS
1720731104.994782,CliR5g4ROJn365yaUf,192.168.1.6,40342.0,192.168.1.4,21.0,tcp,9.630962133407593,109.0,188.0,SF,1.0,1.0,0.0,ShAdDafrF,18.0,1053.0,17.0,1056.0,FTP
1720730152.920628,CyOKSL3PRcgzzHGvcl,192.168.1.6,55618.0,192.168.1.4,21.0,tcp,9.820278882980348,136.0,188.0,SF,1.0,1.0,0.0,ShAdDafrF,18.0,1080.0,17.0,1056.0,FTP
1720729188.836271,Cpcr8J34XFA6hZ4zuf,192.168.1.6,50180.0,192.168.1.4,21.0,tcp,10.607110023498535,132.0,188.0,SF,1.0,1.0,0.0,ShAdDafrF,18.0,1076.0,17.0,1056.0,FTP
1720727884.885923,CuTy8V1tidibrPDcz5,192.168.1.4,53031.0,192.168.1.1,53.0,udp,0.002631187438964,56.0,315.0,SF,1.0,1.0,0.0,Dd,1.0,84.0,1.0,343.0,DNS
1720728034.700492,CYPf0g1C12m6ofUfJa,192.168.1.4,43012.0,104.96.220.114,443.0,udp,0.002631187438964,56.0,315.0,SF,1.0,1.0,0.0,Dd,1.0,84.0,1.0,343.0,HTTPS
1720729432.446085,CUsHVRFXY4yCXH9H7,192.168.1.4,55400.0,192.168.1.1,53.0,udp,0.023338079452514,43.0,351.0,SF,1.0,1.0,0.0,Dd,1.0,71.0,1.0,379.0,DNS
1720727765.825177,CY84SS1mRUdQSYnKL7,192.168.1.4,35013.0,192.168.1.1,53.0,udp,0.007779121398925,127.0,127.0,SF,1.0,1.0,0.0,Dd,3.0,211.0,3.0,211.0,DNS
1720727793.877436,C7TzII2ASJoYXrDyd2,192.168.1.4,41995.0,192.168.1.1,53.0,udp,0.005949020385742,53.0,324.0,SF,1.0,1.0,0.0,Dd,1.0,81.0,1.0,352.0,DNS
1720728305.840808,Cboy8f2GfPiAo2TpVf,192.168.1.4,33011.0,192.168.1.1,53.0,udp,0.013591051101684,51.0,154.0,SF,1.0,1.0,0.0,Dd,1.0,79.0,1.0,182.0,DNS
1720731002.854147,CB2REz1lMCG63zLM27,192.168.1.6,44302.0,192.168.1.4,21.0,tcp,10.698760032653809,120.0,188.0,SF,1.0,1.0,0.0,ShAdDafrF,18.0,1064.0,17.0,1056.0,FTP
1720729603.973009,CwjqGW2QaHnCkHbkI,192.168.1.6,48508.0,192.168.1.4,21.0,tcp,10.054820775985718,109.0,188.0,SF,1.0,1.0,0.0,ShAdDafrF,18.0,1053.0,17.0,1056.0,FTP
1720728399.666037,CY2qvs4ZdaPVrGtADa,192.168.1.6,60276.0,192.168.1.4,21.0,tcp,10.195993900299072,118.0,188.0,SF,1.0,1.0,0.0,ShAdDafFr,18.0,1062.0,17.0,1056.0,FTP
1720731412.974746,C7nMxQD0F2UdgWGHl,192.168.1.6,38936.0,192.168.1.4,21.0,tcp,10.243540048599243,147.0,188.0,SF,1.0,1.0,0.0,ShAdDafrF,18.0,1091.0,17.0,1056.0,FTP
1720727973.845574,CrHQveW2Y584VvUgl,192.168.1.4,39353.0,192.168.1.1,53.0,udp,0.013942003250122,46.0,164.0,SF,1.0,1.0,0.0,Dd,1.0,74.0,1.0,192.0,DNS
1720731087.657921,C1LnSq2tI5LiajMoPd,192.168.1.6,51536.0,192.168.1.4,21.0,tcp,9.90477991104126,128.0,188.0,SF,1.0,1.0,0.0,ShAdDafrF,18.0,1072.0,17.0,1056.0,FTP
1720730649.491204,COu9wn3gvjGeOUOyua,192.168.1.6,33026.0,192.168.1.4,21.0,tcp,10.843666076660156,142.0,188.0,SF,1.0,1.0,0.0,ShAdDafrF,18.0,1086.0,17.0,1056.0,FTP
1720728096.370616,CQr3xk3tSFWoRlxka,192.168.1.4,49828.0,192.168.1.1,53.0,udp,10.843666076660156,142.0,188.0,SF,1.0,1.0,0.0,ShAdDafrF,18.0,1086.0,17.0,1056.0,DNS
1720731217.253554,CJSfso1FplY6pH0wo5,192.168.1.6,51986.0,192.168.1.4,21.0,tcp,10.30108380317688,122.0,188.0,SF,1.0,1.0,0.0,ShAdDafrF,18.0,1066.0,17.0,1056.0,FTP
1720728034.424655,CuAAZb3Aw0pzkzL1cl,192.168.1.4,35802.0,144.118.67.10,443.0,tcp,10.30108380317688,122.0,188.0,SF,1.0,1.0,0.0,ShAdDafrF,18.0,1066.0,17.0,1056.0,HTTPS
1720727794.624763,CHGjwV2gMKAbWZvsLh,192.168.1.4,43521.0,31.13.71.7,443.0,udp,0.064469099044799,2802.0,4575.0,SF,1.0,0.0,0.0,Dd,7.0,2998.0,10.0,4855.0,HTTPS
1720728335.500881,CJ7e222U8WjoXaczx7,192.168.1.4,59259.0,104.18.32.115,443.0,udp,0.064469099044799,2802.0,4575.0,SF,1.0,0.0,0.0,IIiiiIhhhHH,7.0,2998.0,10.0,4855.0,HTTPS
1720730679.191529,CHPxrPt8G7Tn9PATa,192.168.1.6,42256.0,192.168.1.4,21.0,tcp,9.259454011917114,120.0,188.0,SF,1.0,1.0,0.0,ShAdDafrF,18.0,1064.0,17.0,1056.0,FTP
1720727764.257912,CcrFsL1BFj2YhjWINi,192.168.1.4,48234.0,13.107.246.40,443.0,tcp,90.08203196525574,3076.0,7891.0,SF,1.0,0.0,0.0,ShADadFfRR,17.0,3944.0,20.0,8939.0,HTTPS
1720728730.068491,C8rVsu2TDb9du7ZvFf,192.168.1.6,59660.0,192.168.1.4,21.0,tcp,10.082235097885132,140.0,188.0,SF,1.0,1.0,0.0,ShAdDafrF,18.0,1084.0,17.0,1056.0,FTP
1720727914.86801,CPUn2j2Av0Epmu5HRi,192.168.1.4,46402.0,13.224.214.16,443.0,tcp,240.5062539577484,2475.0,60048.0,SF,1.0,0.0,0.0,ShADadFf,39.0,4511.0,48.0,62552.0,HTTPS
1720729226.169945,CkkJHc1UKHOp6Jl129,192.168.1.6,34958.0,192.168.1.4,21.0,tcp,10.6526939868927,123.0,188.0,SF,1.0,1.0,0.0,ShAdDafrF,18.0,1067.0,17.0,1056.0,FTP
1720727793.300216,CvZ3BrpfHiTUsfRPe,192.168.1.4,35988.0,192.168.1.1,53.0,udp,10.6526939868927,123.0,188.0,SF,1.0,1.0,0.0,ShAdDafrF,18.0,1067.0,17.0,1056.0,DNS
1720728273.061687,CZR6YfhE9pcJ3ypB8,192.168.1.4,40738.0,192.168.1.1,53.0,udp,10.6526939868927,123.0,188.0,SF,1.0,1.0,0.0,ShAdDafrF,18.0,1067.0,17.0,1056.0,DNS
1720731108.099927,C2fCkU3atDSvhgL0da,192.168.1.6,40464.0,192.168.1.4,21.0,tcp,10.404746055603027,117.0,188.0,SF,1.0,1.0,0.0,ShAdDafrF,18.0,1061.0,17.0,1056.0,FTP
1720727765.582627,CKg8vY1QCRrB1Q30w1,192.168.1.4,43295.0,192.168.1.1,53.0,udp,0.010905027389526,43.0,430.0,SF,1.0,1.0,0.0,Dd,1.0,71.0,1.0,458.0,DNS
1720731356.907804,CZ8xbG1c8i6L6kidQ3,192.168.1.6,35706.0,192.168.1.4,21.0,tcp,10.134476900100708,159.0,188.0,SF,1.0,1.0,0.0,ShAdDafFr,18.0,1103.0,17.0,1056.0,FTP
1720727884.863053,Co6saO1PiEaTiv3iRc,192.168.1.4,38470.0,192.168.1.1,53.0,udp,10.134476900100708,159.0,188.0,SF,1.0,1.0,0.0,ShAdDafFr,18.0,1103.0,17.0,1056.0,DNS
1720728187.147033,CTUQzM2eCw5O2GiF34,192.168.1.6,42718.0,192.168.1.4,21.0,tcp,10.111581087112429,118.0,188.0,SF,1.0,1.0,0.0,ShAdDafrF,18.0,1062.0,17.0,1056.0,FTP
1720727915.389007,CaxozC172c5kj2wMJ2,192.168.1.4,54779.0,192.168.1.1,53.0,udp,0.002234935760498,44.0,635.0,SF,1.0,1.0,0.0,Dd,1.0,72.0,1.0,663.0,DNS
1720728305.102941,CzBmaQ31vslpEjXlo7,192.168.1.4,52207.0,192.168.1.1,53.0,udp,0.062792062759399,37.0,119.0,SF,1.0,1.0,0.0,Dd,1.0,65.0,1.0,147.0,DNS
1720728157.326173,Cvh1Ndg9fAd7MAur1,192.168.1.4,47536.0,20.114.189.135,443.0,udp,0.062792062759399,37.0,119.0,SF,1.0,1.0,0.0,Dd,1.0,65.0,1.0,147.0,HTTPS
1720729915.478239,CRsC7emvWiVP1qUrg,192.168.1.6,45536.0,192.168.1.4,21.0,tcp,9.749398946762083,145.0,188.0,SF,1.0,1.0,0.0,ShAdDafrF,18.0,1089.0,17.0,1056.0,FTP
1720728729.773376,CPaehw3nSkyDLYiRJa,192.168.1.6,59596.0,192.168.1.4,21.0,tcp,10.095531940460203,138.0,188.0,SF,1.0,1.0,0.0,ShAdDafrF,18.0,1082.0,17.0,1056.0,FTP
1720727794.67059,CVTi9S3zNjpXtw4gt9,192.168.1.4,42081.0,192.168.1.1,53.0,udp,10.095531940460203,138.0,188.0,SF,1.0,1.0,0.0,ShAdDafrF,18.0,1082.0,17.0,1056.0,DNS
1720728186.016791,CCvKpY3hPNts8V5lQl,192.168.1.4,49182.0,23.205.106.91,443.0,tcp,22.7599139213562,7029.0,20397.0,SF,1.0,0.0,0.0,ShADadFRf,20.0,8053.0,20.0,21445.0,HTTPS
1720729729.568638,Ck86H83itOC2wPw0wk,192.168.1.6,37966.0,192.168.1.4,21.0,tcp,9.9475519657135,111.0,188.0,SF,1.0,1.0,0.0,ShAdDafFr,18.0,1055.0,17.0,1056.0,FTP
1720731602.269671,CeoGO74xwaddnQlmX8,192.168.1.6,60934.0,192.168.1.4,21.0,tcp,10.526875019073486,163.0,188.0,SF,1.0,1.0,0.0,ShAdDafFr,18.0,1107.0,17.0,1056.0,FTP
1720731524.166239,CbH8UY2C5sCDVA4QSh,192.168.1.6,46476.0,192.168.1.4,21.0,tcp,10.105016946792604,146.0,188.0,SF,1.0,1.0,0.0,ShAdDafFr,18.0,1090.0,17.0,1056.0,FTP
1720727885.419109,Ci7bEtqXWpD1hWUtf,192.168.1.4,43010.0,18.204.162.238,443.0,tcp,70.90823197364807,1880.0,5751.0,RSTO,1.0,0.0,0.0,ShADadfR,11.0,2472.0,14.0,6487.0,HTTPS
1720728906.071891,CzCI3L22YNlhjwmGvi,192.168.1.6,43446.0,192.168.1.4,21.0,tcp,9.118618965148926,168.0,188.0,SF,1.0,1.0,0.0,ShAdDafrF,18.0,1112.0,17.0,1056.0,FTP
1720728095.29064,CxM006VMxqi5k3Pn1,192.168.1.4,42112.0,104.108.97.114,443.0,tcp,9.118618965148926,168.0,188.0,SF,1.0,1.0,0.0,ShAdDafrF,18.0,1112.0,17.0,1056.0,HTTPS
1720727766.67299,CKdztb69HoHv8hV7e,192.168.1.4,43697.0,192.168.1.1,53.0,udp,0.001276969909667,71.0,142.0,SF,1.0,1.0,0.0,Dd,1.0,99.0,1.0,170.0,DNS
1720728336.305783,C3Mh0B3NDAE19CrVrf,192.168.1.6,38732.0,192.168.1.4,21.0,tcp,11.128313064575195,118.0,188.0,SF,1.0,1.0,0.0,ShAdDafrF,18.0,1062.0,17.0,1056.0,FTP
1720729203.351374,Cs2Il51OEOYSig81yk,192.168.1.6,56320.0,192.168.1.4,21.0,tcp,9.846644163131714,118.0,188.0,SF,1.0,1.0,0.0,ShAdDafrF,18.0,1062.0,17.0,1056.0,FTP
1720731167.830372,CmWiAg5FGnBoUSQj1,192.168.1.6,41876.0,192.168.1.4,21.0,tcp,9.862370014190674,110.0,188.0,SF,1.0,1.0,0.0,ShAdDafrF,18.0,1054.0,17.0,1056.0,FTP
1720727794.22097,CsOPsm24oibUyHYue8,192.168.1.4,45872.0,142.251.41.3,443.0,tcp,240.0865921974182,2380.0,226786.0,SF,1.0,0.0,0.0,ShADadFf,92.0,7172.0,155.0,234854.0,HTTPS
1720729007.24301,CJ455e10LtOhM0vk0j,192.168.1.6,33888.0,192.168.1.4,21.0,tcp,10.441465854644775,115.0,188.0,SF,1.0,1.0,0.0,ShAdDafFr,18.0,1059.0,17.0,1056.0,FTP
1720730359.028408,CV4slM1TzSjNlNxcK2,192.168.1.6,56772.0,192.168.1.4,21.0,tcp,10.281174898147585,131.0,188.0,SF,1.0,1.0,0.0,ShAdDafrF,18.0,1075.0,17.0,1056.0,FTP
1720727915.545976,Ca2i1V3imbgdq7IgOl,192.168.1.4,51022.0,13.224.214.76,443.0,tcp,240.69508600234985,5940.0,14319.0,SF,1.0,0.0,0.0,ShADadfF,32.0,7612.0,40.0,16407.0,HTTPS
1720731593.49094,C2W04x2VFapE2Duf8d,192.168.1.6,60846.0,192.168.1.4,21.0,tcp,9.813844919204712,150.0,188.0,SF,1.0,1.0,0.0,ShAdDafFr,18.0,1094.0,17.0,1056.0,FTP
1720730414.579133,C30fmA48IEMXPu37ig,192.168.1.6,49580.0,192.168.1.4,21.0,tcp,9.267168998718262,126.0,188.0,SF,1.0,1.0,0.0,ShAdDafrF,18.0,1070.0,17.0,1056.0,FTP
1720729900.887831,CJIzwqq0APfDHQu2b,192.168.1.6,59696.0,192.168.1.4,21.0,tcp,10.373682975769045,128.0,188.0,SF,1.0,1.0,0.0,ShAdDafFr,18.0,1072.0,17.0,1056.0,FTP
1720728305.18874,CAGzSX19LD6xOGocub,192.168.1.4,46156.0,45.60.73.20,443.0,tcp,46.25590205192566,1782.0,5658.0,SF,1.0,0.0,0.0,ShADadFRf,13.0,2442.0,11.0,6238.0,HTTPS
1720731938.062885,CgwPbXnuHYGkGbiy5,192.168.1.6,33088.0,192.168.1.4,21.0,tcp,9.772198915481567,178.0,188.0,SF,1.0,1.0,0.0,ShAdDafrF,18.0,1122.0,17.0,1056.0,FTP
1720731329.354281,CDCpEm7tpflc0TcOi,192.168.1.6,35306.0,192.168.1.4,21.0,tcp,9.6357581615448,151.0,188.0,SF,1.0,1.0,0.0,ShAdDafrF,18.0,1095.0,17.0,1056.0,FTP
1720727854.231885,CrJDXk3ZKWlaC70TIb,192.168.1.4,34390.0,192.96.159.127,443.0,tcp,37.09521198272705,2162.0,752.0,SF,1.0,0.0,0.0,ShADadfF,10.0,2690.0,8.0,1176.0,HTTPS
1720727859.24767,CRuFt5yaAe3blD4K5,192.168.1.4,49574.0,216.239.38.178,443.0,tcp,37.09521198272705,2162.0,752.0,SF,1.0,0.0,0.0,ShADadfF,10.0,2690.0,8.0,1176.0,HTTPS
1720730334.650331,CSAbON2dhY0h18FO32,192.168.1.6,35382.0,192.168.1.4,21.0,tcp,10.581589937210085,119.0,188.0,SF,1.0,1.0,0.0,ShAdDafFr,18.0,1063.0,17.0,1056.0,FTP
1720730616.722484,C7xahX2XuisGooAuxh,192.168.1.6,38864.0,192.168.1.4,21.0,tcp,10.053876876831056,121.0,188.0,SF,1.0,1.0,0.0,ShAdDafrF,18.0,1065.0,17.0,1056.0,FTP
1720727855.698113,ChNvIO3JGTmm9C52Se,192.168.1.6,42256.0,192.168.1.4,21.0,tcp,10.151101112365724,117.0,188.0,SF,1.0,1.0,0.0,ShAdDafFr,18.0,1061.0,17.0,1056.0,FTP
1720728211.949099,Ctv0kN3EsD3d8eVWvi,192.168.1.4,35644.0,23.218.218.191,443.0,tcp,10.151101112365724,117.0,188.0,SF,1.0,1.0,0.0,ShAdDafFr,18.0,1061.0,17.0,1056.0,HTTPS
1720728885.043149,C4FJ6V2CmOKh5ENfia,192.168.1.6,55474.0,192.168.1.4,21.0,tcp,9.247512102127075,157.0,188.0,SF,1.0,1.0,0.0,ShAdDafFr,18.0,1101.0,17.0,1056.0,FTP
1720727974.021761,Cp6BKQ1yvU1icPHjod,192.168.1.4,38142.0,204.235.147.206,443.0,tcp,9.247512102127075,157.0,188.0,SF,1.0,1.0,0.0,ShAdDafFr,18.0,1101.0,17.0,1056.0,HTTPS
1720731764.142842,Cp9uxq2lufHEsDkyJe,192.168.1.6,47976.0,192.168.1.4,21.0,tcp,10.451136827468872,165.0,188.0,SF,1.0,1.0,0.0,ShAdDafrF,18.0,1109.0,17.0,1056.0,FTP
1720728054.344587,ClRwtv4F73UfIxNBH9,192.168.1.4,34124.0,68.67.161.208,443.0,tcp,10.451136827468872,165.0,188.0,SF,1.0,1.0,0.0,ShAdDafrF,18.0,1109.0,17.0,1056.0,HTTPS
1720731081.197936,CDa60p1WYlsQslFKdc,192.168.1.6,57038.0,192.168.1.4,21.0,tcp,10.013247966766356,125.0,188.0,SF,1.0,1.0,0.0,ShAdDafrF,18.0,1069.0,17.0,1056.0,FTP
1720727885.290351,CUVr16476AEpJzn8If,192.168.1.6,53530.0,192.168.1.4,21.0,tcp,10.346985101699827,118.0,188.0,SF,1.0,1.0,0.0,ShAdDafrF,18.0,1062.0,17.0,1056.0,FTP
1720729487.074959,CVwoxc4y6aiCDnpjZ3,192.168.1.6,55908.0,192.168.1.4,21.0,tcp,10.804015874862673,121.0,188.0,SF,1.0,1.0,0.0,ShAdDafrF,18.0,1065.0,17.0,1056.0,FTP
1720728155.575423,CwUWRjCp9nTJ5qFqb,192.168.1.4,46330.0,23.205.106.146,443.0,tcp,53.1814329624176,2472.0,4639.0,SF,1.0,0.0,0.0,ShADadFfR,14.0,3184.0,13.0,5323.0,HTTPS
1720731024.981928,CINL0E3YkojDNGlXmc,192.168.1.6,43456.0,192.168.1.4,21.0,tcp,10.756305932998655,127.0,188.0,SF,1.0,1.0,0.0,ShAdDafrF,18.0,1071.0,17.0,1056.0,FTP
1720727815.785131,CXedX61i7e7NiCDnig,192.168.1.6,44916.0,192.168.1.4,21.0,tcp,9.673403024673462,118.0,188.0,SF,1.0,1.0,0.0,ShAdDafFr,18.0,1062.0,17.0,1056.0,FTP
1720730637.574722,CL9wEQ2W3xFr52yxwd,192.168.1.6,48620.0,192.168.1.4,21.0,tcp,10.909515857696531,135.0,188.0,SF,1.0,1.0,0.0,ShAdDafrF,18.0,1079.0,17.0,1056.0,FTP
1720731826.600548,ClY3ggKcTvh6Gdn52,192.168.1.6,45354.0,192.168.1.4,21.0,tcp,10.258166074752808,193.0,188.0,SF,1.0,1.0,0.0,ShAdDafrF,18.0,1137.0,17.0,1056.0,FTP
1720728186.723407,C8Daf94wtQclAoesE9,192.168.1.4,45658.0,142.251.40.196,443.0,udp,22.01528787612915,5267.0,9844.0,SF,1.0,0.0,0.0,Dd,12.0,5603.0,13.0,10208.0,HTTPS
1720729074.437521,CMve1j1dvFQLP9iCof,192.168.1.6,49010.0,192.168.1.4,21.0,tcp,10.356352090835571,122.0,188.0,SF,1.0,1.0,0.0,ShAdDafrF,18.0,1066.0,17.0,1056.0,FTP
1720728435.679365,Cl5DPa2tXiDSmxaETb,192.168.1.6,44170.0,192.168.1.4,21.0,tcp,9.0800940990448,117.0,188.0,SF,1.0,1.0,0.0,ShAdDafrF,18.0,1061.0,17.0,1056.0,FTP
1720727824.430062,CAmg592Epe2TLRoNp,192.168.1.4,43448.0,142.251.40.238,443.0,tcp,9.0800940990448,117.0,188.0,SF,1.0,1.0,0.0,ShAdDafrF,18.0,1061.0,17.0,1056.0,HTTPS
1720730974.814527,Cb7Lhm2710JGs5IkKg,192.168.1.6,36168.0,192.168.1.4,21.0,tcp,10.36817502975464,146.0,188.0,SF,1.0,1.0,0.0,ShAdDafFr,18.0,1090.0,17.0,1056.0,FTP
1720730822.351617,CTEXWg4eu7wgIQQ2k,192.168.1.6,54252.0,192.168.1.4,21.0,tcp,9.95383596420288,123.0,188.0,SF,1.0,1.0,0.0,ShAdDafrF,18.0,1067.0,17.0,1056.0,FTP
1720730455.767341,C1XNaAgt80E8LPh5f,192.168.1.6,42134.0,192.168.1.4,21.0,tcp,9.280113220214844,134.0,188.0,SF,1.0,1.0,0.0,ShAdDafrF,18.0,1078.0,17.0,1056.0,FTP
1720728064.59861,CxuTL52C5ch566k589,192.168.1.4,50478.0,13.224.214.54,443.0,tcp,144.15095615386963,4431.0,3176766.0,SF,1.0,0.0,104244.0,ShADadgtgtFf,601.0,35835.0,925.0,3224874.0,HTTPS
1720729308.906921,C4YLLW2MLGglw4FkGf,192.168.1.6,43856.0,192.168.1.4,21.0,tcp,8.891256093978882,125.0,188.0,SF,1.0,1.0,0.0,ShAdDafrF,18.0,1069.0,17.0,1056.0,FTP
1720728840.111322,CyjEWr4KKgW0CJ9865,192.168.1.6,51772.0,192.168.1.4,21.0,tcp,9.398652076721191,140.0,188.0,SF,1.0,1.0,0.0,ShAdDafrF,18.0,1084.0,17.0,1056.0,FTP
1720728907.003603,Cnr0cn2wSXL9eRc2Ah,192.168.1.6,43476.0,192.168.1.4,21.0,tcp,8.985687017440796,161.0,188.0,SF,1.0,1.0,0.0,ShAdDafFr,18.0,1105.0,17.0,1056.0,FTP
1720730613.921328,Ca58JF1HCNmX5aLG7k,192.168.1.6,38850.0,192.168.1.4,21.0,tcp,11.15579104423523,123.0,188.0,SF,1.0,1.0,0.0,ShAdDafrF,18.0,1067.0,17.0,1056.0,FTP
1720731046.049522,ClQybT3fJWJAHzvj1h,192.168.1.6,33062.0,192.168.1.4,21.0,tcp,10.740430116653442,118.0,188.0,SF,1.0,1.0,0.0,ShAdDafrF,18.0,1062.0,17.0,1056.0,FTP
1720730648.635643,CSQj7FDqU6hmsjzsi,192.168.1.6,32952.0,192.168.1.4,21.0,tcp,10.097791910171509,119.0,188.0,SF,1.0,1.0,0.0,ShAdDafrF,18.0,1063.0,17.0,1056.0,FTP
1720730705.257501,C3h8oD45Ev6jabJK2h,192.168.1.6,57626.0,192.168.1.4,21.0,tcp,9.616411209106444,129.0,188.0,SF,1.0,1.0,0.0,ShAdDafrF,18.0,1073.0,17.0,1056.0,FTP
1720728380.895233,C96ZTw1olI03HAAFCd,192.168.1.6,56940.0,192.168.1.4,21.0,tcp,10.830161094665527,118.0,188.0,SF,1.0,1.0,0.0,ShAdDafFr,18.0,1062.0,17.0,1056.0,FTP
1720731185.914227,CU2jn63yH7Weh7sEqc,192.168.1.6,48918.0,192.168.1.4,21.0,tcp,9.258648872375488,131.0,188.0,SF,1.0,1.0,0.0,ShAdDafrF,18.0,1075.0,17.0,1056.0,FTP
1720728004.416174,CTDrDe4jzPczaheSZ4,192.168.1.4,34611.0,192.168.1.1,53.0,udp,0.00140905380249,49.0,389.0,SF,1.0,1.0,0.0,Dd,1.0,77.0,1.0,417.0,DNS
1720728305.851712,CbogD24mCCw5Y5pJQ,192.168.1.4,45866.0,146.75.28.157,443.0,tcp,45.59085893630981,2443.0,4629.0,SF,1.0,0.0,0.0,ShADadFRf,14.0,3155.0,15.0,5417.0,HTTPS
1720731086.838209,CodAq91NPwjYSUKNO7,192.168.1.6,51512.0,192.168.1.4,21.0,tcp,9.484397172927856,118.0,188.0,SF,1.0,1.0,0.0,ShAdDafrF,18.0,1062.0,17.0,1056.0,FTP
1720729302.693634,C7mdFg1wWaKfly7Nu6,192.168.1.6,45764.0,192.168.1.4,21.0,tcp,8.980715990066528,146.0,188.0,SF,1.0,1.0,0.0,ShAdDafrF,18.0,1090.0,17.0,1056.0,FTP
1720728157.927884,Cd0hiRNG4qSAZ91pe,192.168.1.6,47726.0,192.168.1.4,21.0,tcp,9.187911987304688,118.0,188.0,SF,1.0,1.0,0.0,ShAdDafrF,18.0,1062.0,17.0,1056.0,FTP
1720727825.070822,CI4EV4ZZs5tmIjtP1,192.168.1.4,38514.0,142.250.80.110,443.0,udp,2.995729923248291,19475.0,10201.0,SF,1.0,0.0,0.0,Dd,26.0,20203.0,23.0,10845.0,HTTPS
1720728306.108278,Cil43zqY2v6xERkVi,192.168.1.4,46164.0,142.250.65.194,443.0,udp,2.995729923248291,19475.0,10201.0,SF,1.0,0.0,0.0,Dd,26.0,20203.0,23.0,10845.0,HTTPS
1720727884.949528,C2BQ9u2KMzi64rdmZ,192.168.1.4,35328.0,142.251.40.226,443.0,udp,2.995729923248291,19475.0,10201.0,SF,1.0,0.0,0.0,IIiiiIhhhHHhH,26.0,20203.0,23.0,10845.0,HTTPS
1720728331.378008,CtEzaM16qSjuIIt2yi,192.168.1.6,52300.0,192.168.1.4,21.0,tcp,11.183129072189333,118.0,188.0,SF,1.0,1.0,0.0,ShAdDafrF,18.0,1062.0,17.0,1056.0,FTP
1720729098.741144,C5u8i04n6c3A3RFghf,192.168.1.6,41626.0,192.168.1.4,21.0,tcp,11.012107133865356,116.0,188.0,SF,1.0,1.0,0.0,ShAdDafFr,18.0,1060.0,17.0,1056.0,FTP
1720727915.744705,CmWfjc4Rp4vdCSr0Vb,192.168.1.4,33350.0,192.168.1.1,53.0,udp,11.012107133865356,116.0,188.0,SF,1.0,1.0,0.0,ShAdDafFr,18.0,1060.0,17.0,1056.0,DNS
1720731899.161008,CUKp724JhZetQo3Vi,192.168.1.6,37050.0,192.168.1.4,21.0,tcp,9.90602707862854,148.0,188.0,SF,1.0,1.0,0.0,ShAdDafrF,18.0,1092.0,17.0,1056.0,FTP
1720727794.846676,Ce64Tw4E67UScoZIVb,192.168.1.4,38109.0,142.251.40.196,443.0,tcp,9.90602707862854,148.0,188.0,SF,1.0,1.0,0.0,IIiiiIhhhHHhH,18.0,1092.0,17.0,1056.0,HTTPS
1720728245.185974,CgKKJv3bEVArbMpWhh,192.168.1.4,51864.0,104.96.219.183,443.0,tcp,0.0,148.0,188.0,SF,0.0,1.0,0.0,IIiiiIhhhHHhH,18.0,1092.0,17.0,1056.0,HTTPS
1720728275.82913,CZsffU12hqaHBePdg3,192.168.1.4,58602.0,152.195.19.97,443.0,tcp,75.61229300498962,3195.0,268580.0,SF,1.0,0.0,0.0,ShADadFf,84.0,7571.0,110.0,274308.0,HTTPS
1720729315.422638,CMaqgBzqTB93yWMF5,192.168.1.6,33534.0,192.168.1.4,21.0,tcp,9.846042156219482,113.0,188.0,SF,1.0,1.0,0.0,ShAdDafrF,18.0,1057.0,17.0,1056.0,FTP
1720731806.181666,CqBISDvDNRt4CZxQ8,192.168.1.6,34918.0,192.168.1.4,21.0,tcp,11.35493516921997,137.0,188.0,SF,1.0,1.0,0.0,ShAdDafrF,18.0,1081.0,17.0,1056.0,FTP
1720730286.554348,CZnAMbgW6rAbmZmj5,192.168.1.6,51016.0,192.168.1.4,21.0,tcp,10.21063995361328,136.0,188.0,SF,1.0,1.0,0.0,ShAdDafrF,18.0,1080.0,17.0,1056.0,FTP
1720728186.745968,CkwHbD3Wea10t5zdgf,192.168.1.4,52946.0,142.251.41.2,443.0,udp,21.9922788143158,5170.0,9823.0,SF,1.0,0.0,0.0,Dd,12.0,5506.0,13.0,10187.0,HTTPS
1720729667.438635,CESkjb4eXArDjb5hh9,192.168.1.6,59852.0,192.168.1.4,21.0,tcp,9.325001001358032,159.0,188.0,SF,1.0,1.0,0.0,ShAdDafrF,18.0,1103.0,17.0,1056.0,FTP
1720730817.86292,Cca0dO2Umncu3BsTfg,192.168.1.6,54154.0,192.168.1.4,21.0,tcp,10.178951978683472,137.0,188.0,SF,1.0,1.0,0.0,ShAdDafFr,18.0,1081.0,17.0,1056.0,FTP
1720730222.230807,C4ZZso3SbIHNuRzPy3,192.168.1.6,38150.0,192.168.1.4,21.0,tcp,10.499459981918337,129.0,188.0,SF,1.0,1.0,0.0,ShAdDafFr,18.0,1073.0,17.0,1056.0,FTP
1720728219.785288,CBNwDlqkZODzwivGc,192.168.1.4,54484.0,192.168.1.1,53.0,udp,10.499459981918337,129.0,188.0,SF,1.0,1.0,0.0,ShAdDafFr,18.0,1073.0,17.0,1056.0,DNS
1720727861.964422,CSfH6w3UX7OFKQZVQc,192.168.1.6,42314.0,192.168.1.4,21.0,tcp,10.8840970993042,118.0,188.0,SF,1.0,1.0,0.0,ShAdDafrF,18.0,1062.0,17.0,1056.0,FTP
1720728245.220334,CSC5lhhukJzcG5mGc,192.168.1.4,57480.0,192.168.1.1,53.0,udp,0.00386905670166,50.0,50.0,SF,1.0,1.0,0.0,Dd,1.0,78.0,1.0,78.0,DNS
1720730808.298237,CR9YIW38vgOeMwPQoh,192.168.1.6,53334.0,192.168.1.4,21.0,tcp,9.585485935211182,130.0,188.0,SF,1.0,1.0,0.0,ShAdDafFr,18.0,1074.0,17.0,1056.0,FTP
1720727974.161008,CjsKiB4Iu9k1HWKcre,192.168.1.4,38172.0,204.235.147.206,443.0,tcp,9.585485935211182,130.0,188.0,SF,1.0,1.0,0.0,ShAdDafFr,18.0,1074.0,17.0,1056.0,HTTPS
1720731909.052171,C6J1xbqdBrneLeDP6,192.168.1.6,49956.0,192.168.1.4,21.0,tcp,10.013622045516968,164.0,188.0,SF,1.0,1.0,0.0,ShAdDafrF,18.0,1108.0,17.0,1056.0,FTP
1720728133.25587,CM6rSCn0GiyP3bpx9,192.168.1.4,33026.0,91.189.91.98,80.0,tcp,10.013622045516968,164.0,188.0,SF,1.0,1.0,0.0,ShAdDafrF,18.0,1108.0,17.0,1056.0,HTTP
1720731850.466076,CD5L0q4N3ygTsrAjx4,192.168.1.6,35436.0,192.168.1.4,21.0,tcp,10.324055194854736,132.0,188.0,SF,1.0,1.0,0.0,ShAdDafFr,18.0,1076.0,17.0,1056.0,FTP
1720730887.286595,Cs16nv3XslwKVFfNm,192.168.1.6,43406.0,192.168.1.4,21.0,tcp,11.054974794387816,143.0,188.0,SF,1.0,1.0,0.0,ShAdDafFr,18.0,1087.0,17.0,1056.0,FTP
1720728245.063086,CQ8dZJf0wJpLJ2Cm7,192.168.1.4,50388.0,192.168.1.1,53.0,udp,0.030140876770019,49.0,401.0,SF,1.0,1.0,0.0,Dd,1.0,77.0,1.0,429.0,DNS
1720730195.04679,CjDAmu42GtrZwis766,192.168.1.6,45080.0,192.168.1.4,21.0,tcp,10.72774600982666,133.0,188.0,SF,1.0,1.0,0.0,ShAdDafrF,18.0,1077.0,17.0,1056.0,FTP
1720729829.345186,Cx5mfT3AsLzn3mkUj4,192.168.1.6,34366.0,192.168.1.4,21.0,tcp,10.657399892807009,122.0,188.0,SF,1.0,1.0,0.0,ShAdDafrF,18.0,1066.0,17.0,1056.0,FTP
1720727779.341297,CgC05W1Vk71RTfAxZ7,192.168.1.4,46474.0,192.168.1.1,53.0,udp,0.001163005828857,74.0,139.0,SF,1.0,1.0,0.0,Dd,1.0,102.0,1.0,167.0,DNS
1720727824.919902,CooUCg18KeFessZ535,192.168.1.4,44832.0,192.168.1.1,53.0,udp,0.003508806228637,44.0,94.0,SF,1.0,1.0,0.0,Dd,1.0,72.0,1.0,122.0,DNS
1720730769.10514,CKVjzu4nUeOze3rFsh,192.168.1.6,37090.0,192.168.1.4,21.0,tcp,10.314826011657717,121.0,188.0,SF,1.0,1.0,0.0,ShAdDafrF,18.0,1065.0,17.0,1056.0,FTP
1720728494.486745,CQIVCZ1WUhBvskE8fj,192.168.1.6,54768.0,192.168.1.4,21.0,tcp,10.15170693397522,118.0,188.0,SF,1.0,1.0,0.0,ShAdDafrF,18.0,1062.0,17.0,1056.0,FTP
1720731118.33504,COZAfa3XMwm19HTs1d,192.168.1.6,57612.0,192.168.1.4,21.0,tcp,10.06807780265808,109.0,188.0,SF,1.0,1.0,0.0,ShAdDafFr,18.0,1053.0,17.0,1056.0,FTP
1720728155.640949,C2yMlx2OGvylodFCp6,192.168.1.4,36321.0,192.168.1.1,53.0,udp,10.06807780265808,109.0,188.0,SF,1.0,1.0,0.0,ShAdDafFr,18.0,1053.0,17.0,1056.0,DNS
1720730605.535191,CRKQxunqItkYy4zD8,192.168.1.6,41756.0,192.168.1.4,21.0,tcp,9.581887006759644,120.0,188.0,SF,1.0,1.0,0.0,ShAdDafrF,18.0,1064.0,17.0,1056.0,FTP
1720728034.907105,Ci7vtX3G4dc7NmIvK4,192.168.1.4,38872.0,13.107.246.40,443.0,tcp,9.581887006759644,120.0,188.0,SF,1.0,1.0,0.0,ShAdDafrF,18.0,1064.0,17.0,1056.0,HTTPS
1720730877.402702,CxlLUo3cedE88nZXj,192.168.1.6,60070.0,192.168.1.4,21.0,tcp,9.789968013763428,126.0,188.0,SF,1.0,1.0,0.0,ShAdDafrF,18.0,1070.0,17.0,1056.0,FTP
1720729047.666867,CqeSzJ11egKfGuErM4,192.168.1.6,55954.0,192.168.1.4,21.0,tcp,9.915663957595823,118.0,188.0,SF,1.0,1.0,0.0,ShAdDafrF,18.0,1062.0,17.0,1056.0,FTP
1720731549.379714,CyXXZ327YAtf2eiIw3,192.168.1.6,39784.0,192.168.1.4,21.0,tcp,10.497843027114868,142.0,188.0,SF,1.0,1.0,0.0,ShAdDafrF,18.0,1086.0,17.0,1056.0,FTP
1720730093.341216,CWsCUWjV0fygQkF2,192.168.1.6,48912.0,192.168.1.4,21.0,tcp,9.9159038066864,144.0,188.0,SF,1.0,1.0,0.0,ShAdDafrF,18.0,1088.0,17.0,1056.0,FTP
1720729533.929056,ClWn8l1iK7CCdxUFXk,192.168.1.6,37600.0,192.168.1.4,21.0,tcp,10.213407039642334,134.0,188.0,SF,1.0,1.0,0.0,ShAdDafFr,18.0,1078.0,17.0,1056.0,FTP
1720727832.308463,CckVaE3l0QlL7F3oo4,192.168.1.4,36783.0,192.168.1.1,53.0,udp,0.0015230178833,80.0,150.0,SF,1.0,1.0,0.0,Dd,1.0,108.0,1.0,178.0,DNS
1720730695.610747,Cwtq3u3cSBVaMVgIo3,192.168.1.6,39346.0,192.168.1.4,21.0,tcp,9.646657943725586,132.0,188.0,SF,1.0,1.0,0.0,ShAdDafrF,18.0,1076.0,17.0,1056.0,FTP
1720729130.512017,C8dbbG2fp2WdRai38a,192.168.1.6,45828.0,192.168.1.4,21.0,tcp,11.0401930809021,116.0,188.0,SF,1.0,1.0,0.0,ShAdDafrF,18.0,1060.0,17.0,1056.0,FTP
1720728034.519752,CP7wIy9UyW8UZVLod,192.168.1.4,35804.0,144.118.67.10,443.0,tcp,11.0401930809021,116.0,188.0,SF,1.0,1.0,0.0,ShAdDafrF,18.0,1060.0,17.0,1056.0,HTTPS
1720728305.133972,CtXLkd4d4O0yY7LgXb,192.168.1.4,56553.0,192.168.1.1,53.0,udp,0.01664400100708,45.0,249.0,SF,1.0,1.0,0.0,Dd,1.0,73.0,1.0,277.0,DNS
1720729024.49516,CeJz8e3pmgEcL6fSS6,192.168.1.6,47646.0,192.168.1.4,21.0,tcp,9.980809926986694,116.0,188.0,SF,1.0,1.0,0.0,ShAdDafrF,18.0,1060.0,17.0,1056.0,FTP
1720731137.967169,CKbLo22jIltvdeZYwk,192.168.1.6,35528.0,192.168.1.4,21.0,tcp,10.145601034164429,111.0,188.0,SF,1.0,1.0,0.0,ShAdDafrF,18.0,1055.0,17.0,1056.0,FTP
1720728595.207952,CJWNMboydsPPyjfD3,192.168.1.6,35548.0,192.168.1.4,21.0,tcp,10.75270700454712,114.0,188.0,SF,1.0,1.0,0.0,ShAdDafrF,18.0,1058.0,17.0,1056.0,FTP
1720730713.711615,CFGpjr3dHNRctjc0da,192.168.1.6,43904.0,192.168.1.4,21.0,tcp,9.200011968612673,127.0,188.0,SF,1.0,1.0,0.0,ShAdDafrF,18.0,1071.0,17.0,1056.0,FTP
1720728675.204487,CHs0lV2la1Okq0Cfqc,192.168.1.6,41444.0,192.168.1.4,21.0,tcp,9.44449782371521,138.0,188.0,SF,1.0,1.0,0.0,ShAdDafrF,18.0,1082.0,17.0,1056.0,FTP
1720728303.815087,CCEmea1qrEPxoILlq1,192.168.1.6,45646.0,192.168.1.4,21.0,tcp,10.455567836761476,118.0,188.0,SF,1.0,1.0,0.0,ShAdDafrF,18.0,1062.0,17.0,1056.0,FTP
1720727965.376202,C4DMb51CKMvwBJYtR8,192.168.1.6,41658.0,192.168.1.4,21.0,tcp,11.11744785308838,118.0,188.0,SF,1.0,1.0,0.0,ShAdDafrF,18.0,1062.0,17.0,1056.0,FTP
1720731329.230934,CyLxcn4miT0Wi3QbR9,192.168.1.6,35286.0,192.168.1.4,21.0,tcp,10.958372116088867,166.0,188.0,SF,1.0,1.0,0.0,ShAdDafrF,18.0,1110.0,17.0,1056.0,FTP
1720728110.887809,CK5wGwvocZADA2p4d,192.168.1.6,37186.0,192.168.1.4,21.0,tcp,9.34292197227478,118.0,188.0,SF,1.0,1.0,0.0,ShAdDafrF,18.0,1062.0,17.0,1056.0,FTP
1720731006.623318,CYZEDz1ER9FRKoyjN7,192.168.1.6,35394.0,192.168.1.4,21.0,tcp,11.688528060913086,123.0,188.0,SF,1.0,1.0,0.0,ShAdDafrF,18.0,1067.0,17.0,1056.0,FTP
1720730081.318434,Ctdt4u3sPaKemBdmt7,192.168.1.6,40240.0,192.168.1.4,21.0,tcp,9.30157709121704,137.0,188.0,SF,1.0,1.0,0.0,ShAdDafrF,18.0,1081.0,17.0,1056.0,FTP
1720729464.950097,CVlW1O1rhQj9w5FtZf,192.168.1.6,35262.0,192.168.1.4,21.0,tcp,10.250525951385498,149.0,188.0,SF,1.0,1.0,0.0,ShAdDafrF,18.0,1093.0,17.0,1056.0,FTP
1720728306.053374,CNZzcn3s5SeljnoaU8,192.168.1.4,33799.0,192.168.1.1,53.0,udp,10.250525951385498,149.0,188.0,SF,1.0,1.0,0.0,ShAdDafrF,18.0,1093.0,17.0,1056.0,DNS
1720728688.377227,CuqFt920kx7NBHCqAj,192.168.1.6,55142.0,192.168.1.4,21.0,tcp,9.931236028671265,139.0,188.0,SF,1.0,1.0,0.0,ShAdDafFr,18.0,1083.0,17.0,1056.0,FTP
1720730068.946039,CkhtXd6lKIY3aa4Df,192.168.1.6,51266.0,192.168.1.4,21.0,tcp,9.56709599494934,137.0,188.0,SF,1.0,1.0,0.0,ShAdDafrF,18.0,1081.0,17.0,1056.0,FTP
1720727914.895163,C1mx2C4fVN0nmNlb47,192.168.1.4,46412.0,13.224.214.16,443.0,tcp,240.2097189426422,3430.0,655455.0,SF,1.0,0.0,0.0,ShADadFf,201.0,13890.0,291.0,670595.0,HTTPS
1720728781.132591,CLUYFg46z4kHPkok16,192.168.1.6,41602.0,192.168.1.4,21.0,tcp,11.045979022979736,127.0,188.0,SF,1.0,1.0,0.0,ShAdDafrF,18.0,1071.0,17.0,1056.0,FTP
1720728903.104141,CGv1A51h02Q8rkJz48,192.168.1.6,43382.0,192.168.1.4,21.0,tcp,8.661044120788574,152.0,188.0,SF,1.0,1.0,0.0,ShAdDafrF,18.0,1096.0,17.0,1056.0,FTP
1720731808.993058,C283LR3CIqQNbHJMr2,192.168.1.6,34954.0,192.168.1.4,21.0,tcp,9.835098028182983,142.0,188.0,SF,1.0,1.0,0.0,ShAdDafFr,18.0,1086.0,17.0,1056.0,FTP
1720729041.697446,Chrs5H3lQf5cKGSSOl,192.168.1.6,57858.0,192.168.1.4,21.0,tcp,10.7255539894104,115.0,188.0,SF,1.0,1.0,0.0,ShAdDafrF,18.0,1059.0,17.0,1056.0,FTP
1720728937.491944,C7La8s2zZD01YxHGO8,192.168.1.6,42412.0,192.168.1.4,21.0,tcp,9.349584817886353,139.0,188.0,SF,1.0,1.0,0.0,ShAdDafrF,18.0,1083.0,17.0,1056.0,FTP
1720727958.023897,CC1HkxRW3WSBf5ku5,192.168.1.6,56504.0,192.168.1.4,21.0,tcp,10.963123083114624,118.0,188.0,SF,1.0,1.0,0.0,ShAdDafFr,18.0,1062.0,17.0,1056.0,FTP
1720728750.667731,Czu1Xf37SMy6aKrN0a,192.168.1.6,54236.0,192.168.1.4,21.0,tcp,10.413028955459597,122.0,188.0,SF,1.0,1.0,0.0,ShAdDafrF,18.0,1066.0,17.0,1056.0,FTP
1720731593.513077,CSPoVgLKJnasfJZH3,192.168.1.6,60862.0,192.168.1.4,21.0,tcp,9.814845085144045,147.0,188.0,SF,1.0,1.0,0.0,ShAdDafrF,18.0,1091.0,17.0,1056.0,FTP
1720731686.928942,CKN5Uh2PrdEHKwSfc3,192.168.1.6,52614.0,192.168.1.4,21.0,tcp,10.50965404510498,177.0,188.0,SF,1.0,1.0,0.0,ShAdDafrF,18.0,1121.0,17.0,1056.0,FTP
1720728064.56929,CA19v01UtXUJD5SZwj,192.168.1.4,60546.0,192.168.1.1,53.0,udp,0.006409168243408,46.0,103.0,SF,1.0,1.0,0.0,Dd,1.0,74.0,1.0,131.0,DNS
1720728095.036759,CqYPpC1M5ZmE6oNd,192.168.1.4,53354.0,192.168.1.1,53.0,udp,0.006409168243408,46.0,103.0,SF,1.0,1.0,0.0,Dd,1.0,74.0,1.0,131.0,DNS
1720728502.862485,CJhgG32owjFmcsxyV4,192.168.1.6,54916.0,192.168.1.4,21.0,tcp,9.635146141052246,117.0,188.0,SF,1.0,1.0,0.0,ShAdDafrF,18.0,1061.0,17.0,1056.0,FTP
1720727812.016924,CQnQR24KburnbrhZri,192.168.1.6,41986.0,192.168.1.4,21.0,tcp,10.16165804862976,118.0,188.0,SF,1.0,1.0,0.0,ShAdDafFr,18.0,1062.0,17.0,1056.0,FTP
1720730266.744443,CxPONtQ7sHnTZbvha,192.168.1.6,45322.0,192.168.1.4,21.0,tcp,10.713282108306885,129.0,188.0,SF,1.0,1.0,0.0,ShAdDafrF,18.0,1073.0,17.0,1056.0,FTP
1720727765.997996,Cie1sa2jBorqwij6Pf,192.168.1.4,43685.0,192.168.1.1,53.0,udp,10.713282108306885,129.0,188.0,SF,1.0,1.0,0.0,ShAdDafrF,18.0,1073.0,17.0,1056.0,DNS
1720727765.712527,CmtHEb3rew2InqKa17,192.168.1.4,38056.0,192.168.1.1,53.0,udp,0.02134895324707,49.0,267.0,SF,1.0,1.0,0.0,Dd,1.0,77.0,1.0,295.0,DNS
1720728452.891339,C7aICb3WG3OKjHnj11,192.168.1.6,37964.0,192.168.1.4,21.0,tcp,9.347522974014282,118.0,188.0,SF,1.0,1.0,0.0,ShAdDafrF,18.0,1062.0,17.0,1056.0,FTP
1720728306.204958,CC4ZIZ2ZJdWZMSYJnl,192.168.1.4,35680.0,142.251.41.2,443.0,udp,0.176594018936157,5034.0,9792.0,SF,1.0,0.0,0.0,Dd,10.0,5314.0,12.0,10128.0,HTTPS
1720727914.243745,CJWna72Lj4nPFcUBVi,192.168.1.4,56971.0,192.168.1.1,53.0,udp,0.176594018936157,5034.0,9792.0,SF,1.0,0.0,0.0,Dd,10.0,5314.0,12.0,10128.0,DNS
1720727793.225611,CJrtFc3JugHZ9Taqc2,192.168.1.4,54564.0,192.168.1.1,53.0,udp,0.176594018936157,5034.0,9792.0,SF,1.0,0.0,0.0,Dd,10.0,5314.0,12.0,10128.0,DNS
1720730015.818349,CK8arp377FFWN5OIt8,192.168.1.6,51516.0,192.168.1.4,21.0,tcp,9.751775026321411,129.0,188.0,SF,1.0,1.0,0.0,ShAdDafrF,18.0,1073.0,17.0,1056.0,FTP
1720729975.093409,CDwp8V1MhqYVdHHuX5,192.168.1.6,38278.0,192.168.1.4,21.0,tcp,10.12171483039856,125.0,188.0,SF,1.0,1.0,0.0,ShAdDafrF,18.0,1069.0,17.0,1056.0,FTP
1720728245.495298,CxI2gjtTJZclKZnHi,192.168.1.4,56479.0,192.168.1.1,53.0,udp,10.12171483039856,125.0,188.0,SF,1.0,1.0,0.0,ShAdDafrF,18.0,1069.0,17.0,1056.0,DNS
1720728031.882598,CU4y474yWazdZjykPk,192.168.1.6,43238.0,192.168.1.4,21.0,tcp,10.425300121307371,118.0,188.0,SF,1.0,1.0,0.0,ShAdDafrF,18.0,1062.0,17.0,1056.0,FTP
1720730227.405305,CZEqzmCeZfB5otwe6,192.168.1.6,47118.0,192.168.1.4,21.0,tcp,10.710785150527954,134.0,188.0,SF,1.0,1.0,0.0,ShAdDafrF,18.0,1078.0,17.0,1056.0,FTP
1720728520.933599,Ck2BJd3eGexngZYAYl,192.168.1.6,48364.0,192.168.1.4,21.0,tcp,10.017004013061523,116.0,188.0,SF,1.0,1.0,0.0,ShAdDafrF,18.0,1060.0,17.0,1056.0,FTP
1720728694.766021,CUky8436rqyhWKVKWj,192.168.1.6,40070.0,192.168.1.4,21.0,tcp,10.50395393371582,139.0,188.0,SF,1.0,1.0,0.0,ShAdDafrF,18.0,1083.0,17.0,1056.0,FTP
1720731676.790695,C7emRG3gdQyTIMu9Pj,192.168.1.6,44860.0,192.168.1.4,21.0,tcp,10.138070106506348,153.0,188.0,SF,1.0,1.0,0.0,ShAdDafFr,18.0,1097.0,17.0,1056.0,FTP
1720730260.329187,CK0U734dAKIXszNg9h,192.168.1.6,40370.0,192.168.1.4,21.0,tcp,10.490278005599976,125.0,188.0,SF,1.0,1.0,0.0,ShAdDafrF,18.0,1069.0,17.0,1056.0,FTP
1720728510.493437,CGx7kv4DnuhCUBxDf,192.168.1.6,41978.0,192.168.1.4,21.0,tcp,10.440074920654297,118.0,188.0,SF,1.0,1.0,0.0,ShAdDafFr,18.0,1062.0,17.0,1056.0,FTP
1720729775.770936,C4BCbp2GniVWauYs37,192.168.1.6,46730.0,192.168.1.4,21.0,tcp,9.897552013397217,115.0,188.0,SF,1.0,1.0,0.0,ShAdDafFr,18.0,1059.0,17.0,1056.0,FTP
1720729481.971844,CSddWc1MJi4Zngq2Gb,192.168.1.6,50098.0,192.168.1.4,21.0,tcp,10.402846097946169,120.0,188.0,SF,1.0,1.0,0.0,ShAdDafrF,18.0,1064.0,17.0,1056.0,FTP
1720728268.829093,COKd6h2Bm0VAajhQXa,192.168.1.6,34700.0,192.168.1.4,21.0,tcp,10.374897003173828,118.0,188.0,SF,1.0,1.0,0.0,ShAdDafrF,18.0,1062.0,17.0,1056.0,FTP
1720730971.399206,CBF0xn2mFWhDyi5147,192.168.1.6,48964.0,192.168.1.4,21.0,tcp,10.658250093460085,136.0,188.0,SF,1.0,1.0,0.0,ShAdDafrF,18.0,1080.0,17.0,1056.0,FTP
1720730877.443467,CMV9aibXtcVL1JJ1d,192.168.1.6,60120.0,192.168.1.4,21.0,tcp,9.810463190078735,124.0,188.0,SF,1.0,1.0,0.0,ShAdDafrF,18.0,1068.0,17.0,1056.0,FTP
1720728521.944547,CagfJx33dQBmKTdHej,192.168.1.6,48378.0,192.168.1.4,21.0,tcp,10.038012981414797,115.0,188.0,SF,1.0,1.0,0.0,ShAdDafFr,18.0,1059.0,17.0,1056.0,FTP
1720727884.858706,C5T3ZR3UTBjZzN1dwi,192.168.1.4,54998.0,192.168.1.1,53.0,udp,0.003932952880859,33.0,196.0,SF,1.0,1.0,0.0,Dd,1.0,61.0,1.0,224.0,DNS
1720728154.58223,CsqiRk4RqnxWIbjnjb,192.168.1.4,44534.0,192.168.1.1,53.0,udp,0.003932952880859,33.0,196.0,SF,1.0,1.0,0.0,Dd,1.0,61.0,1.0,224.0,DNS
1720728211.819028,C4d8Sa4IFoWym8eFT2,192.168.1.4,49910.0,192.168.1.1,53.0,udp,0.003932952880859,33.0,196.0,SF,1.0,1.0,0.0,Dd,1.0,61.0,1.0,224.0,DNS
1720729627.330591,CJRGOJ35crU3IA0Nih,192.168.1.6,32904.0,192.168.1.4,21.0,tcp,9.193782091140749,121.0,188.0,SF,1.0,1.0,0.0,ShAdDafFr,18.0,1065.0,17.0,1056.0,FTP
1720728095.065785,C9WBzZ2LEQVNlGEOb5,192.168.1.4,42546.0,3.33.191.201,443.0,tcp,9.193782091140749,121.0,188.0,SF,1.0,1.0,0.0,ShAdDafFr,18.0,1065.0,17.0,1056.0,HTTPS
1720730391.168362,CiknzL2BRkvQUdDxG,192.168.1.6,35246.0,192.168.1.4,21.0,tcp,9.978060007095335,126.0,188.0,SF,1.0,1.0,0.0,ShAdDafFr,18.0,1070.0,17.0,1056.0,FTP
1720728186.388159,ChoBlz2Fz7izsAYLT5,192.168.1.4,57993.0,192.168.1.1,53.0,udp,9.978060007095335,126.0,188.0,SF,1.0,1.0,0.0,ShAdDafFr,18.0,1070.0,17.0,1056.0,DNS
1720728098.066481,CdJklO2fMqqEFRDrm1,192.168.1.6,39940.0,192.168.1.4,21.0,tcp,9.462867975234984,118.0,188.0,SF,1.0,1.0,0.0,ShAdDafrF,18.0,1062.0,17.0,1056.0,FTP
1720728487.529256,CiZDVbjYPU9uXxmTf,192.168.1.6,36394.0,192.168.1.4,21.0,tcp,10.291443824768066,117.0,188.0,SF,1.0,1.0,0.0,ShAdDafrF,18.0,1061.0,17.0,1056.0,FTP
1720729396.155322,CXhSDY13N2197sDwq9,192.168.1.6,49104.0,192.168.1.4,21.0,tcp,10.664089918136597,132.0,188.0,SF,1.0,1.0,0.0,ShAdDafrF,18.0,1076.0,17.0,1056.0,FTP
1720727777.427238,CpWqLK32WnhA6eDtP9,192.168.1.6,35282.0,192.168.1.4,21.0,tcp,9.392182111740112,118.0,188.0,SF,1.0,1.0,0.0,ShAdDafFr,18.0,1062.0,17.0,1056.0,FTP
1720731546.655548,CD940Z2M1bwU2X5oEe,192.168.1.6,39772.0,192.168.1.4,21.0,tcp,10.463414907455444,142.0,188.0,SF,1.0,1.0,0.0,ShAdDafrF,18.0,1086.0,17.0,1056.0,FTP
1720731945.960858,ClMthQ11Q3qwv2E085,192.168.1.6,39432.0,192.168.1.4,21.0,tcp,9.610237836837769,139.0,188.0,SF,1.0,1.0,0.0,ShAdDafrF,18.0,1083.0,17.0,1056.0,FTP
1720730038.389715,Cf6nUQ1wiLpTsRwpVi,192.168.1.6,34378.0,192.168.1.4,21.0,tcp,10.269983053207396,149.0,188.0,SF,1.0,1.0,0.0,ShAdDafrF,18.0,1093.0,17.0,1056.0,FTP
1720728379.247831,CIRZXD4cdhBUKahv6k,192.168.1.4,54759.0,192.168.1.1,53.0,udp,0.000971794128417,47.0,47.0,SF,1.0,1.0,0.0,Dd,1.0,75.0,1.0,75.0,DNS
1720731421.011566,CoFivl4H6rYhAFHmBe,192.168.1.6,39012.0,192.168.1.4,21.0,tcp,10.98402714729309,145.0,188.0,SF,1.0,1.0,0.0,ShAdDafFr,18.0,1089.0,17.0,1056.0,FTP
1720730475.872264,CkbJtWXaXr5L9DAxb,192.168.1.6,50484.0,192.168.1.4,21.0,tcp,9.986098051071169,128.0,188.0,SF,1.0,1.0,0.0,ShAdDafrF,18.0,1072.0,17.0,1056.0,FTP
1720727733.960717,CTHa2A1yG8fH8alYc6,192.168.1.4,51945.0,142.250.80.34,443.0,udp,0.347563028335571,5310.0,10960.0,SF,1.0,0.0,0.0,Dd,14.0,5702.0,17.0,11436.0,HTTPS
1720730606.544117,CQN21f3TAvlgcIiDa1,192.168.1.6,41820.0,192.168.1.4,21.0,tcp,10.333872079849243,126.0,188.0,SF,1.0,1.0,0.0,ShAdDafFr,18.0,1070.0,17.0,1056.0,FTP
1720727916.238236,CFjpHnHhfsJMLxb15,192.168.1.4,50657.0,192.168.1.1,53.0,udp,0.044369935989379,50.0,235.0,SF,1.0,1.0,0.0,Dd,1.0,78.0,1.0,263.0,DNS
1720727825.278652,CuSdNt3wo5f2jNT981,192.168.1.4,45524.0,142.250.176.206,443.0,tcp,60.10506200790405,1895.0,6335.0,SF,1.0,0.0,0.0,ShADadFf,12.0,2527.0,10.0,6863.0,HTTPS
1720731245.9716,CyitLH20O13tspTcO,192.168.1.6,36300.0,192.168.1.4,21.0,tcp,9.964582920074465,156.0,188.0,SF,1.0,1.0,0.0,ShAdDafrF,18.0,1100.0,17.0,1056.0,FTP
1720727835.041773,CLkGmX3XMo1SavSRm9,192.168.1.6,42324.0,192.168.1.4,21.0,tcp,9.95789885520935,117.0,188.0,SF,1.0,1.0,0.0,ShAdDafFr,18.0,1061.0,17.0,1056.0,FTP
1720729874.920377,CW0Sqp1Zl68kzceaz2,192.168.1.6,46228.0,192.168.1.4,21.0,tcp,9.99367904663086,132.0,188.0,SF,1.0,1.0,0.0,ShAdDafrF,18.0,1076.0,17.0,1056.0,FTP
1720728186.764023,CPrIdA46fL5zdrTV2e,192.168.1.4,49224.0,52.35.241.161,443.0,tcp,0.228602886199951,1959.0,3673.0,SF,1.0,0.0,0.0,ShADadFRfR,11.0,2503.0,9.0,4149.0,HTTPS
1720727915.331925,CePovl1N5lyBgQpned,192.168.1.4,41073.0,142.251.32.104,443.0,udp,0.08354902267456,4027.0,8798.0,SF,1.0,0.0,0.0,Dd,7.0,4223.0,10.0,9078.0,HTTPS
1720728096.491185,CvOB2e52KSOeKs9Wd,192.168.1.4,47911.0,192.168.1.1,53.0,udp,0.08354902267456,4027.0,8798.0,SF,1.0,0.0,0.0,Dd,7.0,4223.0,10.0,9078.0,DNS
1720727944.119801,CbNmWf2BqycXx32W4k,192.168.1.4,39126.0,192.168.1.1,53.0,udp,0.08354902267456,4027.0,8798.0,SF,1.0,0.0,0.0,Dd,7.0,4223.0,10.0,9078.0,DNS
1720730660.459478,CJ9umM1zu1Lr3RwKF2,192.168.1.6,44744.0,192.168.1.4,21.0,tcp,9.88700819015503,131.0,188.0,SF,1.0,1.0,0.0,ShAdDafrF,18.0,1075.0,17.0,1056.0,FTP
1720730836.627266,Cy1M1O2QwdlKNRHxP2,192.168.1.6,40732.0,192.168.1.4,21.0,tcp,10.99982500076294,122.0,188.0,SF,1.0,1.0,0.0,ShAdDafrF,18.0,1066.0,17.0,1056.0,FTP
1720730799.159258,CECHXa31zvTQOO2PWe,192.168.1.6,47894.0,192.168.1.4,21.0,tcp,9.198004007339478,139.0,188.0,SF,1.0,1.0,0.0,ShAdDafFr,18.0,1083.0,17.0,1056.0,FTP
1720731930.699199,COgw5W7k1CeiGp2Zh,192.168.1.6,37672.0,192.168.1.4,21.0,tcp,9.15927505493164,191.0,188.0,SF,1.0,1.0,0.0,ShAdDafrF,18.0,1135.0,17.0,1056.0,FTP
1720728216.40137,CWZUTu1idpUMUJspii,192.168.1.6,42440.0,192.168.1.4,21.0,tcp,10.67212700843811,118.0,188.0,SF,1.0,1.0,0.0,ShAdDafrF,18.0,1062.0,17.0,1056.0,FTP
1720731618.699736,CAIfow2zfBTKVM7c71,192.168.1.6,45164.0,192.168.1.4,21.0,tcp,9.597003936767578,158.0,188.0,SF,1.0,1.0,0.0,ShAdDafrF,18.0,1102.0,17.0,1056.0,FTP
1720728004.010019,CbiZdv4HhweJsJtoJb,192.168.1.4,45464.0,104.16.148.244,443.0,tcp,9.597003936767578,158.0,188.0,SF,1.0,1.0,0.0,ShAdDafrF,18.0,1102.0,17.0,1056.0,HTTPS
1720728034.891831,C0UXlF1M8GZOInWqib,192.168.1.4,43310.0,192.168.1.1,53.0,udp,0.001671075820922,53.0,110.0,SF,1.0,1.0,0.0,Dd,1.0,81.0,1.0,138.0,DNS
1720731035.68537,C3mjLx2IKtfaidUe85,192.168.1.6,56796.0,192.168.1.4,21.0,tcp,10.348603010177612,123.0,188.0,SF,1.0,1.0,0.0,ShAdDafrF,18.0,1067.0,17.0,1056.0,FTP
1720729683.55063,CGvKk12zXbOWPhEoPh,192.168.1.6,55988.0,192.168.1.4,21.0,tcp,9.650624990463257,147.0,188.0,SF,1.0,1.0,0.0,ShAdDafrF,18.0,1091.0,17.0,1056.0,FTP
1720728264.51928,CRA3Uo1dEcWEVPVpV8,192.168.1.6,34626.0,192.168.1.4,21.0,tcp,10.093814134597778,118.0,188.0,SF,1.0,1.0,0.0,ShAdDafrF,18.0,1062.0,17.0,1056.0,FTP
1720731340.138647,ChYLMU18bQNuQL5dYc,192.168.1.6,38408.0,192.168.1.4,21.0,tcp,9.68911099433899,161.0,188.0,SF,1.0,1.0,0.0,ShAdDafrF,18.0,1105.0,17.0,1056.0,FTP
1720727947.313077,CDVo9Q1sVAkUL9evw9,192.168.1.6,60184.0,192.168.1.4,21.0,tcp,10.710616111755373,118.0,188.0,SF,1.0,1.0,0.0,ShAdDafrF,18.0,1062.0,17.0,1056.0,FTP
1720727906.014962,CoAAoa32rAXBgeR1G1,192.168.1.6,47640.0,192.168.1.4,21.0,tcp,10.066940069198608,118.0,188.0,SF,1.0,1.0,0.0,ShAdDafrF,18.0,1062.0,17.0,1056.0,FTP
1720727968.766628,C1mHK54AiS7jMYwKjl,192.168.1.6,41664.0,192.168.1.4,21.0,tcp,10.493752002716064,117.0,188.0,SF,1.0,1.0,0.0,ShAdDafrF,18.0,1061.0,17.0,1056.0,FTP
1720728903.905172,CBTHXE2MBt7TQynWe,192.168.1.6,43424.0,192.168.1.4,21.0,tcp,9.084313869476318,146.0,188.0,SF,1.0,1.0,0.0,ShAdDafFr,18.0,1090.0,17.0,1056.0,FTP
1720730153.905466,CxJM1PFmEfjUQWeyk,192.168.1.6,40566.0,192.168.1.4,21.0,tcp,10.84442400932312,131.0,188.0,SF,1.0,1.0,0.0,ShAdDafrF,18.0,1075.0,17.0,1056.0,FTP
1720729992.896311,CVFEba4JI8NZmMO2ug,192.168.1.6,44606.0,192.168.1.4,21.0,tcp,10.064162969589232,126.0,188.0,SF,1.0,1.0,0.0,ShAdDafFr,18.0,1070.0,17.0,1056.0,FTP
1720728081.763961,CXuZuloJ0owZOGGzc,192.168.1.6,52128.0,192.168.1.4,21.0,tcp,9.547927856445312,118.0,188.0,SF,1.0,1.0,0.0,ShAdDafrF,18.0,1062.0,17.0,1056.0,FTP
1720730595.435445,CS3k1S2N4sqbJd8Ip3,192.168.1.6,41856.0,192.168.1.4,21.0,tcp,10.95187497138977,125.0,188.0,SF,1.0,1.0,0.0,ShAdDafrF,18.0,1069.0,17.0,1056.0,FTP
1720727854.031813,C9GrNc3farzVClrGhk,192.168.1.4,35079.0,142.251.32.104,443.0,tcp,10.95187497138977,125.0,188.0,SF,1.0,1.0,0.0,ShAdDafrF,18.0,1069.0,17.0,1056.0,HTTPS
1720729802.923752,CwXpnV3nfBpeucVfqc,192.168.1.6,54380.0,192.168.1.4,21.0,tcp,11.140148878097534,122.0,188.0,SF,1.0,1.0,0.0,ShAdDafrF,18.0,1066.0,17.0,1056.0,FTP
1720730740.568541,C79v4X1MyMjQtcpB8i,192.168.1.6,52516.0,192.168.1.4,21.0,tcp,9.999089002609251,124.0,188.0,SF,1.0,1.0,0.0,ShAdDafrF,18.0,1068.0,17.0,1056.0,FTP
1720729111.826991,CxzPjf4sZAd4YUFC18,192.168.1.6,46698.0,192.168.1.4,21.0,tcp,10.559211015701294,114.0,188.0,SF,1.0,1.0,0.0,ShAdDafrF,18.0,1058.0,17.0,1056.0,FTP
1720730789.623308,CAwXle6WMaM5joT59,192.168.1.6,45456.0,192.168.1.4,21.0,tcp,9.477555990219116,135.0,188.0,SF,1.0,1.0,0.0,ShAdDafrF,18.0,1079.0,17.0,1056.0,FTP
1720727856.308035,CQrRTtsUgnivXvU6c,192.168.1.4,40158.0,142.250.80.110,443.0,tcp,9.477555990219116,135.0,188.0,SF,1.0,1.0,0.0,IIZiishH,18.0,1079.0,17.0,1056.0,HTTPS
1720730417.923942,CAoHlO275jBhphOmlf,192.168.1.6,49668.0,192.168.1.4,21.0,tcp,9.64155888557434,128.0,188.0,SF,1.0,1.0,0.0,ShAdDafrF,18.0,1072.0,17.0,1056.0,FTP
1720727786.539083,CSWcrO2wq11i2UQWj4,192.168.1.4,57734.0,192.168.1.1,53.0,udp,0.002264022827148,48.0,188.0,SF,1.0,1.0,0.0,Dd,1.0,76.0,1.0,216.0,DNS
1720728245.144997,COhhwMZPOq8J9IQZb,192.168.1.4,54815.0,192.168.1.1,53.0,udp,0.002264022827148,48.0,188.0,SF,1.0,1.0,0.0,Dd,1.0,76.0,1.0,216.0,DNS
1720728746.580126,CDSwgK1yQrzLjlxpHf,192.168.1.6,54144.0,192.168.1.4,21.0,tcp,10.0952889919281,120.0,188.0,SF,1.0,1.0,0.0,ShAdDafFr,18.0,1064.0,17.0,1056.0,FTP
1720729979.734413,CHmVEb1DXL5H18saw7,192.168.1.6,38332.0,192.168.1.4,21.0,tcp,9.905194997787476,122.0,188.0,SF,1.0,1.0,0.0,ShAdDafrF,18.0,1066.0,17.0,1056.0,FTP
1720731390.245252,Cbp19c4Q93oHDAkxJ6,192.168.1.6,40416.0,192.168.1.4,21.0,tcp,10.225688219070436,166.0,188.0,SF,1.0,1.0,0.0,ShAdDafrF,18.0,1110.0,17.0,1056.0,FTP
1720729367.769463,CIH84Y5sNocZNIjke,192.168.1.6,44492.0,192.168.1.4,21.0,tcp,10.008720874786375,127.0,188.0,SF,1.0,1.0,0.0,ShAdDafrF,18.0,1071.0,17.0,1056.0,FTP
1720728034.913783,CHQBLq3Wt3Wj3UGXSk,192.168.1.4,34146.0,31.13.71.7,443.0,tcp,10.008720874786375,127.0,188.0,SF,1.0,1.0,0.0,ShAdDafrF,18.0,1071.0,17.0,1056.0,HTTPS
1720730388.631392,C07n3rG2HfJnj2d38,192.168.1.6,35196.0,192.168.1.4,21.0,tcp,10.684284925460815,133.0,188.0,SF,1.0,1.0,0.0,ShAdDafrF,18.0,1077.0,17.0,1056.0,FTP
1720728110.902172,CilyiU1oCGPeFMRZNl,192.168.1.6,37196.0,192.168.1.4,21.0,tcp,9.348689794540403,118.0,188.0,SF,1.0,1.0,0.0,ShAdDafrF,18.0,1062.0,17.0,1056.0,FTP
1720730375.438542,CjNFbU1jvkPYB9cs7k,192.168.1.6,33376.0,192.168.1.4,21.0,tcp,9.04303216934204,130.0,188.0,SF,1.0,1.0,0.0,ShAdDafrF,18.0,1074.0,17.0,1056.0,FTP
1720728245.095939,Coox3C3M1eODBo3Hd1,192.168.1.4,58048.0,104.104.72.162,443.0,tcp,9.04303216934204,130.0,188.0,SF,1.0,1.0,0.0,ShAdDafrF,18.0,1074.0,17.0,1056.0,HTTPS
1720730426.906507,CocPMSqr4UBB2u1Uj,192.168.1.6,58826.0,192.168.1.4,21.0,tcp,9.339370965957642,122.0,188.0,SF,1.0,1.0,0.0,ShAdDafrF,18.0,1066.0,17.0,1056.0,FTP
1720729618.801138,CU2KWq3uRLUQCPVRfc,192.168.1.6,47630.0,192.168.1.4,21.0,tcp,10.701955080032349,109.0,188.0,SF,1.0,1.0,0.0,ShAdDafFr,18.0,1053.0,17.0,1056.0,FTP
1720729279.592519,C0Vqbu33PNtbkqCoEk,192.168.1.6,60094.0,192.168.1.4,21.0,tcp,9.27675485610962,123.0,188.0,SF,1.0,1.0,0.0,ShAdDafrF,18.0,1067.0,17.0,1056.0,FTP
1720731472.689337,CMDBH12aq5hK95tef8,192.168.1.6,56762.0,192.168.1.4,21.0,tcp,10.590261936187744,138.0,188.0,SF,1.0,1.0,0.0,ShAdDafFr,18.0,1082.0,17.0,1056.0,FTP
1720728186.645212,C20yHL2J0TpGT70n9b,192.168.1.4,58790.0,142.250.64.102,443.0,tcp,10.590261936187744,138.0,188.0,SF,1.0,1.0,0.0,IIiiiIhhhHH,18.0,1082.0,17.0,1056.0,HTTPS
1720731630.944581,CUuYRA2SvH0lG5Aw93,192.168.1.6,35124.0,192.168.1.4,21.0,tcp,9.523602962493896,152.0,188.0,SF,1.0,1.0,0.0,ShAdDafFr,18.0,1096.0,17.0,1056.0,FTP
1720731662.992946,Cdpjx5uiwpfuBrOP8,192.168.1.6,43394.0,192.168.1.4,21.0,tcp,9.843136072158812,161.0,188.0,SF,1.0,1.0,0.0,ShAdDafrF,18.0,1105.0,17.0,1056.0,FTP
1720730504.745473,C10MEettgFUoNp3h,192.168.1.6,60790.0,192.168.1.4,21.0,tcp,9.795191049575806,126.0,188.0,SF,1.0,1.0,0.0,ShAdDafrF,18.0,1070.0,17.0,1056.0,FTP
1720728031.097657,CwPHyK2M1l47g0Beja,192.168.1.4,60996.0,204.79.197.237,443.0,tcp,9.795191049575806,126.0,188.0,SF,1.0,1.0,0.0,ShAdDafrF,18.0,1070.0,17.0,1056.0,HTTPS
1720728414.69951,C38qAsRZUxn6f2Wq6,192.168.1.6,47020.0,192.168.1.4,21.0,tcp,10.831799983978271,117.0,188.0,SF,1.0,1.0,0.0,ShAdDafFr,18.0,1061.0,17.0,1056.0,FTP
1720728017.017029,CxmQDQ2BS3ehjcpC4j,192.168.1.6,55370.0,192.168.1.4,21.0,tcp,10.449046850204468,118.0,188.0,SF,1.0,1.0,0.0,ShAdDafrF,18.0,1062.0,17.0,1056.0,FTP
1720728095.580647,CLqlfhxGqF37atn6d,192.168.1.4,34636.0,142.251.41.2,443.0,tcp,60.195838928222656,1836.0,6574.0,SF,1.0,0.0,0.0,ShADadFf,13.0,2520.0,11.0,7154.0,HTTPS
1720728125.451332,CYupAOFDi9dDv9S71,192.168.1.4,46686.0,20.114.189.135,443.0,tcp,60.195838928222656,1836.0,6574.0,SF,1.0,0.0,0.0,ShADadFf,13.0,2520.0,11.0,7154.0,HTTPS
1720728034.724542,CjwIluq2YpB6ixcGc,192.168.1.4,43030.0,104.96.220.114,443.0,tcp,120.07657313346864,2307.0,13185.0,SF,1.0,0.0,0.0,ShADadFf,20.0,3355.0,21.0,14285.0,HTTPS
1720730051.373544,CHYXys40NrXil3LUic,192.168.1.6,42426.0,192.168.1.4,21.0,tcp,9.482633113861084,122.0,188.0,SF,1.0,1.0,0.0,ShAdDafrF,18.0,1066.0,17.0,1056.0,FTP
1720728877.332113,Cv1NhK2v8woz1667Eg,192.168.1.6,38092.0,192.168.1.4,21.0,tcp,9.905193090438845,138.0,188.0,SF,1.0,1.0,0.0,ShAdDafrF,18.0,1082.0,17.0,1056.0,FTP
1720728094.420578,CFXYZH37EIK4xsRk49,192.168.1.4,54671.0,192.168.1.1,53.0,udp,0.001907110214233,53.0,258.0,SF,1.0,1.0,0.0,Dd,1.0,81.0,1.0,286.0,DNS
1720728277.951374,CpSwOp1DQjN2Lel0h1,192.168.1.4,54949.0,192.168.1.1,53.0,udp,0.003512859344482,76.0,277.0,SF,1.0,1.0,0.0,Dd,1.0,104.0,1.0,305.0,DNS
1720729098.694819,CPy0VK22lCbGfKQHq7,192.168.1.6,41618.0,192.168.1.4,21.0,tcp,10.398970127105711,114.0,188.0,SF,1.0,1.0,0.0,ShAdDafFr,18.0,1058.0,17.0,1056.0,FTP
1720727795.438165,CSaaW11UiWZN0ZovV9,192.168.1.4,42989.0,192.168.1.1,53.0,udp,10.398970127105711,114.0,188.0,SF,1.0,1.0,0.0,ShAdDafFr,18.0,1058.0,17.0,1056.0,DNS
1720727793.241185,CpeZqk2vtkuJoy3Py3,192.168.1.4,38498.0,192.168.1.1,53.0,udp,0.001140117645263,78.0,148.0,SF,1.0,1.0,0.0,Dd,1.0,106.0,1.0,176.0,DNS
1720731602.296528,CzBK5j3IgJZtfwpub5,192.168.1.6,60950.0,192.168.1.4,21.0,tcp,10.510203838348389,171.0,188.0,SF,1.0,1.0,0.0,ShAdDafFr,18.0,1115.0,17.0,1056.0,FTP
1720728096.083132,CAazK62VHDGD1Lg2ha,192.168.1.4,55072.0,192.168.1.1,53.0,udp,0.035484075546264,49.0,142.0,SF,1.0,1.0,0.0,Dd,1.0,77.0,1.0,170.0,DNS
1720729964.88919,CKq0odXKXvX1QJ6H8,192.168.1.6,36168.0,192.168.1.4,21.0,tcp,10.204046964645386,143.0,188.0,SF,1.0,1.0,0.0,ShAdDafrF,18.0,1087.0,17.0,1056.0,FTP
1720728245.160913,Ciovta3IcMMoLNDRS6,192.168.1.4,46405.0,192.168.1.1,53.0,udp,10.204046964645386,143.0,188.0,SF,1.0,1.0,0.0,ShAdDafrF,18.0,1087.0,17.0,1056.0,DNS
1720728277.17137,CWfKih1pJA6V86TA4l,192.168.1.6,57514.0,192.168.1.4,21.0,tcp,10.797180891036987,118.0,188.0,SF,1.0,1.0,0.0,ShAdDafrF,18.0,1062.0,17.0,1056.0,FTP
1720729119.687837,CCvBL24mRl9qS3zO4h,192.168.1.6,41794.0,192.168.1.4,21.0,tcp,10.844975233078005,127.0,188.0,SF,1.0,1.0,0.0,ShAdDafFr,18.0,1071.0,17.0,1056.0,FTP
1720729360.735387,CRNn7n4C1gnmfpxMNg,192.168.1.6,48604.0,192.168.1.4,21.0,tcp,10.29991602897644,124.0,188.0,SF,1.0,1.0,0.0,ShAdDafFr,18.0,1068.0,17.0,1056.0,FTP
1720730291.391256,C8JkrC4tzBGmAX167f,192.168.1.6,51114.0,192.168.1.4,21.0,tcp,10.924887895584106,124.0,188.0,SF,1.0,1.0,0.0,ShAdDafFr,18.0,1068.0,17.0,1056.0,FTP
1720727897.307824,CeRh7w4wB2c7bV21Gl,192.168.1.4,36297.0,192.168.1.1,53.0,udp,0.017651081085205,48.0,266.0,SF,1.0,1.0,0.0,Dd,1.0,76.0,1.0,294.0,DNS
1720730555.580282,CAJ3kz2cIWCQBViJTe,192.168.1.6,59432.0,192.168.1.4,21.0,tcp,10.133554935455322,124.0,188.0,SF,1.0,1.0,0.0,ShAdDafrF,18.0,1068.0,17.0,1056.0,FTP
1720728305.222227,CNYG2P4yhma0i1In,192.168.1.4,49652.0,172.64.155.166,443.0,udp,0.7154929637908931,27796.0,14485.0,SF,1.0,0.0,0.0,Dd,42.0,28972.0,33.0,15409.0,HTTPS
1720728124.888859,C7rGdM2NeKUOZ6KWOi,192.168.1.4,42988.0,192.168.1.1,53.0,udp,0.088974952697753,41.0,390.0,SF,1.0,1.0,0.0,Dd,1.0,69.0,1.0,418.0,DNS
1720728899.974846,COhmNn1zSLfikoswi1,192.168.1.6,35982.0,192.168.1.4,21.0,tcp,9.101362228393556,140.0,188.0,SF,1.0,1.0,0.0,ShAdDafrF,18.0,1084.0,17.0,1056.0,FTP
1720727795.65304,CmaHly23kWSH8UiYxi,192.168.1.6,57460.0,192.168.1.4,21.0,tcp,9.743218183517456,118.0,188.0,SF,1.0,1.0,0.0,ShAdDafrF,18.0,1062.0,17.0,1056.0,FTP
1720729671.85732,CkKYl23zVIUcQtIbEf,192.168.1.6,59940.0,192.168.1.4,21.0,tcp,9.396240949630736,173.0,188.0,SF,1.0,1.0,0.0,ShAdDafFr,18.0,1117.0,17.0,1056.0,FTP
1720728335.953797,CJgfmn279SsqdGfe3k,192.168.1.4,46792.0,192.168.1.1,53.0,udp,0.002127885818481,43.0,437.0,SF,1.0,1.0,0.0,Dd,1.0,71.0,1.0,465.0,DNS
1720728305.985822,CDW7Oh2J5AATG7fqpk,192.168.1.4,56112.0,192.168.1.1,53.0,udp,0.006264925003051,41.0,163.0,SF,1.0,1.0,0.0,Dd,1.0,69.0,1.0,191.0,DNS
1720727914.544108,C7rdZ81ftYJlFP1zDg,192.168.1.4,33274.0,13.224.214.45,443.0,udp,0.006264925003051,41.0,163.0,SF,1.0,1.0,0.0,Dd,1.0,69.0,1.0,191.0,HTTPS
1720731475.10574,CqEkX5q8jueYAgXt4,192.168.1.6,42256.0,192.168.1.4,21.0,tcp,9.428303003311155,164.0,188.0,SF,1.0,1.0,0.0,ShAdDafrF,18.0,1108.0,17.0,1056.0,FTP
1720728094.568466,C7lk153CQvzTqVspD7,192.168.1.4,46976.0,13.224.214.83,443.0,tcp,114.17887997627258,3585.0,5144.0,SF,1.0,0.0,0.0,ShADadFf,16.0,4425.0,15.0,5932.0,HTTPS
1720727895.529312,C6qJ9S2ZiOJOo4wljb,192.168.1.6,46032.0,192.168.1.4,21.0,tcp,10.141967058181764,117.0,188.0,SF,1.0,1.0,0.0,ShAdDafrF,18.0,1061.0,17.0,1056.0,FTP
1720728275.042593,CMmVx24KDmbFaW1dM,192.168.1.4,60649.0,192.168.1.1,53.0,udp,0.001652956008911,63.0,123.0,SF,1.0,1.0,0.0,Dd,1.0,91.0,1.0,151.0,DNS
1720728125.056099,C1kU1T3jz0hLUocEJ3,192.168.1.4,46969.0,192.168.1.1,53.0,udp,0.005397081375122,50.0,321.0,SF,1.0,1.0,0.0,Dd,1.0,78.0,1.0,349.0,DNS
1720731076.903617,Cw6bwT3TD7aHao4r99,192.168.1.6,56942.0,192.168.1.4,21.0,tcp,10.839558124542236,116.0,188.0,SF,1.0,1.0,0.0,ShAdDafrF,18.0,1060.0,17.0,1056.0,FTP
1720730122.779776,CHeQQw1xPIahwCPvEa,192.168.1.6,48366.0,192.168.1.4,21.0,tcp,9.78591799736023,121.0,188.0,SF,1.0,1.0,0.0,ShAdDafFr,18.0,1065.0,17.0,1056.0,FTP
1720728246.247014,CvCurO1WnOHWxkp4zh,192.168.1.4,38984.0,192.168.1.1,53.0,udp,9.78591799736023,121.0,188.0,SF,1.0,1.0,0.0,ShAdDafFr,18.0,1065.0,17.0,1056.0,DNS
1720730512.495173,C0LDDx2JQrcCayXzmk,192.168.1.6,60910.0,192.168.1.4,21.0,tcp,9.13189697265625,127.0,188.0,SF,1.0,1.0,0.0,ShAdDafrF,18.0,1071.0,17.0,1056.0,FTP
1720728186.199682,C8QKYuINbAPjtGGq5,192.168.1.4,50942.0,192.168.1.1,53.0,udp,0.005647897720336,43.0,121.0,SF,1.0,1.0,0.0,Dd,1.0,71.0,1.0,149.0,DNS
1720729652.201408,CgzaXS2uLJjgRBbPja,192.168.1.6,46156.0,192.168.1.4,21.0,tcp,9.173569202423096,132.0,188.0,SF,1.0,1.0,0.0,ShAdDafFr,18.0,1076.0,17.0,1056.0,FTP
1720728184.737458,Cu5oiS3wnPo5KhuRR2,192.168.1.4,40616.0,23.205.106.81,443.0,tcp,9.173569202423096,132.0,188.0,SF,1.0,1.0,0.0,ShAdDafFr,18.0,1076.0,17.0,1056.0,HTTPS
1720730925.905881,CmcdsO1QGdoCYPRCVi,192.168.1.6,43422.0,192.168.1.4,21.0,tcp,10.65068006515503,181.0,188.0,SF,1.0,1.0,0.0,ShAdDafrF,18.0,1125.0,17.0,1056.0,FTP
1720728287.968747,C5Qry7y01r6CSlQTl,192.168.1.6,43494.0,192.168.1.4,21.0,tcp,10.86393404006958,118.0,188.0,SF,1.0,1.0,0.0,ShAdDafrF,18.0,1062.0,17.0,1056.0,FTP
1720730420.380598,CjknB14UBo7pbhurG9,192.168.1.6,49678.0,192.168.1.4,21.0,tcp,9.448982954025269,133.0,188.0,SF,1.0,1.0,0.0,ShAdDafFr,18.0,1077.0,17.0,1056.0,FTP
1720728231.989667,CSG1ro13eE8zqGkCd,192.168.1.6,34630.0,192.168.1.4,21.0,tcp,10.79909896850586,118.0,188.0,SF,1.0,1.0,0.0,ShAdDafrF,18.0,1062.0,17.0,1056.0,FTP
1720727794.707584,CcpxBo4fbrhTPpJ8Vh,192.168.1.4,35117.0,142.250.80.34,443.0,udp,0.165021181106567,5408.0,10001.0,SF,1.0,0.0,0.0,Dd,13.0,5772.0,14.0,10393.0,HTTPS
1720731472.664418,Cv19Kl1rdmcVeKPdh9,192.168.1.6,56760.0,192.168.1.4,21.0,tcp,10.58880090713501,156.0,188.0,SF,1.0,1.0,0.0,ShAdDafrF,18.0,1100.0,17.0,1056.0,FTP
1720727989.407638,CXTIT42ltcznTjmuW7,192.168.1.6,48564.0,192.168.1.4,21.0,tcp,10.521519899368286,118.0,188.0,SF,1.0,1.0,0.0,ShAdDafrF,18.0,1062.0,17.0,1056.0,FTP
1720731735.819049,CEy9pN2yfM4ndzsd42,192.168.1.6,52640.0,192.168.1.4,21.0,tcp,9.443759202957152,158.0,188.0,SF,1.0,1.0,0.0,ShAdDafrF,18.0,1102.0,17.0,1056.0,FTP
1720729621.473774,CiiYgv3oBnA0swKpnf,192.168.1.6,47654.0,192.168.1.4,21.0,tcp,9.022966146469116,116.0,188.0,SF,1.0,1.0,0.0,ShAdDafrF,18.0,1060.0,17.0,1056.0,FTP
1720729845.162172,CQ1Oa14oNy5hwIBp66,192.168.1.6,41776.0,192.168.1.4,21.0,tcp,9.789912939071655,125.0,188.0,SF,1.0,1.0,0.0,ShAdDafrF,18.0,1069.0,17.0,1056.0,FTP
1720728412.294423,CNXNGz17dW0Yciyfd,192.168.1.6,38548.0,192.168.1.4,21.0,tcp,10.59439182281494,118.0,188.0,SF,1.0,1.0,0.0,ShAdDafrF,18.0,1062.0,17.0,1056.0,FTP
1720731308.325262,CNjdyJ1XxNGFmFOuNj,192.168.1.6,55920.0,192.168.1.4,21.0,tcp,10.116736888885498,158.0,188.0,SF,1.0,1.0,0.0,ShAdDafrF,18.0,1102.0,17.0,1056.0,FTP
1720727754.895011,Cgj8N34kh5iGe0WENj,192.168.1.6,52036.0,192.168.1.4,21.0,tcp,10.53696894645691,118.0,188.0,SF,1.0,1.0,0.0,ShAdDafrF,18.0,1062.0,17.0,1056.0,FTP
1720728004.953798,CinHgG1NZwQmVECjnj,192.168.1.4,50204.0,192.168.1.1,53.0,udp,0.001184940338134,100.0,182.0,SF,1.0,1.0,0.0,Dd,1.0,128.0,1.0,210.0,DNS
1720727825.274991,CbmG5D1UBMHzwcX42j,192.168.1.4,42063.0,192.168.1.1,53.0,udp,0.003339052200317,46.0,96.0,SF,1.0,1.0,0.0,Dd,1.0,74.0,1.0,124.0,DNS
1720731911.655468,CjmEl1278BzS2xKVBc,192.168.1.6,50036.0,192.168.1.4,21.0,tcp,10.26742696762085,179.0,188.0,SF,1.0,1.0,0.0,ShAdDafrF,18.0,1123.0,17.0,1056.0,FTP
1720731267.478426,Cg79iy2hGsFMAVQ2Ib,192.168.1.6,32806.0,192.168.1.4,21.0,tcp,9.290482997894289,181.0,188.0,SF,1.0,1.0,0.0,ShAdDafrF,18.0,1125.0,17.0,1056.0,FTP
1720728922.082908,CCaKoq3kgLByLoFrpk,192.168.1.6,50622.0,192.168.1.4,21.0,tcp,9.180504083633425,145.0,188.0,SF,1.0,1.0,0.0,ShAdDafrF,18.0,1089.0,17.0,1056.0,FTP
1720729158.160371,CehaGyUDRzpZi91U4,192.168.1.6,45850.0,192.168.1.4,21.0,tcp,10.30211091041565,115.0,188.0,SF,1.0,1.0,0.0,ShAdDafrF,18.0,1059.0,17.0,1056.0,FTP
1720730028.231155,CZUJY51JyzSPHXaro5,192.168.1.6,59228.0,192.168.1.4,21.0,tcp,10.146344184875488,134.0,188.0,SF,1.0,1.0,0.0,ShAdDafrF,18.0,1078.0,17.0,1056.0,FTP
1720729432.446016,CzdQn41JKHf8Hdb3bi,192.168.1.4,36518.0,192.168.1.1,53.0,udp,10.146344184875488,134.0,188.0,SF,1.0,1.0,0.0,ShAdDafrF,18.0,1078.0,17.0,1056.0,DNS
1720730479.156458,Cvzt4LXPBJqg1Ck1a,192.168.1.6,50538.0,192.168.1.4,21.0,tcp,10.013387203216553,139.0,188.0,SF,1.0,1.0,0.0,ShAdDafrF,18.0,1083.0,17.0,1056.0,FTP
1720730546.379282,CoTQVdDPSgSggHbw3,192.168.1.6,58626.0,192.168.1.4,21.0,tcp,9.65214991569519,128.0,188.0,SF,1.0,1.0,0.0,ShAdDafrF,18.0,1072.0,17.0,1056.0,FTP
1720728193.090285,CsHbu13JROOSKb0DQg,192.168.1.6,53782.0,192.168.1.4,21.0,tcp,10.072607040405272,118.0,188.0,SF,1.0,1.0,0.0,ShAdDafrF,18.0,1062.0,17.0,1056.0,FTP
1720730276.273226,C1TxT31v8o1H13VUz6,192.168.1.6,54060.0,192.168.1.4,21.0,tcp,10.27098298072815,121.0,188.0,SF,1.0,1.0,0.0,ShAdDafFr,18.0,1065.0,17.0,1056.0,FTP
1720729333.25562,CD3tGX2TvSqkrwWrzj,192.168.1.4,46072.0,91.189.91.97,80.0,tcp,10.27098298072815,121.0,188.0,SF,1.0,1.0,0.0,ShAdDafFr,18.0,1065.0,17.0,1056.0,HTTP
1720727883.539081,CdEgW439QekgOdtQIg,192.168.1.4,59878.0,192.168.1.1,53.0,udp,0.181025981903076,41.0,138.0,SF,1.0,1.0,0.0,Dd,1.0,69.0,1.0,166.0,DNS
1720730285.233684,Cnve4ZIBj8Kfz3uh,192.168.1.6,50992.0,192.168.1.4,21.0,tcp,10.156615018844604,122.0,188.0,SF,1.0,1.0,0.0,ShAdDafFr,18.0,1066.0,17.0,1056.0,FTP
1720731576.654271,Cnij9Q19KRtjUAgoQ5,192.168.1.6,57234.0,192.168.1.4,21.0,tcp,9.482140064239502,175.0,188.0,SF,1.0,1.0,0.0,ShAdDafrF,18.0,1119.0,17.0,1056.0,FTP
1720730723.14871,CLSnuu2QrCV1jIxEjl,192.168.1.6,50860.0,192.168.1.4,21.0,tcp,9.70724606513977,129.0,188.0,SF,1.0,1.0,0.0,ShAdDafrF,18.0,1073.0,17.0,1056.0,FTP
1720728719.724955,CyxrtY2fAq2NNvU6n4,192.168.1.6,45264.0,192.168.1.4,21.0,tcp,10.307333946228027,135.0,188.0,SF,1.0,1.0,0.0,ShAdDafFr,18.0,1079.0,17.0,1056.0,FTP
1720729389.936076,CAcDho2jcnneQYIy13,192.168.1.6,36218.0,192.168.1.4,21.0,tcp,10.25432014465332,117.0,188.0,SF,1.0,1.0,0.0,ShAdDafrF,18.0,1061.0,17.0,1056.0,FTP
1720730743.109888,Crzxcr2U2pwLZSmKY9,192.168.1.6,60428.0,192.168.1.4,21.0,tcp,9.81571102142334,137.0,188.0,SF,1.0,1.0,0.0,ShAdDafrF,18.0,1081.0,17.0,1056.0,FTP
1720729085.231801,CA6nk83VnlS6H51gg1,192.168.1.6,50552.0,192.168.1.4,21.0,tcp,10.573654890060425,115.0,188.0,SF,1.0,1.0,0.0,ShAdDafrF,18.0,1059.0,17.0,1056.0,FTP
1720728740.064205,ClYAyh1eVupXE5tTa3,192.168.1.6,49784.0,192.168.1.4,21.0,tcp,10.476423978805542,117.0,188.0,SF,1.0,1.0,0.0,ShAdDafrF,18.0,1061.0,17.0,1056.0,FTP
1720730462.292312,CfsQGw2XEthgEgZqw6,192.168.1.6,42240.0,192.168.1.4,21.0,tcp,9.557592153549194,127.0,188.0,SF,1.0,1.0,0.0,ShAdDafrF,18.0,1071.0,17.0,1056.0,FTP
1720727733.455191,CujTXx3MtrCko7aC81,192.168.1.4,47534.0,100.26.87.64,443.0,tcp,60.0561261177063,1914.0,3373.0,S2,1.0,0.0,0.0,ShADadF,10.0,2334.0,10.0,3785.0,HTTPS
1720727944.116688,Cr38u919pN4xLHOeti,192.168.1.4,46704.0,192.168.1.1,53.0,udp,0.0018310546875,49.0,389.0,SF,1.0,1.0,0.0,Dd,1.0,77.0,1.0,417.0,DNS
1720731216.56978,CniAd52xJWRP3esVNg,192.168.1.6,51916.0,192.168.1.4,21.0,tcp,10.030263900756836,117.0,188.0,SF,1.0,1.0,0.0,ShAdDafrF,18.0,1061.0,17.0,1056.0,FTP
1720729153.142811,CRrVBChkx1D37urO6,192.168.1.6,45774.0,192.168.1.4,21.0,tcp,9.951917886734009,123.0,188.0,SF,1.0,1.0,0.0,ShAdDafrF,18.0,1067.0,17.0,1056.0,FTP
1720729441.845254,COfiiG3tNyMUzHK1r4,192.168.1.6,51886.0,192.168.1.4,21.0,tcp,10.813426971435549,121.0,188.0,SF,1.0,1.0,0.0,ShAdDafrF,18.0,1065.0,17.0,1056.0,FTP
1720727764.874567,CXZjSg1PuqGpc1AVp9,192.168.1.4,45685.0,192.168.1.1,53.0,udp,0.054008960723876,43.0,263.0,SF,1.0,1.0,0.0,Dd,1.0,71.0,1.0,291.0,DNS
1720730462.398575,CICx0a4evQqXgO2nw5,192.168.1.6,42244.0,192.168.1.4,21.0,tcp,9.554683923721312,117.0,188.0,SF,1.0,1.0,0.0,ShAdDafrF,18.0,1061.0,17.0,1056.0,FTP
1720727779.30792,CKCqFQGgCy9GdLqMk,192.168.1.4,49311.0,192.168.1.1,53.0,udp,9.554683923721312,117.0,188.0,SF,1.0,1.0,0.0,ShAdDafrF,18.0,1061.0,17.0,1056.0,DNS
1720730626.776562,CPl1CbVtFsgmxoiPf,192.168.1.6,45082.0,192.168.1.4,21.0,tcp,10.699544906616213,124.0,188.0,SF,1.0,1.0,0.0,ShAdDafrF,18.0,1068.0,17.0,1056.0,FTP
1720727885.310441,CemzCN2aBcJ1gxyeif,192.168.1.4,60959.0,142.251.40.110,443.0,tcp,10.699544906616213,124.0,188.0,SF,1.0,1.0,0.0,IIZiishH,18.0,1068.0,17.0,1056.0,HTTPS
1720730025.67261,ClMWu739e9eO1j00W7,192.168.1.6,59190.0,192.168.1.4,21.0,tcp,9.852707862854004,140.0,188.0,SF,1.0,1.0,0.0,ShAdDafrF,18.0,1084.0,17.0,1056.0,FTP
1720730587.010781,CITncZ2SNgVdSOUhoc,192.168.1.6,35000.0,192.168.1.4,21.0,tcp,9.83769989013672,133.0,188.0,SF,1.0,1.0,0.0,ShAdDafrF,18.0,1077.0,17.0,1056.0,FTP
1720730940.705196,CeyoBb1iKn5asPt1d,192.168.1.6,40744.0,192.168.1.4,21.0,tcp,10.334115028381348,146.0,188.0,SF,1.0,1.0,0.0,ShAdDafFr,18.0,1090.0,17.0,1056.0,FTP
1720727910.961002,CtO2r03ttjCiWa3hS,192.168.1.4,54702.0,192.168.1.1,53.0,udp,0.015384912490844,41.0,252.0,SF,1.0,1.0,0.0,Dd,1.0,69.0,1.0,280.0,DNS
1720731237.322619,CieDiH4RUQnEnsTh4,192.168.1.6,35102.0,192.168.1.4,21.0,tcp,9.736165046691896,153.0,188.0,SF,1.0,1.0,0.0,ShAdDafrF,18.0,1097.0,17.0,1056.0,FTP
1720728154.593092,CZnYcR2Jp2FOh1eiZ6,192.168.1.4,57364.0,192.168.1.1,53.0,udp,0.028600931167602,43.0,395.0,SF,1.0,1.0,0.0,Dd,1.0,71.0,1.0,423.0,DNS
1720727974.147001,CpsVfo1w2oXrn6mCO6,192.168.1.4,38166.0,204.235.147.206,443.0,tcp,234.6074230670929,2911.0,227087.0,SF,1.0,0.0,0.0,ShADadtFf,76.0,6007.0,115.0,231699.0,HTTPS
1720728996.342741,C5xp0F1ua2f127yfMh,192.168.1.6,51412.0,192.168.1.4,21.0,tcp,10.900075912475586,126.0,188.0,SF,1.0,1.0,0.0,ShAdDafrF,18.0,1070.0,17.0,1056.0,FTP
1720731436.225542,CpqLVA24ysSyo7KQY7,192.168.1.6,52994.0,192.168.1.4,21.0,tcp,10.953281879425049,170.0,188.0,SF,1.0,1.0,0.0,ShAdDafrF,18.0,1114.0,17.0,1056.0,FTP
1720727794.707584,CcpxBo4fbrhTPpJ8Vh,192.168.1.4,35117.0,142.250.80.34,443.0,tcp,10.953281879425049,170.0,188.0,SF,1.0,1.0,0.0,IIiiiIhhhHHhH,18.0,1114.0,17.0,1056.0,HTTPS
1720731369.467444,CGi8ZDwmi44en5Uy9,192.168.1.6,56778.0,192.168.1.4,21.0,tcp,9.886122941970823,178.0,188.0,SF,1.0,1.0,0.0,ShAdDafrF,18.0,1122.0,17.0,1056.0,FTP
1720731896.30431,CRXXGDxCLN1e1rM9g,192.168.1.6,37000.0,192.168.1.4,21.0,tcp,9.342635869979858,156.0,188.0,SF,1.0,1.0,0.0,ShAdDafFr,18.0,1100.0,17.0,1056.0,FTP
1720730762.878493,CjkSbwH1r66JvX5X1,192.168.1.6,50980.0,192.168.1.4,21.0,tcp,9.775176048278809,129.0,188.0,SF,1.0,1.0,0.0,ShAdDafrF,18.0,1073.0,17.0,1056.0,FTP
1720727768.647519,C4Uyth2AJFV6P3QeK3,192.168.1.6,53388.0,192.168.1.4,21.0,tcp,8.678663969039917,118.0,188.0,SF,1.0,1.0,0.0,ShAdDafrF,18.0,1062.0,17.0,1056.0,FTP
1720728414.964332,CWahDE15nFIC7vNso8,192.168.1.6,47034.0,192.168.1.4,21.0,tcp,10.833284854888916,118.0,188.0,SF,1.0,1.0,0.0,ShAdDafrF,18.0,1062.0,17.0,1056.0,FTP
1720727906.041359,CxKnhQ3A4aoV8B3Gak,192.168.1.6,47648.0,192.168.1.4,21.0,tcp,9.873473167419434,118.0,188.0,SF,1.0,1.0,0.0,ShAdDafrF,18.0,1062.0,17.0,1056.0,FTP
1720728186.722897,C5EBPX7TCMD4ctD72,192.168.1.4,49236.0,23.205.106.91,443.0,tcp,9.873473167419434,118.0,188.0,SF,1.0,1.0,0.0,ShAdDafrF,18.0,1062.0,17.0,1056.0,HTTPS
1720728095.422234,CqXkRq15WN1zVi3Hq7,192.168.1.4,46508.0,192.168.1.1,53.0,udp,9.873473167419434,118.0,188.0,SF,1.0,1.0,0.0,ShAdDafrF,18.0,1062.0,17.0,1056.0,DNS
1720728273.064175,C9N7Gz3OC2sIpJxF88,192.168.1.4,33863.0,192.168.1.1,53.0,udp,0.001167058944702,71.0,141.0,SF,1.0,1.0,0.0,Dd,1.0,99.0,1.0,169.0,DNS
1720728186.245893,CbJaqC3B01TCWdGR58,192.168.1.4,45341.0,192.168.1.1,53.0,udp,0.001167058944702,71.0,141.0,SF,1.0,1.0,0.0,Dd,1.0,99.0,1.0,169.0,DNS
1720730929.344852,CA3q8o2ikTNZwdjMi3,192.168.1.6,43490.0,192.168.1.4,21.0,tcp,11.360147953033447,158.0,188.0,SF,1.0,1.0,0.0,ShAdDafrF,18.0,1102.0,17.0,1056.0,FTP
1720730225.826213,CK8WPj21qhiGwxEs2e,192.168.1.6,47080.0,192.168.1.4,21.0,tcp,10.691201210021973,133.0,188.0,SF,1.0,1.0,0.0,ShAdDafrF,18.0,1077.0,17.0,1056.0,FTP
1720729902.548252,CBcxgW3wexgN9BBtc1,192.168.1.6,59758.0,192.168.1.4,21.0,tcp,10.19472885131836,130.0,188.0,SF,1.0,1.0,0.0,ShAdDafrF,18.0,1074.0,17.0,1056.0,FTP
1720728425.92283,CLcf173Q1FueOZ5Wvc,192.168.1.6,50508.0,192.168.1.4,21.0,tcp,9.90061092376709,117.0,188.0,SF,1.0,1.0,0.0,ShAdDafrF,18.0,1061.0,17.0,1056.0,FTP
1720728000.691414,CwsPSxOwjsW7GW7id,192.168.1.6,51320.0,192.168.1.4,21.0,tcp,10.649390935897827,118.0,188.0,SF,1.0,1.0,0.0,ShAdDafrF,18.0,1062.0,17.0,1056.0,FTP
1720730349.469727,CEV5BK3jlq5p5dtMoc,192.168.1.6,49006.0,192.168.1.4,21.0,tcp,10.482140064239502,132.0,188.0,SF,1.0,1.0,0.0,ShAdDafrF,18.0,1076.0,17.0,1056.0,FTP
1720727915.164996,C8LFDm7BwW2atXJWd,192.168.1.4,33758.0,13.224.214.65,443.0,tcp,240.04409217834475,2339.0,15770.0,SF,1.0,0.0,0.0,ShADadfF,23.0,3543.0,25.0,17078.0,HTTPS
1720728186.342547,CrKb2G1Kz0LGah059l,192.168.1.4,40332.0,192.168.1.1,53.0,udp,240.04409217834475,2339.0,15770.0,SF,1.0,0.0,0.0,ShADadfF,23.0,3543.0,25.0,17078.0,DNS
1720727915.138189,CY16m42TJPzmS7RGtg,192.168.1.4,39588.0,192.168.1.1,53.0,udp,240.04409217834475,2339.0,15770.0,SF,1.0,0.0,0.0,ShADadfF,23.0,3543.0,25.0,17078.0,DNS
1720727915.831688,CCJ5yzlL1uoBCaI2c,192.168.1.4,59102.0,192.168.1.1,53.0,udp,0.026093959808349,53.0,176.0,SF,1.0,1.0,0.0,Dd,1.0,81.0,1.0,204.0,DNS
1720729495.572235,COezFf1S32U8GfKxK2,192.168.1.6,43246.0,192.168.1.4,21.0,tcp,10.047480821609495,121.0,188.0,SF,1.0,1.0,0.0,ShAdDafFr,18.0,1065.0,17.0,1056.0,FTP
1720731795.092354,Cg7JYs4sIxlZPytmV,192.168.1.6,60840.0,192.168.1.4,21.0,tcp,11.219955921173096,162.0,188.0,SF,1.0,1.0,0.0,ShAdDafrF,18.0,1106.0,17.0,1056.0,FTP
1720727884.527852,CblJwE2gJfoCMeMhVh,192.168.1.4,38316.0,13.224.214.56,443.0,tcp,240.0451350212097,2369.0,6592.0,SF,1.0,0.0,0.0,ShADadfF,20.0,3417.0,22.0,7744.0,HTTPS
1720731257.431659,CuyiTl4sxMTJ77zBgb,192.168.1.6,53468.0,192.168.1.4,21.0,tcp,10.082540035247805,172.0,188.0,SF,1.0,1.0,0.0,ShAdDafrF,18.0,1116.0,17.0,1056.0,FTP
1720728186.43052,CL3hG2js5z7cLEWJg,192.168.1.4,45569.0,192.168.1.1,53.0,udp,0.002902030944824,52.0,374.0,SF,1.0,1.0,0.0,Dd,1.0,80.0,1.0,402.0,DNS
1720728612.113713,CRLR3H2e4xMg95i2vg,192.168.1.6,34190.0,192.168.1.4,21.0,tcp,10.76459789276123,119.0,188.0,SF,1.0,1.0,0.0,ShAdDafrF,18.0,1063.0,17.0,1056.0,FTP
1720730807.581682,C7erLN2wiIXQ66oFB6,192.168.1.6,53320.0,192.168.1.4,21.0,tcp,9.10905909538269,130.0,188.0,SF,1.0,1.0,0.0,ShAdDafrF,18.0,1074.0,17.0,1056.0,FTP
1720730526.053918,Ck0d9j3pmKxwgbt771,192.168.1.6,49602.0,192.168.1.4,21.0,tcp,10.917058229446411,130.0,188.0,SF,1.0,1.0,0.0,ShAdDafrF,18.0,1074.0,17.0,1056.0,FTP
1720729652.242007,CLCAUI2VqYe2Kwk87d,192.168.1.6,46178.0,192.168.1.4,21.0,tcp,9.153342008590698,123.0,188.0,SF,1.0,1.0,0.0,ShAdDafFr,18.0,1067.0,17.0,1056.0,FTP
1720730039.044955,CuCB9O3imTFiVoQD2a,192.168.1.6,34380.0,192.168.1.4,21.0,tcp,9.547529935836792,127.0,188.0,SF,1.0,1.0,0.0,ShAdDafrF,18.0,1071.0,17.0,1056.0,FTP
1720728331.923442,CBNBkT1NdcidXz8Ui,192.168.1.4,38316.0,192.168.1.1,53.0,udp,0.001335144042968,50.0,114.0,SF,1.0,1.0,0.0,Dd,1.0,78.0,1.0,142.0,DNS
1720729391.686861,CsIpIA4yxDscKrM8f9,192.168.1.6,36246.0,192.168.1.4,21.0,tcp,10.209079027175903,119.0,188.0,SF,1.0,1.0,0.0,ShAdDafrF,18.0,1063.0,17.0,1056.0,FTP
1720727765.783264,CQEP36367YGsX9Wx86,192.168.1.4,52227.0,192.168.1.1,53.0,udp,10.209079027175903,119.0,188.0,SF,1.0,1.0,0.0,ShAdDafrF,18.0,1063.0,17.0,1056.0,DNS
1720728831.699775,CXbZlh2hPG1jW0jWu2,192.168.1.6,48016.0,192.168.1.4,21.0,tcp,8.463973045349121,118.0,188.0,SF,1.0,1.0,0.0,ShAdDafrF,18.0,1062.0,17.0,1056.0,FTP
1720728035.007494,CriwQl2TeIPdsfCPuc,192.168.1.4,41790.0,192.168.1.1,53.0,udp,8.463973045349121,118.0,188.0,SF,1.0,1.0,0.0,ShAdDafrF,18.0,1062.0,17.0,1056.0,DNS
1720728457.750323,CaCYay19BX4khFr3he,192.168.1.6,56034.0,192.168.1.4,21.0,tcp,10.750167846679688,118.0,188.0,SF,1.0,1.0,0.0,ShAdDafrF,18.0,1062.0,17.0,1056.0,FTP
1720728042.117652,CUVUKX1iw9YWx3f1Sk,192.168.1.6,56536.0,192.168.1.4,21.0,tcp,10.828570127487184,118.0,188.0,SF,1.0,1.0,0.0,ShAdDafrF,18.0,1062.0,17.0,1056.0,FTP
1720731545.129235,CqPQ0B4M8q7OiudBK2,192.168.1.6,39768.0,192.168.1.4,21.0,tcp,9.781352996826172,142.0,188.0,SF,1.0,1.0,0.0,ShAdDafrF,18.0,1086.0,17.0,1056.0,FTP
1720728155.085631,CF5CAi2kQvs9br4Zq8,192.168.1.4,50402.0,152.199.0.214,443.0,tcp,9.781352996826172,142.0,188.0,SF,1.0,1.0,0.0,ShAdDafrF,18.0,1086.0,17.0,1056.0,HTTPS
1720730514.540854,CUGL3yH8V1UCvYC37,192.168.1.6,46232.0,192.168.1.4,21.0,tcp,10.43870210647583,145.0,188.0,SF,1.0,1.0,0.0,ShAdDafrF,18.0,1089.0,17.0,1056.0,FTP
1720730778.368807,CAx44IY1YnypseLSj,192.168.1.6,57988.0,192.168.1.4,21.0,tcp,9.557663917541504,117.0,188.0,SF,1.0,1.0,0.0,ShAdDafrF,18.0,1061.0,17.0,1056.0,FTP
1720729785.658572,COF6MA1MvNOUMq1s52,192.168.1.6,60752.0,192.168.1.4,21.0,tcp,10.006794929504396,112.0,188.0,SF,1.0,1.0,0.0,ShAdDafrF,18.0,1056.0,17.0,1056.0,FTP
1720731433.233525,CAZIzs2SRrrDvsruEe,192.168.1.4,49570.0,192.168.1.1,53.0,udp,10.006794929504396,112.0,188.0,SF,1.0,1.0,0.0,ShAdDafrF,18.0,1056.0,17.0,1056.0,DNS
1720730381.304473,CWoWBc4FNdVt2WfAii,192.168.1.6,33474.0,192.168.1.4,21.0,tcp,9.7253999710083,133.0,188.0,SF,1.0,1.0,0.0,ShAdDafrF,18.0,1077.0,17.0,1056.0,FTP
1720728306.007208,CJZqiX1ETcFC8Z54m7,192.168.1.4,56392.0,192.168.1.1,53.0,udp,0.011704921722412,50.0,141.0,SF,1.0,1.0,0.0,Dd,1.0,78.0,1.0,169.0,DNS
1720727914.995039,CLCs083yI0iQS6nJMl,192.168.1.4,47298.0,13.224.214.12,443.0,tcp,269.68134093284607,7407.0,23105.0,RSTO,1.0,0.0,0.0,ShADadfR,32.0,9079.0,32.0,24777.0,HTTPS
1720730277.457802,C80eZURkbGA0NXHZ2,192.168.1.6,54064.0,192.168.1.4,21.0,tcp,10.9698748588562,124.0,188.0,SF,1.0,1.0,0.0,ShAdDafrF,18.0,1068.0,17.0,1056.0,FTP
1720727643.228555,CAQbja1Q2lmo8FBQUe,192.168.1.4,45488.0,23.205.106.151,443.0,tcp,120.0833261013031,2414.0,90510.0,SF,1.0,0.0,0.0,ShADadfF,42.0,4606.0,61.0,93690.0,HTTPS
1720728412.243596,CCPSkN37DKHYHG52u4,192.168.1.6,38542.0,192.168.1.4,21.0,tcp,10.594931840896606,118.0,188.0,SF,1.0,1.0,0.0,ShAdDafrF,18.0,1062.0,17.0,1056.0,FTP
1720730772.11871,Ci4xEO20bF2g46fM1l,192.168.1.6,37176.0,192.168.1.4,21.0,tcp,10.368442058563232,119.0,188.0,SF,1.0,1.0,0.0,ShAdDafrF,18.0,1063.0,17.0,1056.0,FTP
1720728096.892701,CT06cY1HkqMzSzvfVg,192.168.1.4,44264.0,45.60.73.43,443.0,tcp,10.368442058563232,119.0,188.0,SF,1.0,1.0,0.0,ShAdDafrF,18.0,1063.0,17.0,1056.0,HTTPS
1720728183.803304,ClMpgu49fnTVG4aFIj,192.168.1.6,42638.0,192.168.1.4,21.0,tcp,9.543622016906738,116.0,188.0,SF,1.0,1.0,0.0,ShAdDafFr,18.0,1060.0,17.0,1056.0,FTP
1720730660.285382,CfNT3N2MZbBPKhSfoc,192.168.1.6,44722.0,192.168.1.4,21.0,tcp,10.431621074676514,134.0,188.0,SF,1.0,1.0,0.0,ShAdDafFr,18.0,1078.0,17.0,1056.0,FTP
1720728125.338442,C1pqV6ZEgWdxTxj9d,192.168.1.4,38318.0,104.106.162.18,443.0,tcp,60.11264991760254,1910.0,4240.0,RSTO,1.0,0.0,0.0,ShADadfR,10.0,2450.0,12.0,4872.0,HTTPS
1720728186.435872,CesFi01c5MUET7KHqg,192.168.1.4,55902.0,142.250.176.206,443.0,tcp,22.3209388256073,4171.0,9278.0,SF,1.0,0.0,0.0,ShADadFf,20.0,5219.0,21.0,10378.0,HTTPS
1720727850.907728,CEqnfw3fqzlnax9o0j,192.168.1.4,53626.0,192.168.1.1,53.0,udp,22.3209388256073,4171.0,9278.0,SF,1.0,0.0,0.0,ShADadFf,20.0,5219.0,21.0,10378.0,DNS
1720729420.299139,C3OaNzwyKgopF7U91,192.168.1.6,36268.0,192.168.1.4,21.0,tcp,10.28442096710205,123.0,188.0,SF,1.0,1.0,0.0,ShAdDafFr,18.0,1067.0,17.0,1056.0,FTP
1720728245.098678,CbGpCj3JL5uzrGXT6,192.168.1.4,38069.0,192.168.1.1,53.0,udp,10.28442096710205,123.0,188.0,SF,1.0,1.0,0.0,ShAdDafFr,18.0,1067.0,17.0,1056.0,DNS
1720728645.903278,CpRU8r3Ug9OoIVtim6,192.168.1.6,35444.0,192.168.1.4,21.0,tcp,10.315735816955566,140.0,188.0,SF,1.0,1.0,0.0,ShAdDafFr,18.0,1084.0,17.0,1056.0,FTP
1720728061.310958,CfVNIN36eTOmLrIU2f,192.168.1.4,40247.0,192.168.1.1,53.0,udp,10.315735816955566,140.0,188.0,SF,1.0,1.0,0.0,ShAdDafFr,18.0,1084.0,17.0,1056.0,DNS
1720728484.252442,C9Wt5mUa22GpAVLy7,192.168.1.6,36302.0,192.168.1.4,21.0,tcp,10.264096021652222,118.0,188.0,SF,1.0,1.0,0.0,ShAdDafrF,18.0,1062.0,17.0,1056.0,FTP
1720729718.460724,CinmTj1pMOd3a2Ekjg,192.168.1.6,56554.0,192.168.1.4,21.0,tcp,9.600137948989868,129.0,188.0,SF,1.0,1.0,0.0,ShAdDafrF,18.0,1073.0,17.0,1056.0,FTP
1720731066.701732,CgiGm21bAWjSkvlk1,192.168.1.6,38644.0,192.168.1.4,21.0,tcp,10.25557804107666,133.0,188.0,SF,1.0,1.0,0.0,ShAdDafrF,18.0,1077.0,17.0,1056.0,FTP
1720728155.359494,CsP3U13OjR2igHJbc6,192.168.1.4,36008.0,68.232.33.14,443.0,tcp,53.39506411552429,2408.0,4537.0,SF,1.0,0.0,0.0,ShADadFf,11.0,2988.0,12.0,5169.0,HTTPS
1720727854.23859,CsE7o61rYhw7nrk1yj,192.168.1.4,41904.0,142.250.65.170,443.0,tcp,60.20419192314148,1835.0,6719.0,SF,1.0,0.0,0.0,ShADadFf,12.0,2467.0,10.0,7247.0,HTTPS
1720730092.79036,ChB4G94XrmExbFBVzb,192.168.1.6,33670.0,192.168.1.4,21.0,tcp,9.785928010940552,143.0,188.0,SF,1.0,1.0,0.0,ShAdDafrF,18.0,1087.0,17.0,1056.0,FTP
1720731286.947541,CMkzgG4W3xINUP7pt6,192.168.1.6,50114.0,192.168.1.4,21.0,tcp,11.000797033309937,169.0,188.0,SF,1.0,1.0,0.0,ShAdDafrF,18.0,1113.0,17.0,1056.0,FTP
1720730982.074369,Czr3o84vWOqdpgpjBb,192.168.1.6,36278.0,192.168.1.4,21.0,tcp,10.231765031814575,145.0,188.0,SF,1.0,1.0,0.0,ShAdDafrF,18.0,1089.0,17.0,1056.0,FTP
1720728827.488591,CGRQ3H2MxI7uYZAgoe,192.168.1.6,47922.0,192.168.1.4,21.0,tcp,9.649073123931885,121.0,188.0,SF,1.0,1.0,0.0,ShAdDafFr,18.0,1065.0,17.0,1056.0,FTP
1720728371.106198,CICDnNkgnRl3de5g6,192.168.1.6,46790.0,192.168.1.4,21.0,tcp,10.51806092262268,118.0,188.0,SF,1.0,1.0,0.0,ShAdDafrF,18.0,1062.0,17.0,1056.0,FTP
1720731002.970028,CAMi1JKfyYj7qiMYi,192.168.1.6,35350.0,192.168.1.4,21.0,tcp,10.699181079864502,128.0,188.0,SF,1.0,1.0,0.0,ShAdDafFr,18.0,1072.0,17.0,1056.0,FTP
1720728124.596558,CL8MC31bJwN9tdEkj2,192.168.1.4,33384.0,192.168.1.1,53.0,udp,0.03354787826538,46.0,263.0,SF,1.0,1.0,0.0,Dd,1.0,74.0,1.0,291.0,DNS
1720727983.308198,CMle5s1VvnqB1iF9Zj,192.168.1.4,47405.0,192.168.1.1,53.0,udp,0.034930944442749,76.0,155.0,SF,1.0,1.0,0.0,Dd,1.0,104.0,1.0,183.0,DNS
1720729802.908704,Ce5Uf84f802qf8wcN8,192.168.1.6,54366.0,192.168.1.4,21.0,tcp,11.137912034988403,126.0,188.0,SF,1.0,1.0,0.0,ShAdDafrF,18.0,1070.0,17.0,1056.0,FTP
1720731911.080791,Czzpsl1hMowsIqfD63,192.168.1.6,50022.0,192.168.1.4,21.0,tcp,9.849070072174072,194.0,188.0,SF,1.0,1.0,0.0,ShAdDafrF,18.0,1138.0,17.0,1056.0,FTP
1720728436.483055,C9GZl8epnPshvT3f8,192.168.1.6,44236.0,192.168.1.4,21.0,tcp,10.010787963867188,118.0,188.0,SF,1.0,1.0,0.0,ShAdDafrF,18.0,1062.0,17.0,1056.0,FTP
1720730007.803316,CErruK1xGVPEfoGt9a,192.168.1.6,41220.0,192.168.1.4,21.0,tcp,10.918856859207152,121.0,188.0,SF,1.0,1.0,0.0,ShAdDafrF,18.0,1065.0,17.0,1056.0,FTP
1720728306.368021,CQlN3h2tFbpWpa2IAl,192.168.1.4,35728.0,52.223.40.198,443.0,tcp,10.918856859207152,121.0,188.0,SF,1.0,1.0,0.0,ShAdDafrF,18.0,1065.0,17.0,1056.0,HTTPS
1720728305.064989,CM5PYC16crdTeR29jk,192.168.1.6,45654.0,192.168.1.4,21.0,tcp,10.334231853485107,118.0,188.0,SF,1.0,1.0,0.0,ShAdDafrF,18.0,1062.0,17.0,1056.0,FTP
1720729988.732417,CVIdSj2qSkjeHURx12,192.168.1.6,44542.0,192.168.1.4,21.0,tcp,9.279573917388916,123.0,188.0,SF,1.0,1.0,0.0,ShAdDafrF,18.0,1067.0,17.0,1056.0,FTP
1720730501.758357,CeaSdk4Ph2PJUQFa8,192.168.1.6,58768.0,192.168.1.4,21.0,tcp,10.226314067840576,132.0,188.0,SF,1.0,1.0,0.0,ShAdDafrF,18.0,1076.0,17.0,1056.0,FTP
1720727958.151369,CdRuqq1WzTEhJMCpEi,192.168.1.6,56546.0,192.168.1.4,21.0,tcp,11.092736959457396,117.0,188.0,SF,1.0,1.0,0.0,ShAdDafrF,18.0,1061.0,17.0,1056.0,FTP
1720729325.268828,CLGiS11j0bFGZcWkT7,192.168.1.6,54744.0,192.168.1.4,21.0,tcp,10.423627138137816,117.0,188.0,SF,1.0,1.0,0.0,ShAdDafrF,18.0,1061.0,17.0,1056.0,FTP
1720727853.966941,Cyt4L7cI92zkzJVvd,192.168.1.4,50621.0,192.168.1.1,53.0,udp,0.003143787384033,57.0,142.0,SF,1.0,1.0,0.0,Dd,1.0,85.0,1.0,170.0,DNS
1720727764.874679,CwTR683IBTmSEqz45l,192.168.1.4,54043.0,192.168.1.1,53.0,udp,0.175457000732421,118.0,118.0,SF,1.0,1.0,0.0,Dd,3.0,202.0,3.0,202.0,DNS
1720730471.850048,Ca20aJ2ABg8h0qXFk8,192.168.1.6,36362.0,192.168.1.4,21.0,tcp,10.672979831695557,131.0,188.0,SF,1.0,1.0,0.0,ShAdDafrF,18.0,1075.0,17.0,1056.0,FTP
1720727874.766792,CG07CV1H0mN9sBL7Yg,192.168.1.6,46286.0,192.168.1.4,21.0,tcp,10.633419036865234,118.0,188.0,SF,1.0,1.0,0.0,ShAdDafrF,18.0,1062.0,17.0,1056.0,FTP
1720728155.072265,CZ5Fbu2SsbrvrO4hWi,192.168.1.4,50390.0,152.199.0.214,443.0,tcp,0.05323314666748,2532.0,4815.0,SF,1.0,0.0,0.0,ShADadFRfR,12.0,3116.0,11.0,5395.0,HTTPS
1720729335.708933,CNPZFoAmQcHdSGnJ9,192.168.1.6,50708.0,192.168.1.4,21.0,tcp,10.013035774230955,120.0,188.0,SF,1.0,1.0,0.0,ShAdDafFr,18.0,1064.0,17.0,1056.0,FTP
1720728996.099881,CJ0Ov01qA0YYXxHVTk,192.168.1.6,51402.0,192.168.1.4,21.0,tcp,10.89365816116333,131.0,188.0,SF,1.0,1.0,0.0,ShAdDafrF,18.0,1075.0,17.0,1056.0,FTP
1720731454.413058,CzVXOY1scmwmPqdvO4,192.168.1.6,44220.0,192.168.1.4,21.0,tcp,10.101744890213013,147.0,188.0,SF,1.0,1.0,0.0,ShAdDafrF,18.0,1091.0,17.0,1056.0,FTP
1720728096.491185,CvOB2e52KSOeKs9Wd,192.168.1.4,47911.0,192.168.1.1,53.0,udp,0.005504131317138,48.0,105.0,SF,1.0,1.0,0.0,Dd,1.0,76.0,1.0,133.0,DNS
1720727764.008983,CdOrH21jyqgcSLxQid,192.168.1.4,40067.0,192.168.1.1,53.0,udp,0.002745151519775,44.0,411.0,SF,1.0,1.0,0.0,Dd,1.0,72.0,1.0,439.0,DNS
1720730466.56878,CgwYwW2kyC1hSe8Lc6,192.168.1.6,36302.0,192.168.1.4,21.0,tcp,10.14746904373169,124.0,188.0,SF,1.0,1.0,0.0,ShAdDafrF,18.0,1068.0,17.0,1056.0,FTP
1720729340.629921,CYBpj7uobo94EHW0c,192.168.1.6,50812.0,192.168.1.4,21.0,tcp,9.73890995979309,138.0,188.0,SF,1.0,1.0,0.0,ShAdDafrF,18.0,1082.0,17.0,1056.0,FTP
1720730610.10533,CJUZGy1RvlkJY1vYq4,192.168.1.6,41846.0,192.168.1.4,21.0,tcp,9.73890995979309,138.0,188.0,SF,1.0,1.0,0.0,ShAdDafrF,18.0,1082.0,17.0,1056.0,FTP
1720727884.165866,Cynq7L1InaV4LroMi4,192.168.1.4,42988.0,192.168.1.1,53.0,udp,0.257272005081176,43.0,484.0,SF,1.0,1.0,0.0,Dd,1.0,71.0,1.0,512.0,DNS
1720728306.195163,CGEUUy1MX3skCDlGxk,192.168.1.4,43896.0,192.168.1.1,53.0,udp,0.257272005081176,43.0,484.0,SF,1.0,1.0,0.0,Dd,1.0,71.0,1.0,512.0,DNS
1720731806.312422,CiEThp41YZszMeyhai,192.168.1.6,34930.0,192.168.1.4,21.0,tcp,11.355427026748655,159.0,188.0,SF,1.0,1.0,0.0,ShAdDafFr,18.0,1103.0,17.0,1056.0,FTP
1720730683.51383,CNq9FZ3u33oYTqEZ77,192.168.1.6,33110.0,192.168.1.4,21.0,tcp,9.432959079742432,129.0,188.0,SF,1.0,1.0,0.0,ShAdDafrF,18.0,1073.0,17.0,1056.0,FTP
1720727794.67059,CVTi9S3zNjpXtw4gt9,192.168.1.4,42081.0,192.168.1.1,53.0,udp,0.00446605682373,52.0,374.0,SF,1.0,1.0,0.0,Dd,1.0,80.0,1.0,402.0,DNS
1720731915.895315,CjDUsE191M1meOTxCl,192.168.1.6,38530.0,192.168.1.4,21.0,tcp,10.033838033676147,166.0,188.0,SF,1.0,1.0,0.0,ShAdDafrF,18.0,1110.0,17.0,1056.0,FTP
1720731524.011041,CMgPxszHnd4pmBUXk,192.168.1.6,46412.0,192.168.1.4,21.0,tcp,10.13091206550598,156.0,188.0,SF,1.0,1.0,0.0,ShAdDafFr,18.0,1100.0,17.0,1056.0,FTP
1720727914.369716,CBAiDJdOC1OBHpm2e,192.168.1.4,48137.0,192.168.1.1,53.0,udp,10.13091206550598,156.0,188.0,SF,1.0,1.0,0.0,ShAdDafFr,18.0,1100.0,17.0,1056.0,DNS
1720728719.40118,CPuwn9rQMs8lpmJf8,192.168.1.6,45238.0,192.168.1.4,21.0,tcp,10.5034658908844,145.0,188.0,SF,1.0,1.0,0.0,ShAdDafrF,18.0,1089.0,17.0,1056.0,FTP
1720727914.205768,Cd4rld1Oidj73tk2Mg,192.168.1.4,51712.0,13.224.214.32,443.0,tcp,0.043501853942871,1757.0,4798.0,SF,1.0,0.0,0.0,ShADadFRfR,9.0,2209.0,8.0,5222.0,HTTPS
1720730971.17918,ChtcT63qjryfcPyGTe,192.168.1.6,48942.0,192.168.1.4,21.0,tcp,10.650738000869753,126.0,188.0,SF,1.0,1.0,0.0,ShAdDafrF,18.0,1070.0,17.0,1056.0,FTP
1720728034.657003,COlw1X2zCS3lSISfLe,192.168.1.4,32969.0,192.168.1.1,53.0,udp,10.650738000869753,126.0,188.0,SF,1.0,1.0,0.0,ShAdDafrF,18.0,1070.0,17.0,1056.0,DNS
1720731370.947955,COQQa33XAA8XMRWep7,192.168.1.6,56828.0,192.168.1.4,21.0,tcp,10.92647409439087,146.0,188.0,SF,1.0,1.0,0.0,ShAdDafrF,18.0,1090.0,17.0,1056.0,FTP
1720731255.936354,CLiphy35Re1j2xgr8b,192.168.1.6,53400.0,192.168.1.4,21.0,tcp,10.56257700920105,179.0,188.0,SF,1.0,1.0,0.0,ShAdDafrF,18.0,1123.0,17.0,1056.0,FTP
1720729367.769433,Cn41PnYxXi017jOF4,192.168.1.6,44482.0,192.168.1.4,21.0,tcp,9.996672868728638,131.0,188.0,SF,1.0,1.0,0.0,ShAdDafrF,18.0,1075.0,17.0,1056.0,FTP
1720731463.209601,CvzZSE1xKSapPsLOKe,192.168.1.6,56604.0,192.168.1.4,21.0,tcp,9.454647064208984,155.0,188.0,SF,1.0,1.0,0.0,ShAdDafFr,18.0,1099.0,17.0,1056.0,FTP
1720728011.304915,C5SFgsrcingby0HKl,192.168.1.6,38334.0,192.168.1.4,21.0,tcp,9.919378995895386,117.0,188.0,SF,1.0,1.0,0.0,ShAdDafrF,18.0,1061.0,17.0,1056.0,FTP
1720728064.569056,CLI8EshrQe4gqEL43,192.168.1.4,36961.0,192.168.1.1,53.0,udp,0.004806041717529,49.0,106.0,SF,1.0,1.0,0.0,Dd,1.0,77.0,1.0,134.0,DNS
1720728676.971729,CvxLy74wD9spAcDw68,192.168.1.6,41484.0,192.168.1.4,21.0,tcp,11.40531086921692,140.0,188.0,SF,1.0,1.0,0.0,ShAdDafrF,18.0,1084.0,17.0,1056.0,FTP
1720728524.24057,CEG5bVq0rfQPshVnc,192.168.1.6,54518.0,192.168.1.4,21.0,tcp,9.86185884475708,114.0,188.0,SF,1.0,1.0,0.0,ShAdDafrF,18.0,1058.0,17.0,1056.0,FTP
1720728802.759556,CY301W3AdC1OE0Fby4,192.168.1.6,45238.0,192.168.1.4,21.0,tcp,9.960110902786257,125.0,188.0,SF,1.0,1.0,0.0,ShAdDafrF,18.0,1069.0,17.0,1056.0,FTP
1720731683.274541,CemU8n4FvLXlBLrgda,192.168.1.6,52544.0,192.168.1.4,21.0,tcp,10.426789045333862,171.0,188.0,SF,1.0,1.0,0.0,ShAdDafrF,18.0,1115.0,17.0,1056.0,FTP
1720728673.745039,C1lD5aCQBRixLrNxa,192.168.1.6,41416.0,192.168.1.4,21.0,tcp,10.511467933654783,133.0,188.0,SF,1.0,1.0,0.0,ShAdDafrF,18.0,1077.0,17.0,1056.0,FTP
1720727895.553236,CSJ4Rq3KnBfmgnXOq4,192.168.1.6,46042.0,192.168.1.4,21.0,tcp,10.418612957000732,117.0,188.0,SF,1.0,1.0,0.0,ShAdDafrF,18.0,1061.0,17.0,1056.0,FTP
1720727805.8862,CfRNbd1h5IJnAXdZOj,192.168.1.6,41924.0,192.168.1.4,21.0,tcp,9.888647079467772,118.0,188.0,SF,1.0,1.0,0.0,ShAdDafFr,18.0,1062.0,17.0,1056.0,FTP
1720728634.025771,CGfmwX2QPuFIhXD4qk,192.168.1.6,45490.0,192.168.1.4,21.0,tcp,10.020580053329468,132.0,188.0,SF,1.0,1.0,0.0,ShAdDafrF,18.0,1076.0,17.0,1056.0,FTP
1720728305.732961,CFG2Hy4sYLvc6faIKd,192.168.1.4,54001.0,192.168.1.1,53.0,udp,0.044244050979614,43.0,136.0,SF,1.0,1.0,0.0,Dd,1.0,71.0,1.0,164.0,DNS
1720727915.634378,ClpZ1n2OAR8NiF0vR4,192.168.1.4,52791.0,31.13.71.7,443.0,udp,0.044244050979614,43.0,136.0,SF,1.0,1.0,0.0,Dd,1.0,71.0,1.0,164.0,HTTPS
1720728305.867584,CppkEs1OjkObsh17x7,192.168.1.4,37812.0,142.250.72.110,443.0,udp,0.044244050979614,43.0,136.0,SF,1.0,1.0,0.0,IIiiiIhhhHHhHH,1.0,71.0,1.0,164.0,HTTPS
1720729979.237445,CuO4nZ140bhc00PFUe,192.168.1.6,38310.0,192.168.1.4,21.0,tcp,9.494869947433472,139.0,188.0,SF,1.0,1.0,0.0,ShAdDafrF,18.0,1083.0,17.0,1056.0,FTP
1720728186.49534,CiG2t72PAM55aRu9a4,192.168.1.4,33075.0,192.168.1.1,53.0,udp,0.016627788543701,56.0,351.0,SF,1.0,1.0,0.0,Dd,1.0,84.0,1.0,379.0,DNS
1720728979.522755,CeI2nH3A6QxJNUt5Bj,192.168.1.6,57642.0,192.168.1.4,21.0,tcp,9.635125160217283,120.0,188.0,SF,1.0,1.0,0.0,ShAdDafrF,18.0,1064.0,17.0,1056.0,FTP
1720730922.105945,CDH7TU2TFT3dKx1Av6,192.168.1.6,34732.0,192.168.1.4,21.0,tcp,10.993815898895264,142.0,188.0,SF,1.0,1.0,0.0,ShAdDafrF,18.0,1086.0,17.0,1056.0,FTP
1720729054.562366,CsILll1bUCcjzHqFV3,192.168.1.6,59884.0,192.168.1.4,21.0,tcp,10.275259017944336,125.0,188.0,SF,1.0,1.0,0.0,ShAdDafrF,18.0,1069.0,17.0,1056.0,FTP
1720727824.829149,CwGb2q1fHUaM1GXYb,192.168.1.4,54123.0,192.168.1.1,53.0,udp,0.004358053207397,54.0,140.0,SF,1.0,1.0,0.0,Dd,1.0,82.0,1.0,168.0,DNS
1720727794.670688,CbWt684lHUN7G5m5l2,192.168.1.4,44623.0,192.168.1.1,53.0,udp,0.004358053207397,54.0,140.0,SF,1.0,1.0,0.0,Dd,1.0,82.0,1.0,168.0,DNS
1720730398.359365,CUCqjtlARhaNHmgF1,192.168.1.6,34004.0,192.168.1.4,21.0,tcp,9.386653900146484,147.0,188.0,SF,1.0,1.0,0.0,ShAdDafrF,18.0,1091.0,17.0,1056.0,FTP
1720728034.68436,CWLxfEUhE87KDS3c6,192.168.1.4,42994.0,104.96.220.114,443.0,tcp,9.386653900146484,147.0,188.0,SF,1.0,1.0,0.0,ShAdDafrF,18.0,1091.0,17.0,1056.0,HTTPS
1720727969.30021,C4r39d3huiSmGRxY84,192.168.1.6,41758.0,192.168.1.4,21.0,tcp,11.409466981887816,118.0,188.0,SF,1.0,1.0,0.0,ShAdDafrF,18.0,1062.0,17.0,1056.0,FTP
1720729517.935262,CmyO3F2VQqovi43dlg,192.168.1.6,36498.0,192.168.1.4,21.0,tcp,10.590137004852297,115.0,188.0,SF,1.0,1.0,0.0,ShAdDafrF,18.0,1059.0,17.0,1056.0,FTP
1720729053.971339,CAlUpn3EiHkv25Hmac,192.168.1.6,59840.0,192.168.1.4,21.0,tcp,10.680469036102297,131.0,188.0,SF,1.0,1.0,0.0,ShAdDafrF,18.0,1075.0,17.0,1056.0,FTP
1720731649.689907,CffhNc1jdDpyHmJkVj,192.168.1.6,40724.0,192.168.1.4,21.0,tcp,9.99951982498169,163.0,188.0,SF,1.0,1.0,0.0,ShAdDafFr,18.0,1107.0,17.0,1056.0,FTP
1720731110.723266,CU7RVjVX8t2mhfNc3,192.168.1.6,40472.0,192.168.1.4,21.0,tcp,9.675355195999146,110.0,188.0,SF,1.0,1.0,0.0,ShAdDafFr,18.0,1054.0,17.0,1056.0,FTP
1720728266.99434,CFZIteiRTOlxHrUO3,192.168.1.6,34680.0,192.168.1.4,21.0,tcp,10.199985980987549,118.0,188.0,SF,1.0,1.0,0.0,ShAdDafrF,18.0,1062.0,17.0,1056.0,FTP
1720729823.60777,CYzsuA14Ky4c4LZO1l,192.168.1.6,34288.0,192.168.1.4,21.0,tcp,10.456146955490112,123.0,188.0,SF,1.0,1.0,0.0,ShAdDafrF,18.0,1067.0,17.0,1056.0,FTP
1720729014.023603,CGLrmT3r0Ba5lr8fk2,192.168.1.6,55626.0,192.168.1.4,21.0,tcp,9.726619958877563,111.0,188.0,SF,1.0,1.0,0.0,ShAdDafrF,18.0,1055.0,17.0,1056.0,FTP
1720729335.719169,Cxgi6D4S6WW6eRwe4b,192.168.1.6,50718.0,192.168.1.4,21.0,tcp,10.01286506652832,118.0,188.0,SF,1.0,1.0,0.0,ShAdDafFr,18.0,1062.0,17.0,1056.0,FTP
1720728300.005332,Cw04q7PdewHDM6amb,192.168.1.6,60770.0,192.168.1.4,21.0,tcp,11.128626108169556,118.0,188.0,SF,1.0,1.0,0.0,ShAdDafrF,18.0,1062.0,17.0,1056.0,FTP
1720728035.167138,CZcERM1Gt6sqSzw5Pj,192.168.1.4,43175.0,192.168.1.1,53.0,udp,11.128626108169556,118.0,188.0,SF,1.0,1.0,0.0,ShAdDafrF,18.0,1062.0,17.0,1056.0,DNS
1720730522.80615,Clde6TMnZjcDaXSH5,192.168.1.6,46346.0,192.168.1.4,21.0,tcp,10.203063011169434,119.0,188.0,SF,1.0,1.0,0.0,ShAdDafrF,18.0,1063.0,17.0,1056.0,FTP
1720727824.411558,CAmg592Epe2TLRoNp,192.168.1.4,43448.0,142.251.40.238,443.0,tcp,240.5829491615296,7581.0,29228.0,SF,1.0,0.0,0.0,ShADadFf,34.0,9357.0,47.0,31680.0,HTTPS
1720730434.031571,C8yv8O248zonM6QXO,192.168.1.6,42628.0,192.168.1.4,21.0,tcp,10.35648798942566,130.0,188.0,SF,1.0,1.0,0.0,ShAdDafFr,18.0,1074.0,17.0,1056.0,FTP
1720729639.101226,C7KHRI2KyooG1s3BF3,192.168.1.6,47546.0,192.168.1.4,21.0,tcp,9.474612951278688,109.0,188.0,SF,1.0,1.0,0.0,ShAdDafrF,18.0,1053.0,17.0,1056.0,FTP
1720728168.423405,C3Dyjo3m1DogG9DEc,192.168.1.6,47026.0,192.168.1.4,21.0,tcp,9.634233951568604,116.0,188.0,SF,1.0,1.0,0.0,ShAdDafrF,18.0,1060.0,17.0,1056.0,FTP
1720731859.039844,CoWlOE4DF4dupI8sXb,192.168.1.6,41000.0,192.168.1.4,21.0,tcp,9.577271938323976,120.0,188.0,SF,1.0,1.0,0.0,ShAdDafFr,18.0,1064.0,17.0,1056.0,FTP
1720729710.202696,CZyGGJ2gPLSURXe0vf,192.168.1.6,47990.0,192.168.1.4,21.0,tcp,10.049783945083618,116.0,188.0,SF,1.0,1.0,0.0,ShAdDafrF,18.0,1060.0,17.0,1056.0,FTP
1720728062.449672,CtwmGS35YhQyfOkJU9,192.168.1.6,46108.0,192.168.1.4,21.0,tcp,9.300518035888672,118.0,188.0,SF,1.0,1.0,0.0,ShAdDafrF,18.0,1062.0,17.0,1056.0,FTP
1720728007.309116,CYXKEL3rD7E2CXcmkg,192.168.1.4,35797.0,142.251.40.110,443.0,udp,0.106900215148925,5179.0,4337.0,SF,1.0,0.0,0.0,Dd,10.0,5459.0,12.0,4673.0,HTTPS
1720729671.843086,CiZQXZ2HT7rjVplR54,192.168.1.6,59938.0,192.168.1.4,21.0,tcp,9.374330043792725,155.0,188.0,SF,1.0,1.0,0.0,ShAdDafFr,18.0,1099.0,17.0,1056.0,FTP
1720727761.340963,Cs2Zud8oCLPOlqL2i,192.168.1.6,52148.0,192.168.1.4,21.0,tcp,10.29219913482666,118.0,188.0,SF,1.0,1.0,0.0,ShAdDafrF,18.0,1062.0,17.0,1056.0,FTP
1720731878.863026,CpssDh2drTElewaL9a,192.168.1.6,46386.0,192.168.1.4,21.0,tcp,10.488656044006348,185.0,188.0,SF,1.0,1.0,0.0,ShAdDafrF,18.0,1129.0,17.0,1056.0,FTP
1720728227.073636,CCLmOiZYH1Swu4021,192.168.1.6,34608.0,192.168.1.4,21.0,tcp,10.41025686264038,117.0,188.0,SF,1.0,1.0,0.0,ShAdDafFr,18.0,1061.0,17.0,1056.0,FTP
1720728095.546299,CQvuU44HoG14CCvwCa,192.168.1.4,49040.0,192.168.1.1,53.0,udp,10.41025686264038,117.0,188.0,SF,1.0,1.0,0.0,ShAdDafFr,18.0,1061.0,17.0,1056.0,DNS
1720727824.901069,CZRYfIgbbTJdrfaAb,192.168.1.4,35912.0,142.251.41.3,443.0,udp,10.41025686264038,117.0,188.0,SF,1.0,1.0,0.0,ShAdDafFr,18.0,1061.0,17.0,1056.0,HTTPS
1720731518.589327,CMYdxj3DQdzYHKNO9f,192.168.1.6,47198.0,192.168.1.4,21.0,tcp,10.74845290184021,154.0,188.0,SF,1.0,1.0,0.0,ShAdDafrF,18.0,1098.0,17.0,1056.0,FTP
1720728155.180588,CmbLGC3SB06ouhD56j,192.168.1.4,39795.0,192.168.1.1,53.0,udp,10.74845290184021,154.0,188.0,SF,1.0,1.0,0.0,ShAdDafrF,18.0,1098.0,17.0,1056.0,DNS
1720728155.193196,CTuJ2b18GFk81TcKSe,192.168.1.4,35469.0,192.168.1.1,53.0,udp,0.005544900894165,57.0,124.0,SF,1.0,1.0,0.0,Dd,1.0,85.0,1.0,152.0,DNS
1720730201.276312,CdZnJeiMI8SyZ6r0l,192.168.1.6,45152.0,192.168.1.4,21.0,tcp,10.200171947479248,118.0,188.0,SF,1.0,1.0,0.0,ShAdDafFr,18.0,1062.0,17.0,1056.0,FTP
1720730231.268508,CP3DmH3ifoSlqctac8,192.168.1.6,47132.0,192.168.1.4,21.0,tcp,10.549536943435667,131.0,188.0,SF,1.0,1.0,0.0,ShAdDafFr,18.0,1075.0,17.0,1056.0,FTP
1720730307.228465,Cm5MVLMcNNJRoIZD,192.168.1.6,50252.0,192.168.1.4,21.0,tcp,10.532418966293337,122.0,188.0,SF,1.0,1.0,0.0,ShAdDafrF,18.0,1066.0,17.0,1056.0,FTP
1720730211.456428,CcopJT1uoVwpZ8YvB8,192.168.1.6,59418.0,192.168.1.4,21.0,tcp,10.774194955825806,137.0,188.0,SF,1.0,1.0,0.0,ShAdDafFr,18.0,1081.0,17.0,1056.0,FTP
1720727672.807735,Cwccd8GRaBMKyBpa,192.168.1.4,35132.0,23.34.240.115,443.0,tcp,120.50185108184814,8331.0,12743.0,SF,1.0,0.0,0.0,ShADadfF,25.0,9639.0,26.0,14103.0,HTTPS
1720729299.205952,CKv9klBvbmc52ZgCe,192.168.1.6,45752.0,192.168.1.4,21.0,tcp,9.773396968841553,160.0,188.0,SF,1.0,1.0,0.0,ShAdDafFr,18.0,1104.0,17.0,1056.0,FTP
1720728186.094124,CFwmo03JNpb2vcZXFd,192.168.1.4,42444.0,23.205.106.86,443.0,tcp,22.661646842956543,2750.0,38057.0,SF,1.0,0.0,0.0,ShADadFfR,22.0,3878.0,32.0,39729.0,HTTPS
1720731236.120067,Ciu80o1FZOiCrka8i4,192.168.1.6,35034.0,192.168.1.4,21.0,tcp,9.851385116577148,140.0,188.0,SF,1.0,1.0,0.0,ShAdDafrF,18.0,1084.0,17.0,1056.0,FTP
1720731592.754388,CRaNgavGTF1TAa9Hb,192.168.1.6,47750.0,192.168.1.4,21.0,tcp,9.551983833312988,165.0,188.0,SF,1.0,1.0,0.0,ShAdDafFr,18.0,1109.0,17.0,1056.0,FTP
1720728573.368458,CJ3fLv4w1krXYxrbCh,192.168.1.6,47526.0,192.168.1.4,21.0,tcp,9.550029993057253,118.0,188.0,SF,1.0,1.0,0.0,ShAdDafrF,18.0,1062.0,17.0,1056.0,FTP
1720728305.867584,CppkEs1OjkObsh17x7,192.168.1.4,37812.0,142.250.72.110,443.0,udp,45.56294107437134,11783.0,11729.0,SF,1.0,0.0,0.0,Dd,45.0,13043.0,45.0,12989.0,HTTPS
1720727765.78218,COlTWc27uuNeqhLfsb,192.168.1.4,51839.0,192.168.1.1,53.0,udp,45.56294107437134,11783.0,11729.0,SF,1.0,0.0,0.0,Dd,45.0,13043.0,45.0,12989.0,DNS
1720728602.995186,ChWedI02IF2CW5h3j,192.168.1.6,34074.0,192.168.1.4,21.0,tcp,9.11828589439392,123.0,188.0,SF,1.0,1.0,0.0,ShAdDafFr,18.0,1067.0,17.0,1056.0,FTP
1720728100.657656,CC1Ou12wpnLu32w5lf,192.168.1.6,39952.0,192.168.1.4,21.0,tcp,10.04507613182068,117.0,188.0,SF,1.0,1.0,0.0,ShAdDafrF,18.0,1061.0,17.0,1056.0,FTP
1720727924.311505,CIkokq3RulfhOfxmb1,192.168.1.4,39180.0,31.13.71.36,443.0,tcp,10.04507613182068,117.0,188.0,SF,1.0,1.0,0.0,IIZishHh,18.0,1061.0,17.0,1056.0,HTTPS
1720728186.645212,C20yHL2J0TpGT70n9b,192.168.1.4,58790.0,142.250.64.102,443.0,tcp,10.04507613182068,117.0,188.0,SF,1.0,1.0,0.0,IIZishHh,18.0,1061.0,17.0,1056.0,HTTPS
1720731640.544097,CgRxfr11haXnLBauyb,192.168.1.6,42302.0,192.168.1.4,21.0,tcp,9.356101989746094,166.0,188.0,SF,1.0,1.0,0.0,ShAdDafFr,18.0,1110.0,17.0,1056.0,FTP
1720727767.326804,CSEXey227caXxciHB3,192.168.1.4,40340.0,20.114.189.135,443.0,tcp,11.98086404800415,3075.0,5896.0,RSTO,1.0,0.0,0.0,ShADadfR,13.0,3771.0,12.0,6528.0,HTTPS
1720727708.385396,CC3KuB1AzwAM9TEMEb,192.168.1.4,42606.0,216.239.36.178,443.0,tcp,240.07075691223145,3017.0,7391.0,SF,1.0,0.0,0.0,ShADadFf,22.0,4169.0,23.0,8595.0,HTTPS
1720727825.386739,CjsjCU2h7zfUI4oPY6,192.168.1.6,52146.0,192.168.1.4,21.0,tcp,9.719709873199465,118.0,188.0,SF,1.0,1.0,0.0,ShAdDafFr,18.0,1062.0,17.0,1056.0,FTP
1720728021.236304,CPyUW1wOPSy40Terg,192.168.1.6,55396.0,192.168.1.4,21.0,tcp,9.908725023269652,118.0,188.0,SF,1.0,1.0,0.0,ShAdDafrF,18.0,1062.0,17.0,1056.0,FTP
1720731330.346175,CqfxHy4K5PDX0Y6m22,192.168.1.6,35342.0,192.168.1.4,21.0,tcp,10.839468955993652,158.0,188.0,SF,1.0,1.0,0.0,ShAdDafrF,18.0,1102.0,17.0,1056.0,FTP
1720729198.461189,Cnrma5XPmblkQZSQe,192.168.1.6,39116.0,192.168.1.4,21.0,tcp,9.845085859298706,117.0,188.0,SF,1.0,1.0,0.0,ShAdDafrF,18.0,1061.0,17.0,1056.0,FTP
1720728976.635911,CDtlaetl9rwasOcH8,192.168.1.6,57618.0,192.168.1.4,21.0,tcp,9.810081005096436,122.0,188.0,SF,1.0,1.0,0.0,ShAdDafrF,18.0,1066.0,17.0,1056.0,FTP
1720729880.188572,Chx9uQ34N6yByy3Wc,192.168.1.6,46254.0,192.168.1.4,21.0,tcp,10.66503095626831,124.0,188.0,SF,1.0,1.0,0.0,ShAdDafrF,18.0,1068.0,17.0,1056.0,FTP
1720730112.172335,Cxj3Wx2vPSY3A02Eth,192.168.1.6,50408.0,192.168.1.4,21.0,tcp,10.516107082366943,120.0,188.0,SF,1.0,1.0,0.0,ShAdDafFr,18.0,1064.0,17.0,1056.0,FTP
1720727853.840817,CKBNSl1fXeqeRevJIi,192.168.1.4,41906.0,192.168.1.1,53.0,udp,10.516107082366943,120.0,188.0,SF,1.0,1.0,0.0,ShAdDafFr,18.0,1064.0,17.0,1056.0,DNS
1720727815.864482,CEhmAk4F1MgQnGKN0c,192.168.1.6,44938.0,192.168.1.4,21.0,tcp,9.662053108215332,118.0,188.0,SF,1.0,1.0,0.0,ShAdDafFr,18.0,1062.0,17.0,1056.0,FTP
1720731454.537871,CZsv0w1zqW93uJCapk,192.168.1.6,44290.0,192.168.1.4,21.0,tcp,9.8996422290802,138.0,188.0,SF,1.0,1.0,0.0,ShAdDafrF,18.0,1082.0,17.0,1056.0,FTP
1720727824.769347,Cuoxul3suxsHX6aL68,192.168.1.4,48080.0,192.168.1.1,53.0,udp,9.8996422290802,138.0,188.0,SF,1.0,1.0,0.0,ShAdDafrF,18.0,1082.0,17.0,1056.0,DNS
1720727825.182475,CHgNa24tyYnlqoVdDj,192.168.1.4,49317.0,192.168.1.1,53.0,udp,9.8996422290802,138.0,188.0,SF,1.0,1.0,0.0,ShAdDafrF,18.0,1082.0,17.0,1056.0,DNS
1720728642.429342,CoQUaZ2Wme8xPwg6a1,192.168.1.6,45576.0,192.168.1.4,21.0,tcp,10.795105934143066,131.0,188.0,SF,1.0,1.0,0.0,ShAdDafrF,18.0,1075.0,17.0,1056.0,FTP
1720727786.539311,CkIBxD2t46C0gK5Wq,192.168.1.4,33733.0,192.168.1.1,53.0,udp,0.003559112548828,48.0,190.0,SF,1.0,1.0,0.0,Dd,1.0,76.0,1.0,218.0,DNS
1720728221.347461,C1dW6u3lgKRxXoCK24,192.168.1.4,34270.0,204.79.197.203,443.0,udp,0.003559112548828,48.0,190.0,SF,1.0,1.0,0.0,Dd,1.0,76.0,1.0,218.0,HTTPS
1720728186.144921,CUUJgV1fezbPvgGmI6,192.168.1.4,34789.0,192.168.1.1,53.0,udp,0.003653049468994,56.0,101.0,SF,1.0,1.0,0.0,Dd,1.0,84.0,1.0,129.0,DNS
1720727884.858803,CCr23f1JyxbOIEH9ml,192.168.1.4,58933.0,192.168.1.1,53.0,udp,0.003653049468994,56.0,101.0,SF,1.0,1.0,0.0,Dd,1.0,84.0,1.0,129.0,DNS
1720729438.020602,Cn5rue1lmEQHYdRC7e,192.168.1.6,51846.0,192.168.1.4,21.0,tcp,10.962006092071531,121.0,188.0,SF,1.0,1.0,0.0,ShAdDafrF,18.0,1065.0,17.0,1056.0,FTP
1720727853.861252,CG2k2QBGZRWY28Flf,192.168.1.4,55244.0,142.251.32.104,443.0,tcp,10.962006092071531,121.0,188.0,SF,1.0,1.0,0.0,ShAdDafrF,18.0,1065.0,17.0,1056.0,HTTPS
1720730078.377179,C4DIIY0gWzTvDpxVk,192.168.1.6,40156.0,192.168.1.4,21.0,tcp,9.399501085281372,129.0,188.0,SF,1.0,1.0,0.0,ShAdDafrF,18.0,1073.0,17.0,1056.0,FTP
1720730686.76712,CMSJE33uGgwozhg5ak,192.168.1.6,33134.0,192.168.1.4,21.0,tcp,11.012316226959229,122.0,188.0,SF,1.0,1.0,0.0,ShAdDafrF,18.0,1066.0,17.0,1056.0,FTP
1720728155.181118,Cyjgm3sdFByMc6Fjg,192.168.1.4,33424.0,192.168.1.1,53.0,udp,0.01120901107788,44.0,197.0,SF,1.0,1.0,0.0,Dd,1.0,72.0,1.0,225.0,DNS
1720728215.796071,CAqSkw3Wou2hikJY2f,192.168.1.4,50262.0,192.168.1.1,53.0,udp,0.01120901107788,44.0,197.0,SF,1.0,1.0,0.0,Dd,1.0,72.0,1.0,225.0,DNS
1720728091.312023,C6lh3G1o5q9UQgpbOg,192.168.1.6,35084.0,192.168.1.4,21.0,tcp,9.52715301513672,118.0,188.0,SF,1.0,1.0,0.0,ShAdDafFr,18.0,1062.0,17.0,1056.0,FTP
1720728809.32118,CCK1jn2QZiuSdM0pDh,192.168.1.6,37430.0,192.168.1.4,21.0,tcp,10.434282779693604,156.0,188.0,SF,1.0,1.0,0.0,ShAdDafrF,18.0,1100.0,17.0,1056.0,FTP
1720728054.308253,CjehXu2BL1vPzY4gq,192.168.1.4,49812.0,192.168.1.1,53.0,udp,10.434282779693604,156.0,188.0,SF,1.0,1.0,0.0,ShAdDafrF,18.0,1100.0,17.0,1056.0,DNS
1720729436.818796,CfUQyt1TOesSRcoxSk,192.168.1.6,51814.0,192.168.1.4,21.0,tcp,10.388349056243896,122.0,188.0,SF,1.0,1.0,0.0,ShAdDafrF,18.0,1066.0,17.0,1056.0,FTP
1720730701.878665,CfhA7u4WbsshAomAFj,192.168.1.6,39468.0,192.168.1.4,21.0,tcp,8.913450956344604,135.0,188.0,SF,1.0,1.0,0.0,ShAdDafFr,18.0,1079.0,17.0,1056.0,FTP
1720728953.972352,CnlULs1fujpeRgBufk,192.168.1.6,60882.0,192.168.1.4,21.0,tcp,10.006924867630005,123.0,188.0,SF,1.0,1.0,0.0,ShAdDafrF,18.0,1067.0,17.0,1056.0,FTP
1720730173.514659,C2RvcW1vPM5AE3zFYc,192.168.1.6,44928.0,192.168.1.4,21.0,tcp,10.468554973602297,130.0,188.0,SF,1.0,1.0,0.0,ShAdDafFr,18.0,1074.0,17.0,1056.0,FTP
1720728570.274205,CMUMdr4FvSgW6If544,192.168.1.6,38138.0,192.168.1.4,21.0,tcp,9.860935926437378,118.0,188.0,SF,1.0,1.0,0.0,ShAdDafrF,18.0,1062.0,17.0,1056.0,FTP
1720730729.608144,CTN6UQk7qLHjzMqj5,192.168.1.6,50888.0,192.168.1.4,21.0,tcp,10.764848947525024,136.0,188.0,SF,1.0,1.0,0.0,ShAdDafrF,18.0,1080.0,17.0,1056.0,FTP
1720727914.03017,CpqYRy4kP1215K4bc8,192.168.1.4,60257.0,192.168.1.1,53.0,udp,10.764848947525024,136.0,188.0,SF,1.0,1.0,0.0,ShAdDafrF,18.0,1080.0,17.0,1056.0,DNS
1720731935.809677,CsVwdU29bE56rQbkO4,192.168.1.6,33058.0,192.168.1.4,21.0,tcp,10.135426044464111,160.0,188.0,SF,1.0,1.0,0.0,ShAdDafrF,18.0,1104.0,17.0,1056.0,FTP
1720728107.529535,CjdjYR2JoWvUMQzBr5,192.168.1.6,37174.0,192.168.1.4,21.0,tcp,9.648701906204224,117.0,188.0,SF,1.0,1.0,0.0,ShAdDafrF,18.0,1061.0,17.0,1056.0,FTP
1720731493.737179,Ce7UMw2EZXe5jl6jf3,192.168.1.6,37872.0,192.168.1.4,21.0,tcp,10.380089044570925,183.0,188.0,SF,1.0,1.0,0.0,ShAdDafrF,18.0,1127.0,17.0,1056.0,FTP
1720731060.711569,CppRph39TY779TXg2k,192.168.1.6,56178.0,192.168.1.4,21.0,tcp,11.582327842712402,130.0,188.0,SF,1.0,1.0,0.0,ShAdDafFr,18.0,1074.0,17.0,1056.0,FTP
1720730333.726653,CxlgnR1iNJ8DNQc8L1,192.168.1.6,35372.0,192.168.1.4,21.0,tcp,11.044227838516235,134.0,188.0,SF,1.0,1.0,0.0,ShAdDafFr,18.0,1078.0,17.0,1056.0,FTP
1720731817.616267,CPEbJFmVvujfITLmc,192.168.1.6,42320.0,192.168.1.4,21.0,tcp,8.943182945251465,176.0,188.0,SF,1.0,1.0,0.0,ShAdDafFr,18.0,1120.0,17.0,1056.0,FTP
1720728016.789833,CLuDxm9wTCPkBIZma,192.168.1.6,55366.0,192.168.1.4,21.0,tcp,10.45416784286499,117.0,188.0,SF,1.0,1.0,0.0,ShAdDafFr,18.0,1061.0,17.0,1056.0,FTP
1720728273.061836,CxwtKZ1bYYwcS67Wuc,192.168.1.4,58412.0,192.168.1.1,53.0,udp,10.45416784286499,117.0,188.0,SF,1.0,1.0,0.0,ShAdDafFr,18.0,1061.0,17.0,1056.0,DNS
1720727795.456339,CrQPeZ3QTJo8BazqN,192.168.1.4,56150.0,13.107.21.239,443.0,udp,10.45416784286499,117.0,188.0,SF,1.0,1.0,0.0,ShAdDafFr,18.0,1061.0,17.0,1056.0,HTTPS
1720729325.279144,CwIgNB2QrxiJby7kKj,192.168.1.6,54750.0,192.168.1.4,21.0,tcp,10.429614067077637,115.0,188.0,SF,1.0,1.0,0.0,ShAdDafrF,18.0,1059.0,17.0,1056.0,FTP
1720728095.666153,C0A86L3OJ3hxf2sq59,192.168.1.4,58738.0,54.166.54.182,443.0,tcp,10.429614067077637,115.0,188.0,SF,1.0,1.0,0.0,ShAdDafrF,18.0,1059.0,17.0,1056.0,HTTPS
1720728928.28987,C6mxPK3Pe222CN71rk,192.168.1.6,56404.0,192.168.1.4,21.0,tcp,9.638808965682983,173.0,188.0,SF,1.0,1.0,0.0,ShAdDafFr,18.0,1117.0,17.0,1056.0,FTP
1720730860.64727,CHniQO1AIIL79qKIoh,192.168.1.6,41994.0,192.168.1.4,21.0,tcp,10.880356073379517,126.0,188.0,SF,1.0,1.0,0.0,ShAdDafrF,18.0,1070.0,17.0,1056.0,FTP
1720727913.995933,Ci3Q8SO4GZqap9HW,192.168.1.4,47274.0,192.168.1.1,53.0,udp,10.880356073379517,126.0,188.0,SF,1.0,1.0,0.0,ShAdDafrF,18.0,1070.0,17.0,1056.0,DNS
1720728245.096298,C7dUt61AGTs5clSach,192.168.1.4,58052.0,104.104.72.162,443.0,udp,10.880356073379517,126.0,188.0,SF,1.0,1.0,0.0,ShAdDafrF,18.0,1070.0,17.0,1056.0,HTTPS
1720728040.30699,C7nCtModS4SA7FXtk,192.168.1.4,51554.0,192.168.1.1,53.0,udp,10.880356073379517,126.0,188.0,SF,1.0,1.0,0.0,ShAdDafrF,18.0,1070.0,17.0,1056.0,DNS
1720728211.81973,CijcVb31IpHQR3TCtf,192.168.1.4,53591.0,192.168.1.1,53.0,udp,0.005379915237426,46.0,168.0,SF,1.0,1.0,0.0,Dd,1.0,74.0,1.0,196.0,DNS
1720729357.703053,CfJfDvMp5iiCesgPf,192.168.1.6,48524.0,192.168.1.4,21.0,tcp,10.066262006759644,130.0,188.0,SF,1.0,1.0,0.0,ShAdDafrF,18.0,1074.0,17.0,1056.0,FTP
1720728747.614279,C4E2u44XhQcw484l05,192.168.1.6,54172.0,192.168.1.4,21.0,tcp,9.506770849227903,119.0,188.0,SF,1.0,1.0,0.0,ShAdDafrF,18.0,1063.0,17.0,1056.0,FTP
1720728275.025808,CVobva1y1HK5QZwJp1,192.168.1.4,51478.0,192.168.1.1,53.0,udp,9.506770849227903,119.0,188.0,SF,1.0,1.0,0.0,ShAdDafrF,18.0,1063.0,17.0,1056.0,DNS
1720728007.309116,CYXKEL3rD7E2CXcmkg,192.168.1.4,35797.0,142.251.40.110,443.0,udp,9.506770849227903,119.0,188.0,SF,1.0,1.0,0.0,ShAdDafrF,18.0,1063.0,17.0,1056.0,HTTPS
1720727733.794668,CJjC1o212QFPBm7jcj,192.168.1.4,55517.0,142.250.80.34,443.0,udp,0.281573057174682,5222.0,63913.0,SF,1.0,0.0,0.0,Dd,32.0,6118.0,57.0,65509.0,HTTPS
1720729064.662347,CgR8R64K4aM80VYpra,192.168.1.6,36954.0,192.168.1.4,21.0,tcp,9.732098817825316,127.0,188.0,SF,1.0,1.0,0.0,ShAdDafrF,18.0,1071.0,17.0,1056.0,FTP
1720728215.87256,Cy7VoEf9enzjH0Ack,192.168.1.4,37538.0,192.168.1.1,53.0,udp,0.002134084701538,52.0,404.0,SF,1.0,1.0,0.0,Dd,1.0,80.0,1.0,432.0,DNS
1720730445.536847,C2QbnK1nTSfmGrTHni,192.168.1.6,44100.0,192.168.1.4,21.0,tcp,9.083343982696531,128.0,188.0,SF,1.0,1.0,0.0,ShAdDafrF,18.0,1072.0,17.0,1056.0,FTP
1720728125.379762,CmbUVb4g1OAPtLQV6k,192.168.1.4,36488.0,18.238.4.71,443.0,tcp,9.083343982696531,128.0,188.0,SF,1.0,1.0,0.0,ShAdDafrF,18.0,1072.0,17.0,1056.0,HTTPS
1720731367.021689,CxhmEy2l1RkTeHAkb5,192.168.1.6,56752.0,192.168.1.4,21.0,tcp,11.38866901397705,188.0,188.0,SF,1.0,1.0,0.0,ShAdDafrF,18.0,1132.0,17.0,1056.0,FTP
1720729078.18778,CrT66r4XeWa4P8HHf1,192.168.1.6,49030.0,192.168.1.4,21.0,tcp,10.55508017539978,117.0,188.0,SF,1.0,1.0,0.0,ShAdDafrF,18.0,1061.0,17.0,1056.0,FTP
1720730950.976208,CWDRVe2qx3Vv9rfqz2,192.168.1.6,56854.0,192.168.1.4,21.0,tcp,10.13680100440979,124.0,188.0,SF,1.0,1.0,0.0,ShAdDafrF,18.0,1068.0,17.0,1056.0,FTP
1720728139.870908,CE1oWz4S2yuKTSeNHf,192.168.1.6,37366.0,192.168.1.4,21.0,tcp,8.771127939224243,118.0,188.0,SF,1.0,1.0,0.0,ShAdDafrF,18.0,1062.0,17.0,1056.0,FTP
1720727794.428452,CsHzIN3IuWqXeli0Uh,192.168.1.4,60719.0,142.251.40.131,443.0,udp,0.087691068649291,4053.0,11127.0,SF,1.0,0.0,0.0,Dd,8.0,4277.0,12.0,11463.0,HTTPS
1720728450.856631,CLDjwdkdRacbmNYcd,192.168.1.6,37942.0,192.168.1.4,21.0,tcp,10.644459009170532,118.0,188.0,SF,1.0,1.0,0.0,ShAdDafrF,18.0,1062.0,17.0,1056.0,FTP
1720729164.894,C4vzLt32OIysxxxbrg,192.168.1.6,38258.0,192.168.1.4,21.0,tcp,10.374354839324951,112.0,188.0,SF,1.0,1.0,0.0,ShAdDafrF,18.0,1056.0,17.0,1056.0,FTP
1720729546.441754,CxU0k24lmO1mWAZfdd,192.168.1.6,48914.0,192.168.1.4,21.0,tcp,10.439993858337402,119.0,188.0,SF,1.0,1.0,0.0,ShAdDafrF,18.0,1063.0,17.0,1056.0,FTP
1720728275.813532,ClXLiB2UW2XohwCAXk,192.168.1.4,50630.0,192.168.1.1,53.0,udp,10.439993858337402,119.0,188.0,SF,1.0,1.0,0.0,ShAdDafrF,18.0,1063.0,17.0,1056.0,DNS
1720731329.290369,CehOjoxN2iea7c869,192.168.1.6,35288.0,192.168.1.4,21.0,tcp,9.619807958602903,152.0,188.0,SF,1.0,1.0,0.0,ShAdDafrF,18.0,1096.0,17.0,1056.0,FTP
1720729827.178212,C3GIO725cJAqYsw8Cl,192.168.1.6,34334.0,192.168.1.4,21.0,tcp,10.508211135864258,132.0,188.0,SF,1.0,1.0,0.0,ShAdDafrF,18.0,1076.0,17.0,1056.0,FTP
1720729408.297741,CIz1NZ1DwUvrLGsDKh,192.168.1.6,36820.0,192.168.1.4,21.0,tcp,10.93911910057068,119.0,188.0,SF,1.0,1.0,0.0,ShAdDafrF,18.0,1063.0,17.0,1056.0,FTP
1720730645.673222,CC2maD1gaBaWVKheka,192.168.1.6,32918.0,192.168.1.4,21.0,tcp,10.526756048202516,124.0,188.0,SF,1.0,1.0,0.0,ShAdDafrF,18.0,1068.0,17.0,1056.0,FTP
1720728884.463887,CqzRTIBeeNFSYNCy2,192.168.1.6,55454.0,192.168.1.4,21.0,tcp,9.127461910247805,153.0,188.0,SF,1.0,1.0,0.0,ShAdDafrF,18.0,1097.0,17.0,1056.0,FTP
1720729890.875035,CG675hpgBbgUQoEwk,192.168.1.6,52190.0,192.168.1.4,21.0,tcp,10.05516505241394,138.0,188.0,SF,1.0,1.0,0.0,ShAdDafrF,18.0,1082.0,17.0,1056.0,FTP
1720731612.817161,CtLOr7Rwumw6eO6r6,192.168.1.6,37996.0,192.168.1.4,21.0,tcp,8.981441020965576,151.0,188.0,SF,1.0,1.0,0.0,ShAdDafrF,18.0,1095.0,17.0,1056.0,FTP
1720728370.456394,CBlpFE2yrTd9goOHr9,192.168.1.6,46762.0,192.168.1.4,21.0,tcp,10.428461074829102,118.0,188.0,SF,1.0,1.0,0.0,ShAdDafrF,18.0,1062.0,17.0,1056.0,FTP
1720728881.551308,CxcLHE1GVMbyKBmm14,192.168.1.6,38178.0,192.168.1.4,21.0,tcp,9.69354009628296,175.0,188.0,SF,1.0,1.0,0.0,ShAdDafrF,18.0,1119.0,17.0,1056.0,FTP
1720728778.303812,CKb0kx1Y1FFCW6qr1f,192.168.1.6,41514.0,192.168.1.4,21.0,tcp,10.33093786239624,140.0,188.0,SF,1.0,1.0,0.0,ShAdDafrF,18.0,1084.0,17.0,1056.0,FTP
1720728306.007743,CZ17RI1nfCSy6cEvFk,192.168.1.4,53237.0,192.168.1.1,53.0,udp,10.33093786239624,140.0,188.0,SF,1.0,1.0,0.0,ShAdDafrF,18.0,1084.0,17.0,1056.0,DNS
1720728524.139886,CiGMCY1VL1gWDqp0se,192.168.1.6,54516.0,192.168.1.4,21.0,tcp,9.873613119125366,118.0,188.0,SF,1.0,1.0,0.0,ShAdDafrF,18.0,1062.0,17.0,1056.0,FTP
1720729915.507739,C0efYbQF3uTYu70Jd,192.168.1.6,45540.0,192.168.1.4,21.0,tcp,9.737848043441772,126.0,188.0,SF,1.0,1.0,0.0,ShAdDafrF,18.0,1070.0,17.0,1056.0,FTP
1720728383.679112,COrIy44xXOr8phcWAi,192.168.1.6,56552.0,192.168.1.4,21.0,tcp,9.925612926483154,118.0,188.0,SF,1.0,1.0,0.0,ShAdDafrF,18.0,1062.0,17.0,1056.0,FTP
1720730534.699499,Cosxyd4FeoPretfIuk,192.168.1.6,58690.0,192.168.1.4,21.0,tcp,10.147181034088137,132.0,188.0,SF,1.0,1.0,0.0,ShAdDafrF,18.0,1076.0,17.0,1056.0,FTP
1720728066.135819,CNqwQOTLC2i8oJJgk,192.168.1.6,56212.0,192.168.1.4,21.0,tcp,10.236952066421509,118.0,188.0,SF,1.0,1.0,0.0,ShAdDafFr,18.0,1062.0,17.0,1056.0,FTP
1720727851.452187,CGW7YS1auOTHAmIrO2,192.168.1.6,39376.0,192.168.1.4,21.0,tcp,10.483202934265137,118.0,188.0,SF,1.0,1.0,0.0,ShAdDafrF,18.0,1062.0,17.0,1056.0,FTP
1720728065.050561,C2OEYs41jSZ7Xgbmaj,192.168.1.4,60342.0,142.250.65.202,443.0,udp,0.085150957107543,4027.0,8777.0,SF,1.0,0.0,0.0,Dd,7.0,4223.0,10.0,9057.0,HTTPS
1720729072.154702,CiWRw52Yfa03eehfA4,192.168.1.6,37078.0,192.168.1.4,21.0,tcp,9.9410879611969,121.0,188.0,SF,1.0,1.0,0.0,ShAdDafrF,18.0,1065.0,17.0,1056.0,FTP
1720728392.517794,CjDaky2HfyWNxj2QE4,192.168.1.6,56632.0,192.168.1.4,21.0,tcp,10.964177131652832,116.0,188.0,SF,1.0,1.0,0.0,ShAdDafrF,18.0,1060.0,17.0,1056.0,FTP
1720727766.670137,C2wQFd1y0wOaqq3u7k,192.168.1.4,36301.0,192.168.1.1,53.0,udp,10.964177131652832,116.0,188.0,SF,1.0,1.0,0.0,ShAdDafrF,18.0,1060.0,17.0,1056.0,DNS
1720728095.559385,CaI6E3DsPMw4BxG48,192.168.1.4,34315.0,192.168.1.1,53.0,udp,0.005987882614135,49.0,127.0,SF,1.0,1.0,0.0,Dd,1.0,77.0,1.0,155.0,DNS
1720731025.044048,Csav2G3mNzGTKK8oZ7,192.168.1.6,43542.0,192.168.1.4,21.0,tcp,10.76639699935913,122.0,188.0,SF,1.0,1.0,0.0,ShAdDafrF,18.0,1066.0,17.0,1056.0,FTP
1720728124.888859,C7rGdM2NeKUOZ6KWOi,192.168.1.4,42988.0,192.168.1.1,53.0,udp,10.76639699935913,122.0,188.0,SF,1.0,1.0,0.0,ShAdDafrF,18.0,1066.0,17.0,1056.0,DNS
1720727980.212695,C6JXXbjdgvczSaZkc,192.168.1.6,55136.0,192.168.1.4,21.0,tcp,10.476104021072388,118.0,188.0,SF,1.0,1.0,0.0,ShAdDafFr,18.0,1062.0,17.0,1056.0,FTP
1720730844.702865,CC6vbj2sQ4jRkBDEq7,192.168.1.6,45024.0,192.168.1.4,21.0,tcp,10.140023231506348,123.0,188.0,SF,1.0,1.0,0.0,ShAdDafFr,18.0,1067.0,17.0,1056.0,FTP
1720729168.462647,CkGIn939Ms4ayq7ME7,192.168.1.6,38304.0,192.168.1.4,21.0,tcp,9.771086931228638,112.0,188.0,SF,1.0,1.0,0.0,ShAdDafFr,18.0,1056.0,17.0,1056.0,FTP
1720730717.932536,Cy9Fim3RXcub85p7Wk,192.168.1.6,43930.0,192.168.1.4,21.0,tcp,10.177966117858888,122.0,188.0,SF,1.0,1.0,0.0,ShAdDafrF,18.0,1066.0,17.0,1056.0,FTP
1720730817.938818,CIOMaBpiSgSCxjv11,192.168.1.6,54174.0,192.168.1.4,21.0,tcp,10.145745038986206,122.0,188.0,SF,1.0,1.0,0.0,ShAdDafFr,18.0,1066.0,17.0,1056.0,FTP
1720729756.682883,CWB2S113QN1bZylaNd,192.168.1.6,43590.0,192.168.1.4,21.0,tcp,10.717654943466188,121.0,188.0,SF,1.0,1.0,0.0,ShAdDafrF,18.0,1065.0,17.0,1056.0,FTP
1720728245.693779,C41MmpBoEV6mqkHo1,192.168.1.4,53444.0,20.236.44.162,443.0,tcp,60.43069911003113,1879.0,7865.0,SF,1.0,0.0,0.0,ShADadFf,13.0,2563.0,12.0,8497.0,HTTPS
1720728154.580864,CV7cYg3EeUJVpKn3ih,192.168.1.4,40564.0,103.10.4.227,443.0,tcp,54.35536003112793,1894.0,5925.0,RSTR,1.0,0.0,0.0,ShADadFr,10.0,2422.0,11.0,6493.0,HTTPS
1720731836.817679,CMwcq01qRSmKDTnke7,192.168.1.6,51724.0,192.168.1.4,21.0,tcp,9.848613023757936,139.0,188.0,SF,1.0,1.0,0.0,ShAdDafFr,18.0,1083.0,17.0,1056.0,FTP
1720730556.555126,Cal5orFAvMvKHxcTk,192.168.1.6,59478.0,192.168.1.4,21.0,tcp,10.654536962509155,124.0,188.0,SF,1.0,1.0,0.0,ShAdDafrF,18.0,1068.0,17.0,1056.0,FTP
1720727761.359076,COraaV3qNn5fsEGvXh,192.168.1.6,52150.0,192.168.1.4,21.0,tcp,10.29442286491394,118.0,188.0,SF,1.0,1.0,0.0,ShAdDafFr,18.0,1062.0,17.0,1056.0,FTP
1720728903.060859,C2HKlE1DR3zf7mgWS4,192.168.1.6,43358.0,192.168.1.4,21.0,tcp,8.673970937728882,146.0,188.0,SF,1.0,1.0,0.0,ShAdDafrF,18.0,1090.0,17.0,1056.0,FTP
1720727765.783357,CNSJAJ26kMbnHgutPd,192.168.1.4,42061.0,192.168.1.1,53.0,udp,8.673970937728882,146.0,188.0,SF,1.0,1.0,0.0,ShAdDafrF,18.0,1090.0,17.0,1056.0,DNS
1720729632.99161,CF6eEs2CLjwkhGHbjh,192.168.1.6,47428.0,192.168.1.4,21.0,tcp,8.998196840286255,127.0,188.0,SF,1.0,1.0,0.0,ShAdDafrF,18.0,1071.0,17.0,1056.0,FTP
1720727915.051162,CVtzGG2iLx5tR8Z6tl,192.168.1.4,52452.0,192.168.1.1,53.0,udp,8.998196840286255,127.0,188.0,SF,1.0,1.0,0.0,ShAdDafrF,18.0,1071.0,17.0,1056.0,DNS
1720727884.433804,ClgzTK27fFgWlPyy15,192.168.1.4,50440.0,104.18.32.90,443.0,tcp,0.040930986404418,1820.0,4739.0,SF,1.0,0.0,0.0,ShADadFRfR,10.0,2324.0,8.0,5163.0,HTTPS
1720731736.35141,CmffKJ3F1D5DuS0zd4,192.168.1.6,52660.0,192.168.1.4,21.0,tcp,9.449105978012083,169.0,188.0,SF,1.0,1.0,0.0,ShAdDafrF,18.0,1113.0,17.0,1056.0,FTP
1720728846.30296,CHBN7z2lkXDpDTFXZ1,192.168.1.6,39722.0,192.168.1.4,21.0,tcp,9.996528148651125,114.0,188.0,SF,1.0,1.0,0.0,ShAdDafrF,18.0,1058.0,17.0,1056.0,FTP
1720728275.50517,CspGBTGao1elHjgd,192.168.1.4,55002.0,13.107.253.40,443.0,tcp,75.93852877616882,3255.0,149186.0,SF,1.0,0.0,0.0,ShADadFf,60.0,6383.0,93.0,154030.0,HTTPS
1720728400.290037,CC1Wx1pzalJP0jC7d,192.168.1.6,60290.0,192.168.1.4,21.0,tcp,11.105985164642334,117.0,188.0,SF,1.0,1.0,0.0,ShAdDafFr,18.0,1061.0,17.0,1056.0,FTP
1720727825.274076,CqaTHg3Saq3TyJsomk,192.168.1.4,52498.0,192.168.1.1,53.0,udp,11.105985164642334,117.0,188.0,SF,1.0,1.0,0.0,ShAdDafFr,18.0,1061.0,17.0,1056.0,DNS
1720728213.33562,CymNvD2ImZ5jIAr0Ni,192.168.1.6,42350.0,192.168.1.4,21.0,tcp,10.3089280128479,118.0,188.0,SF,1.0,1.0,0.0,ShAdDafrF,18.0,1062.0,17.0,1056.0,FTP
1720728496.225892,CHqmtE3C7GwWJa4wt,192.168.1.6,54844.0,192.168.1.4,21.0,tcp,10.193111896514893,118.0,188.0,SF,1.0,1.0,0.0,ShAdDafrF,18.0,1062.0,17.0,1056.0,FTP
1720728096.917998,CLh81r3diAfmxdtF46,192.168.1.4,55068.0,146.75.28.84,443.0,tcp,10.193111896514893,118.0,188.0,SF,1.0,1.0,0.0,ShAdDafrF,18.0,1062.0,17.0,1056.0,HTTPS
1720728245.091672,CK1kCv3Yq0mUDjwhP7,192.168.1.4,56515.0,192.168.1.1,53.0,udp,10.193111896514893,118.0,188.0,SF,1.0,1.0,0.0,ShAdDafrF,18.0,1062.0,17.0,1056.0,DNS
1720730407.71937,C3eQK84kXHjwl89xba,192.168.1.6,55388.0,192.168.1.4,21.0,tcp,9.506622076034546,127.0,188.0,SF,1.0,1.0,0.0,ShAdDafrF,18.0,1071.0,17.0,1056.0,FTP
1720729504.284195,CJ2PIe4it7gsVidBm,192.168.1.6,39506.0,192.168.1.4,21.0,tcp,10.683275938034058,122.0,188.0,SF,1.0,1.0,0.0,ShAdDafrF,18.0,1066.0,17.0,1056.0,FTP
1720727766.67299,CKdztb69HoHv8hV7e,192.168.1.4,43697.0,192.168.1.1,53.0,udp,10.683275938034058,122.0,188.0,SF,1.0,1.0,0.0,ShAdDafrF,18.0,1066.0,17.0,1056.0,DNS
1720731790.497787,CGTZE02CePGFyn65Ql,192.168.1.6,55102.0,192.168.1.4,21.0,tcp,9.958487033843994,152.0,188.0,SF,1.0,1.0,0.0,ShAdDafrF,18.0,1096.0,17.0,1056.0,FTP
1720728273.137322,CL1K2x4PFsnJRN7qX3,192.168.1.4,56396.0,20.189.173.10,443.0,tcp,9.958487033843994,152.0,188.0,SF,1.0,1.0,0.0,ShAdDafrF,18.0,1096.0,17.0,1056.0,HTTPS
1720730703.145683,C3ejje2NlSL5dFMOeb,192.168.1.6,57624.0,192.168.1.4,21.0,tcp,10.802325963974,129.0,188.0,SF,1.0,1.0,0.0,ShAdDafrF,18.0,1073.0,17.0,1056.0,FTP
1720730456.301478,CgefHDpPJnvUwdM3,192.168.1.6,42170.0,192.168.1.4,21.0,tcp,9.289014101028442,120.0,188.0,SF,1.0,1.0,0.0,ShAdDafrF,18.0,1064.0,17.0,1056.0,FTP
1720730606.867194,C3100027XHBaNvXHbb,192.168.1.6,41840.0,192.168.1.4,21.0,tcp,10.60487699508667,122.0,188.0,SF,1.0,1.0,0.0,ShAdDafrF,18.0,1066.0,17.0,1056.0,FTP
1720730290.03888,CvOTnN3nCfQ0anRRYi,192.168.1.6,51090.0,192.168.1.4,21.0,tcp,10.379884958267212,129.0,188.0,SF,1.0,1.0,0.0,ShAdDafrF,18.0,1073.0,17.0,1056.0,FTP
1720730132.767407,CojCPJUHHuPWc1jbg,192.168.1.6,52846.0,192.168.1.4,21.0,tcp,9.898673057556152,134.0,188.0,SF,1.0,1.0,0.0,ShAdDafFr,18.0,1078.0,17.0,1056.0,FTP
1720731795.257341,CCeaoXoldjcMss2y2,192.168.1.6,60854.0,192.168.1.4,21.0,tcp,11.20232915878296,153.0,188.0,SF,1.0,1.0,0.0,ShAdDafrF,18.0,1097.0,17.0,1056.0,FTP
1720728245.092367,C5YrRn8R1THPwqb68,192.168.1.4,39838.0,192.168.1.1,53.0,udp,11.20232915878296,153.0,188.0,SF,1.0,1.0,0.0,ShAdDafrF,18.0,1097.0,17.0,1056.0,DNS
1720729769.306891,CncdXg3yQK3SuKdYx1,192.168.1.6,59090.0,192.168.1.4,21.0,tcp,10.281772136688232,122.0,188.0,SF,1.0,1.0,0.0,ShAdDafFr,18.0,1066.0,17.0,1056.0,FTP
1720728927.740022,C7nvfRyCubfVTYcqf,192.168.1.6,56388.0,192.168.1.4,21.0,tcp,9.844850063323976,164.0,188.0,SF,1.0,1.0,0.0,ShAdDafrF,18.0,1108.0,17.0,1056.0,FTP
1720728633.901544,CLe6274AZtcO8mejBk,192.168.1.6,45484.0,192.168.1.4,21.0,tcp,10.02578902244568,133.0,188.0,SF,1.0,1.0,0.0,ShAdDafrF,18.0,1077.0,17.0,1056.0,FTP
1720728244.956608,CC2xPk11YBpKpUwdC7,192.168.1.4,33056.0,52.113.194.133,443.0,tcp,106.48721504211426,3183.0,6981.0,SF,1.0,0.0,0.0,ShADadFf,16.0,3843.0,20.0,7793.0,HTTPS
1720728219.952158,CgQTJq10DKJTr6ifcd,192.168.1.4,37521.0,192.168.1.1,53.0,udp,0.005810022354125,53.0,113.0,SF,1.0,1.0,0.0,Dd,1.0,81.0,1.0,141.0,DNS
1720731128.531803,CmoaYS3QvNLP7tTXT5,192.168.1.6,38934.0,192.168.1.4,21.0,tcp,9.986147165298462,108.0,188.0,SF,1.0,1.0,0.0,ShAdDafrF,18.0,1052.0,17.0,1056.0,FTP
1720728708.304523,CZHSFPcoQj0o7sJJf,192.168.1.6,37398.0,192.168.1.4,21.0,tcp,10.963620901107788,142.0,188.0,SF,1.0,1.0,0.0,ShAdDafFr,18.0,1086.0,17.0,1056.0,FTP
1720729477.203439,Cedq3w4hcCdSu8ZNAg,192.168.1.6,50028.0,192.168.1.4,21.0,tcp,9.871403932571411,126.0,188.0,SF,1.0,1.0,0.0,ShAdDafrF,18.0,1070.0,17.0,1056.0,FTP
1720728042.107337,CWd4ot2kyAYA5UDyE,192.168.1.6,56532.0,192.168.1.4,21.0,tcp,10.82860803604126,117.0,188.0,SF,1.0,1.0,0.0,ShAdDafrF,18.0,1061.0,17.0,1056.0,FTP
1720731947.85282,CnbqwGnE8hynXtG8f,192.168.1.6,39460.0,192.168.1.4,21.0,tcp,10.089012145996094,113.0,188.0,SF,1.0,1.0,0.0,ShAdDafrF,18.0,1057.0,17.0,1056.0,FTP
1720728052.839671,Clts901Jrx1QfjFJM6,192.168.1.6,51036.0,192.168.1.4,21.0,tcp,9.6099112033844,118.0,188.0,SF,1.0,1.0,0.0,ShAdDafFr,18.0,1062.0,17.0,1056.0,FTP
1720727915.184636,CKcJcBgWAVgb8SPXd,192.168.1.4,48350.0,192.168.1.1,53.0,udp,9.6099112033844,118.0,188.0,SF,1.0,1.0,0.0,ShAdDafFr,18.0,1062.0,17.0,1056.0,DNS
1720729130.522345,CfuVKH1TY8j1BzuRX,192.168.1.6,45842.0,192.168.1.4,21.0,tcp,11.051913976669312,120.0,188.0,SF,1.0,1.0,0.0,ShAdDafrF,18.0,1064.0,17.0,1056.0,FTP
1720728185.216641,CH0yfc2PlbgQnkyOTh,192.168.1.4,60722.0,192.168.1.1,53.0,udp,0.001196146011352,52.0,113.0,SF,1.0,1.0,0.0,Dd,1.0,80.0,1.0,141.0,DNS
1720728185.195174,Crwa0wOQ1sWvncH65,192.168.1.4,54159.0,192.168.1.1,53.0,udp,0.001196146011352,52.0,113.0,SF,1.0,1.0,0.0,Dd,1.0,80.0,1.0,141.0,DNS
1720729628.843336,C5CUFI1puKCPU9uiW5,192.168.1.6,32914.0,192.168.1.4,21.0,tcp,9.656101942062378,121.0,188.0,SF,1.0,1.0,0.0,ShAdDafrF,18.0,1065.0,17.0,1056.0,FTP
1720728512.497751,CX4Rav4TprPJaOGTf7,192.168.1.6,42024.0,192.168.1.4,21.0,tcp,9.921390056610107,118.0,188.0,SF,1.0,1.0,0.0,ShAdDafrF,18.0,1062.0,17.0,1056.0,FTP
1720729594.577142,C9K9nVt0B2ZBaGtek,192.168.1.6,51116.0,192.168.1.4,21.0,tcp,9.3957679271698,110.0,188.0,SF,1.0,1.0,0.0,ShAdDafrF,18.0,1054.0,17.0,1056.0,FTP
1720731167.440464,C16pZm3fB9Zc0wkuVb,192.168.1.6,41806.0,192.168.1.4,21.0,tcp,10.372896909713743,111.0,188.0,SF,1.0,1.0,0.0,ShAdDafFr,18.0,1055.0,17.0,1056.0,FTP
1720730387.760696,CAuG9D4vdnDeVSOvL5,192.168.1.6,35160.0,192.168.1.4,21.0,tcp,10.598512172698976,123.0,188.0,SF,1.0,1.0,0.0,ShAdDafrF,18.0,1067.0,17.0,1056.0,FTP
1720727793.300216,CvZ3BrpfHiTUsfRPe,192.168.1.4,35988.0,192.168.1.1,53.0,udp,0.02271294593811,45.0,327.0,SF,1.0,1.0,0.0,Dd,1.0,73.0,1.0,355.0,DNS
1720728004.423377,Cb0BXK3Wf2VFXKXtOi,192.168.1.4,38876.0,216.239.32.181,443.0,udp,0.02271294593811,45.0,327.0,SF,1.0,1.0,0.0,Dd,1.0,73.0,1.0,355.0,HTTPS
1720729721.464282,Cg1dUU1vgvC2Qz0qih,192.168.1.6,56612.0,192.168.1.4,21.0,tcp,9.569256067276,125.0,188.0,SF,1.0,1.0,0.0,ShAdDafrF,18.0,1069.0,17.0,1056.0,FTP
1720727824.632182,CZRYfIgbbTJdrfaAb,192.168.1.4,35912.0,142.251.41.3,443.0,tcp,9.569256067276,125.0,188.0,SF,1.0,1.0,0.0,ShAdDafrF,18.0,1069.0,17.0,1056.0,HTTPS
1720727872.848797,CsNCua1Mo0JMTs5QV5,192.168.1.6,47868.0,192.168.1.4,21.0,tcp,9.477087020874023,117.0,188.0,SF,1.0,1.0,0.0,ShAdDafFr,18.0,1061.0,17.0,1056.0,FTP
1720728543.654192,CJJkTF3b7km5P9PD07,192.168.1.6,33002.0,192.168.1.4,21.0,tcp,9.811485052108765,117.0,188.0,SF,1.0,1.0,0.0,ShAdDafFr,18.0,1061.0,17.0,1056.0,FTP
1720730613.911099,CLNBYp3L73ifpMNdFc,192.168.1.6,38846.0,192.168.1.4,21.0,tcp,11.1557879447937,119.0,188.0,SF,1.0,1.0,0.0,ShAdDafrF,18.0,1063.0,17.0,1056.0,FTP
1720729082.095947,Cowjgg2jTulYc920G2,192.168.1.6,49104.0,192.168.1.4,21.0,tcp,10.332508087158203,146.0,188.0,SF,1.0,1.0,0.0,ShAdDafFr,18.0,1090.0,17.0,1056.0,FTP
1720727944.116688,Cr38u919pN4xLHOeti,192.168.1.4,46704.0,192.168.1.1,53.0,udp,10.332508087158203,146.0,188.0,SF,1.0,1.0,0.0,ShAdDafFr,18.0,1090.0,17.0,1056.0,DNS
1720729948.829415,CGoG171xUUv6aevzc9,192.168.1.6,56086.0,192.168.1.4,21.0,tcp,11.08333683013916,122.0,188.0,SF,1.0,1.0,0.0,ShAdDafrF,18.0,1066.0,17.0,1056.0,FTP
1720729134.658845,CiBf9z2u9ylZsXKi5a,192.168.1.6,47330.0,192.168.1.4,21.0,tcp,10.218054056167604,119.0,188.0,SF,1.0,1.0,0.0,ShAdDafFr,18.0,1063.0,17.0,1056.0,FTP
1720730722.91183,CXFCWkRKNUBAjjI8g,192.168.1.6,44058.0,192.168.1.4,21.0,tcp,10.233220100402832,120.0,188.0,SF,1.0,1.0,0.0,ShAdDafrF,18.0,1064.0,17.0,1056.0,FTP
1720728465.746447,CXuYu82BUkZPiMTt4g,192.168.1.6,40992.0,192.168.1.4,21.0,tcp,10.032302856445312,118.0,188.0,SF,1.0,1.0,0.0,ShAdDafFr,18.0,1062.0,17.0,1056.0,FTP
1720727765.816154,Cie1sa2jBorqwij6Pf,192.168.1.4,43685.0,192.168.1.1,53.0,udp,0.183552026748657,118.0,118.0,SF,1.0,1.0,0.0,Dd,3.0,202.0,3.0,202.0,DNS
1720731949.307713,C8viwYtE9wu4YYDI2,192.168.1.6,39534.0,192.168.1.4,21.0,tcp,9.641793966293337,120.0,188.0,SF,1.0,1.0,0.0,ShAdDafrF,18.0,1064.0,17.0,1056.0,FTP
1720728377.630006,CqZz5OOAPgtAx6878,192.168.1.6,56900.0,192.168.1.4,21.0,tcp,11.257292985916138,118.0,188.0,SF,1.0,1.0,0.0,ShAdDafrF,18.0,1062.0,17.0,1056.0,FTP
1720728202.812743,CFRyGc4iuChN5tUpn6,192.168.1.6,53900.0,192.168.1.4,21.0,tcp,9.72211503982544,118.0,188.0,SF,1.0,1.0,0.0,ShAdDafFr,18.0,1062.0,17.0,1056.0,FTP
1720729397.854811,CYt0Fz1QdQKH0NKqN4,192.168.1.6,49134.0,192.168.1.4,21.0,tcp,10.48311710357666,123.0,188.0,SF,1.0,1.0,0.0,ShAdDafrF,18.0,1067.0,17.0,1056.0,FTP
1720727853.428447,CgfnL42ZEkKeVhIT3,192.168.1.4,49803.0,192.168.1.1,53.0,udp,10.48311710357666,123.0,188.0,SF,1.0,1.0,0.0,ShAdDafrF,18.0,1067.0,17.0,1056.0,DNS
1720731285.946953,CZt5xq3zSQAxREqc4,192.168.1.6,50064.0,192.168.1.4,21.0,tcp,9.773433923721312,174.0,188.0,SF,1.0,1.0,0.0,ShAdDafrF,18.0,1118.0,17.0,1056.0,FTP
1720727824.833695,CbhwRQ2Q9eNqDkEXcb,192.168.1.4,35576.0,192.168.1.1,53.0,udp,9.773433923721312,174.0,188.0,SF,1.0,1.0,0.0,ShAdDafrF,18.0,1118.0,17.0,1056.0,DNS
1720731438.804478,CpvzS54AUyQfIAQ9t3,192.168.1.6,52996.0,192.168.1.4,21.0,tcp,10.125833988189695,141.0,188.0,SF,1.0,1.0,0.0,ShAdDafFr,18.0,1085.0,17.0,1056.0,FTP
1720729566.898545,C8UyJk2ak2HOASeH4j,192.168.1.6,55706.0,192.168.1.4,21.0,tcp,9.475980043411257,112.0,188.0,SF,1.0,1.0,0.0,ShAdDafrF,18.0,1056.0,17.0,1056.0,FTP
1720731245.880879,CiaOVN3H4slcOwmFp2,192.168.1.6,36280.0,192.168.1.4,21.0,tcp,9.968890190124512,148.0,188.0,SF,1.0,1.0,0.0,ShAdDafFr,18.0,1092.0,17.0,1056.0,FTP
1720731457.531201,ChIXTr4SHVHnSPAf75,192.168.1.6,44296.0,192.168.1.4,21.0,tcp,10.810402154922484,148.0,188.0,SF,1.0,1.0,0.0,ShAdDafrF,18.0,1092.0,17.0,1056.0,FTP
1720727943.759261,ChF7hu1kCLJ9B7djSg,192.168.1.4,37794.0,192.168.1.1,53.0,udp,10.810402154922484,148.0,188.0,SF,1.0,1.0,0.0,ShAdDafrF,18.0,1092.0,17.0,1056.0,DNS
1720730241.818212,CycL7B4Gc4gv7OX61k,192.168.1.6,35234.0,192.168.1.4,21.0,tcp,11.084168910980225,132.0,188.0,SF,1.0,1.0,0.0,ShAdDafFr,18.0,1076.0,17.0,1056.0,FTP
1720730606.532853,C6CHZC1dVxuN6KN2Rc,192.168.1.6,41804.0,192.168.1.4,21.0,tcp,10.318134069442747,126.0,188.0,SF,1.0,1.0,0.0,ShAdDafrF,18.0,1070.0,17.0,1056.0,FTP
1720731066.663481,ChzvtH32ctJ8H8vh7a,192.168.1.6,38610.0,192.168.1.4,21.0,tcp,10.239981889724731,134.0,188.0,SF,1.0,1.0,0.0,ShAdDafrF,18.0,1078.0,17.0,1056.0,FTP
1720730171.992224,C4Ra2k1w9BWH4EII4c,192.168.1.6,34556.0,192.168.1.4,21.0,tcp,10.452470064163208,128.0,188.0,SF,1.0,1.0,0.0,ShAdDafrF,18.0,1072.0,17.0,1056.0,FTP
1720727794.686235,C8Q3dE27T9baM5bJTe,192.168.1.4,54678.0,31.13.71.36,443.0,tcp,65.07712912559509,2643.0,3136.0,SF,1.0,0.0,0.0,ShADadfF,12.0,3275.0,16.0,3976.0,HTTPS
1720726363.049639,Clqq1d3QSl5QwVeZGi,144.80.110.68,49959.0,192.168.1.4,22.0,tcp,1985.031347990036,2004.0,14598.0,SF,0.0,1.0,0.0,ShAdDaFf,29.0,3176.0,27.0,15690.0,SSH
1720727764.931262,CDi6Dm1KxYRqxKDqp,192.168.1.4,60441.0,192.168.1.1,53.0,udp,0.002041101455688,48.0,333.0,SF,1.0,1.0,0.0,Dd,1.0,76.0,1.0,361.0,DNS
1720727764.149576,CZIZm04sD9dHAoRnzc,192.168.1.4,60480.0,192.168.1.1,53.0,udp,0.003396034240722,46.0,411.0,SF,1.0,1.0,0.0,Dd,1.0,74.0,1.0,439.0,DNS
1720729327.455779,CUPWU92ZST9dUBzr3b,192.168.1.6,54796.0,192.168.1.4,21.0,tcp,9.904675960540771,129.0,188.0,SF,1.0,1.0,0.0,ShAdDafrF,18.0,1073.0,17.0,1056.0,FTP
1720729739.516304,CtTwX64vbUCfMw2hM9,192.168.1.6,42546.0,192.168.1.4,21.0,tcp,10.260978937149048,118.0,188.0,SF,1.0,1.0,0.0,ShAdDafrF,18.0,1062.0,17.0,1056.0,FTP
1720731360.098006,CbaUDy23cn9J5HFZF,192.168.1.6,35796.0,192.168.1.4,21.0,tcp,10.867582082748411,156.0,188.0,SF,1.0,1.0,0.0,ShAdDafrF,18.0,1100.0,17.0,1056.0,FTP
1720728949.983016,CUmRJn35ByTi0blU24,192.168.1.6,37608.0,192.168.1.4,21.0,tcp,10.169391870498655,124.0,188.0,SF,1.0,1.0,0.0,ShAdDafFr,18.0,1068.0,17.0,1056.0,FTP
1720731566.840201,CgvcOI3Z2oyYyqzyf8,192.168.1.6,39846.0,192.168.1.4,21.0,tcp,9.813899040222168,152.0,188.0,SF,1.0,1.0,0.0,ShAdDafrF,18.0,1096.0,17.0,1056.0,FTP
1720728585.01528,CZRJ733MRQE0Pgp537,192.168.1.6,45232.0,192.168.1.4,21.0,tcp,10.18132209777832,114.0,188.0,SF,1.0,1.0,0.0,ShAdDafFr,18.0,1058.0,17.0,1056.0,FTP
1720730857.216807,CdPTRB1qTQvXr820D8,192.168.1.6,41944.0,192.168.1.4,21.0,tcp,10.590584993362429,133.0,188.0,SF,1.0,1.0,0.0,ShAdDafFr,18.0,1077.0,17.0,1056.0,FTP
1720729975.175434,C8A8jR3XgMy6jYVeZ4,192.168.1.6,38280.0,192.168.1.4,21.0,tcp,10.13728380203247,143.0,188.0,SF,1.0,1.0,0.0,ShAdDafrF,18.0,1087.0,17.0,1056.0,FTP
1720728155.197834,CdiyCK2ewEWwSeX7Hg,192.168.1.4,54944.0,13.224.214.19,443.0,tcp,53.55540108680725,2515.0,34790.0,SF,1.0,0.0,0.0,ShADadFf,26.0,3875.0,29.0,36306.0,HTTPS
1720731732.13968,CYwovo1IWCVQQxUcy1,192.168.1.6,34626.0,192.168.1.4,21.0,tcp,10.06388807296753,160.0,188.0,SF,1.0,1.0,0.0,ShAdDafrF,18.0,1104.0,17.0,1056.0,FTP
1720730290.008248,CyCpOt1hXIyAUAJL57,192.168.1.6,51074.0,192.168.1.4,21.0,tcp,10.389816999435425,131.0,188.0,SF,1.0,1.0,0.0,ShAdDafFr,18.0,1075.0,17.0,1056.0,FTP
1720728017.324812,CdiGik6oR0MOeNghd,192.168.1.4,56513.0,192.168.1.1,53.0,udp,0.001127958297729,80.0,150.0,SF,1.0,1.0,0.0,Dd,1.0,108.0,1.0,178.0,DNS
1720730060.856364,CKecHj1NY16K1SvbPa,192.168.1.6,54844.0,192.168.1.4,21.0,tcp,9.935163021087646,129.0,188.0,SF,1.0,1.0,0.0,ShAdDafrF,18.0,1073.0,17.0,1056.0,FTP
1720729325.321365,C4zjDr3Nw6LUbNSHXh,192.168.1.6,54770.0,192.168.1.4,21.0,tcp,10.424137830734251,118.0,188.0,SF,1.0,1.0,0.0,ShAdDafrF,18.0,1062.0,17.0,1056.0,FTP
1720730540.573712,CoY1q91IqJXcKvvZA8,192.168.1.6,58788.0,192.168.1.4,21.0,tcp,9.94901990890503,118.0,188.0,SF,1.0,1.0,0.0,ShAdDafrF,18.0,1062.0,17.0,1056.0,FTP
1720728095.614291,CiKdla3Ig22ZvebPtb,192.168.1.4,42832.0,142.251.40.226,443.0,tcp,9.94901990890503,118.0,188.0,SF,1.0,1.0,0.0,ShAdDafrF,18.0,1062.0,17.0,1056.0,HTTPS
1720728155.181061,CM2LGN3YAAZWnSBBad,192.168.1.4,41501.0,192.168.1.1,53.0,udp,9.94901990890503,118.0,188.0,SF,1.0,1.0,0.0,ShAdDafrF,18.0,1062.0,17.0,1056.0,DNS
1720727854.239621,CClPE51VNv7vo3oaGa,192.168.1.4,56412.0,104.17.24.14,443.0,udp,0.069261074066162,4155.0,7913.0,SF,1.0,0.0,0.0,Dd,10.0,4435.0,12.0,8249.0,HTTPS
1720727824.610036,CMQZC442KvcVwigdV4,192.168.1.4,36148.0,192.168.1.1,53.0,udp,0.002978086471557,54.0,140.0,SF,1.0,1.0,0.0,Dd,1.0,82.0,1.0,168.0,DNS
1720730856.990577,CvZ3Zd2L4yPi82OJXh,192.168.1.6,41894.0,192.168.1.4,21.0,tcp,10.422086000442505,127.0,188.0,SF,1.0,1.0,0.0,ShAdDafrF,18.0,1071.0,17.0,1056.0,FTP
1720728351.196402,CVzVvOYpv7GPkJzIi,192.168.1.6,46334.0,192.168.1.4,21.0,tcp,10.80710792541504,118.0,188.0,SF,1.0,1.0,0.0,ShAdDafrF,18.0,1062.0,17.0,1056.0,FTP
1720728091.333628,C5MqIZ16tq5GLsIBZ9,192.168.1.6,35106.0,192.168.1.4,21.0,tcp,9.525966167449951,117.0,188.0,SF,1.0,1.0,0.0,ShAdDafrF,18.0,1061.0,17.0,1056.0,FTP
1720728155.181118,Cyjgm3sdFByMc6Fjg,192.168.1.4,33424.0,192.168.1.1,53.0,udp,9.525966167449951,117.0,188.0,SF,1.0,1.0,0.0,ShAdDafrF,18.0,1061.0,17.0,1056.0,DNS
1720728245.105775,CWPAtT2JDZmVqyxtzd,192.168.1.4,45615.0,192.168.1.1,53.0,udp,9.525966167449951,117.0,188.0,SF,1.0,1.0,0.0,ShAdDafrF,18.0,1061.0,17.0,1056.0,DNS
1720728342.516936,CREEXH3dfcE4IO3Fz4,192.168.1.6,38824.0,192.168.1.4,21.0,tcp,11.053403854370115,118.0,188.0,SF,1.0,1.0,0.0,ShAdDafrF,18.0,1062.0,17.0,1056.0,FTP
1720729820.985389,ChNnYcQiuVS8mna11,192.168.1.6,34402.0,192.168.1.4,21.0,tcp,10.212289094924929,129.0,188.0,SF,1.0,1.0,0.0,ShAdDafrF,18.0,1073.0,17.0,1056.0,FTP
1720728187.172299,CcHYIH1UPY9VhKnhT,192.168.1.6,42748.0,192.168.1.4,21.0,tcp,10.13685703277588,118.0,188.0,SF,1.0,1.0,0.0,ShAdDafrF,18.0,1062.0,17.0,1056.0,FTP
1720728144.135384,Cxii3W34TxfD3vwgej,192.168.1.6,42074.0,192.168.1.4,21.0,tcp,10.08659291267395,118.0,188.0,SF,1.0,1.0,0.0,ShAdDafrF,18.0,1062.0,17.0,1056.0,FTP
1720728278.472607,Cftd8f4ht2RahOzItc,192.168.1.4,33996.0,20.50.80.210,443.0,tcp,73.04452919960022,6561.0,7417.0,SF,1.0,0.0,0.0,ShADadFf,21.0,7661.0,18.0,8361.0,HTTPS
1720728148.533686,CnwXda2cNCdCh36zD4,192.168.1.6,42130.0,192.168.1.4,21.0,tcp,9.868667125701904,118.0,188.0,SF,1.0,1.0,0.0,ShAdDafFr,18.0,1062.0,17.0,1056.0,FTP
1720729145.137093,CuZMCg3pO6IOkggeHe,192.168.1.6,38924.0,192.168.1.4,21.0,tcp,9.806728839874268,123.0,188.0,SF,1.0,1.0,0.0,ShAdDafrF,18.0,1067.0,17.0,1056.0,FTP
1720728125.141818,CllgsYPvLgDfLqE17,192.168.1.4,45542.0,23.212.249.68,443.0,tcp,83.61087083816528,2577.0,30075.0,SF,1.0,0.0,0.0,ShADadFRf,26.0,3913.0,35.0,31903.0,HTTPS
1720727915.661371,CgNxL73DXVUYZpJaP4,192.168.1.4,49174.0,13.224.214.45,443.0,tcp,240.9674870967865,2394.0,48370.0,SF,1.0,0.0,0.0,ShADadFf,33.0,4118.0,35.0,50198.0,HTTPS
1720728506.382555,CgX2hr3725jiW7Sp06,192.168.1.6,41942.0,192.168.1.4,21.0,tcp,9.841137886047363,116.0,188.0,SF,1.0,1.0,0.0,ShAdDafrF,18.0,1060.0,17.0,1056.0,FTP
1720731484.544218,CiExIm3Fifq3MaYvj3,192.168.1.6,60716.0,192.168.1.4,21.0,tcp,9.60366702079773,171.0,188.0,SF,1.0,1.0,0.0,ShAdDafrF,18.0,1115.0,17.0,1056.0,FTP
1720730596.848783,CqbkGF49wqwI5FYGae,192.168.1.6,41902.0,192.168.1.4,21.0,tcp,9.683969974517822,122.0,188.0,SF,1.0,1.0,0.0,ShAdDafFr,18.0,1066.0,17.0,1056.0,FTP
1720727765.66866,CVzU8z4TGWNkYgh0Og,192.168.1.4,59414.0,35.208.249.213,443.0,udp,2.4080276489257816e-05,2500.0,0.0,S0,1.0,0.0,0.0,D,2.0,2556.0,0.0,0.0,HTTPS
1720730427.555349,CE3vug1GlECMBv90a,192.168.1.6,58886.0,192.168.1.4,21.0,tcp,9.605165004730225,121.0,188.0,SF,1.0,1.0,0.0,ShAdDafrF,18.0,1065.0,17.0,1056.0,FTP
1720727855.718408,CPT80X3LmWp5tBvKM,192.168.1.6,42272.0,192.168.1.4,21.0,tcp,10.14090895652771,118.0,188.0,SF,1.0,1.0,0.0,ShAdDafrF,18.0,1062.0,17.0,1056.0,FTP
1720728221.329232,Cb9Kjj3Mygz58APxFc,192.168.1.4,55134.0,192.168.1.1,53.0,udp,0.001251935958862,41.0,202.0,SF,1.0,1.0,0.0,Dd,1.0,69.0,1.0,230.0,DNS
1720728091.323375,C5sIaV1fdHzNZUfLoe,192.168.1.6,35092.0,192.168.1.4,21.0,tcp,9.525864124298096,117.0,188.0,SF,1.0,1.0,0.0,ShAdDafrF,18.0,1061.0,17.0,1056.0,FTP
1720728827.692539,CXar8G3yOd7cqk6G7d,192.168.1.6,47966.0,192.168.1.4,21.0,tcp,9.783257007598875,122.0,188.0,SF,1.0,1.0,0.0,ShAdDafrF,18.0,1066.0,17.0,1056.0,FTP
1720729972.79313,CNIuak3DmSzj4CoYec,192.168.1.6,36286.0,192.168.1.4,21.0,tcp,10.63129496574402,128.0,188.0,SF,1.0,1.0,0.0,ShAdDafFr,18.0,1072.0,17.0,1056.0,FTP
1720728340.248389,C5SmTX7XP6QtAvr7j,192.168.1.6,38754.0,192.168.1.4,21.0,tcp,10.93345308303833,118.0,188.0,SF,1.0,1.0,0.0,ShAdDafrF,18.0,1062.0,17.0,1056.0,FTP
1720728225.087426,CZY39N28b97IY9OiM5,192.168.1.6,34566.0,192.168.1.4,21.0,tcp,10.25200605392456,118.0,188.0,SF,1.0,1.0,0.0,ShAdDafFr,18.0,1062.0,17.0,1056.0,FTP
1720727999.786016,CEWChG28fnqiIF0NHg,192.168.1.6,51294.0,192.168.1.4,21.0,tcp,9.769942045211792,118.0,188.0,SF,1.0,1.0,0.0,ShAdDafrF,18.0,1062.0,17.0,1056.0,FTP
1720731643.185943,CUzBW7ptgxZ38nznl,192.168.1.6,40632.0,192.168.1.4,21.0,tcp,9.475937128067017,174.0,188.0,SF,1.0,1.0,0.0,ShAdDafFr,18.0,1118.0,17.0,1056.0,FTP
1720728187.339457,CPS6qR1S5zFQZ7BWi3,192.168.1.4,37106.0,192.168.1.1,53.0,udp,0.001283884048461,74.0,139.0,SF,1.0,1.0,0.0,Dd,1.0,102.0,1.0,167.0,DNS
1720730891.34833,CoZa103w8x7Czsdlsd,192.168.1.6,43426.0,192.168.1.4,21.0,tcp,10.90373396873474,128.0,188.0,SF,1.0,1.0,0.0,ShAdDafFr,18.0,1072.0,17.0,1056.0,FTP
1720727845.188575,CdX6oB1HhCryDUxoXh,192.168.1.6,39356.0,192.168.1.4,21.0,tcp,9.74347686767578,118.0,188.0,SF,1.0,1.0,0.0,ShAdDafrF,18.0,1062.0,17.0,1056.0,FTP
1720731720.935273,CACDn11jeTQwtjCRU9,192.168.1.6,38648.0,192.168.1.4,21.0,tcp,11.214569091796877,177.0,188.0,SF,1.0,1.0,0.0,ShAdDafrF,18.0,1121.0,17.0,1056.0,FTP
1720727956.325384,C4OVmd1qwaFEH0FNca,192.168.1.4,58689.0,192.168.1.1,53.0,udp,11.214569091796877,177.0,188.0,SF,1.0,1.0,0.0,ShAdDafrF,18.0,1121.0,17.0,1056.0,DNS
1720727884.865171,Cgr8RI26RnLWqdXuw2,192.168.1.4,48873.0,142.251.40.130,443.0,udp,0.116909980773925,5015.0,10781.0,SF,1.0,0.0,0.0,Dd,10.0,5295.0,13.0,11145.0,HTTPS
1720730232.916413,C3cmTG3Hh8E2ai1UI,192.168.1.6,47170.0,192.168.1.4,21.0,tcp,9.914084911346436,133.0,188.0,SF,1.0,1.0,0.0,ShAdDafFr,18.0,1077.0,17.0,1056.0,FTP
1720731271.336206,C3iUhn1F9vpDEIID9l,192.168.1.6,32842.0,192.168.1.4,21.0,tcp,11.19237995147705,159.0,188.0,SF,1.0,1.0,0.0,ShAdDafrF,18.0,1103.0,17.0,1056.0,FTP
1720728246.877549,CZ7kHl1yQSyGQnnmF,192.168.1.6,50868.0,192.168.1.4,21.0,tcp,10.784510135650637,118.0,188.0,SF,1.0,1.0,0.0,ShAdDafrF,18.0,1062.0,17.0,1056.0,FTP
1720728096.289519,Culkcn1ym83qdJcJU2,192.168.1.4,53521.0,192.168.1.1,53.0,udp,10.784510135650637,118.0,188.0,SF,1.0,1.0,0.0,ShAdDafrF,18.0,1062.0,17.0,1056.0,DNS
1720730109.88324,CtshhK3SYoSdg6AcY5,192.168.1.6,50366.0,192.168.1.4,21.0,tcp,10.249457120895386,132.0,188.0,SF,1.0,1.0,0.0,ShAdDafrF,18.0,1076.0,17.0,1056.0,FTP
1720729615.726211,Cg0SxH1Lj0Q6mIeiA,192.168.1.6,47590.0,192.168.1.4,21.0,tcp,8.377903938293457,113.0,188.0,SF,1.0,1.0,0.0,ShAdDafFr,18.0,1057.0,17.0,1056.0,FTP
1720729236.885499,CWiT8E2svfEuwSlt9a,192.168.1.6,38328.0,192.168.1.4,21.0,tcp,9.552479028701782,129.0,188.0,SF,1.0,1.0,0.0,ShAdDafrF,18.0,1073.0,17.0,1056.0,FTP
1720730223.814967,CKonTu4RdHackkqQg2,192.168.1.6,47042.0,192.168.1.4,21.0,tcp,10.847592115402222,133.0,188.0,SF,1.0,1.0,0.0,ShAdDafFr,18.0,1077.0,17.0,1056.0,FTP
1720728402.26007,C2PnM84y6tmKRIce9d,192.168.1.6,60300.0,192.168.1.4,21.0,tcp,9.983448028564451,117.0,188.0,SF,1.0,1.0,0.0,ShAdDafFr,18.0,1061.0,17.0,1056.0,FTP
1720728186.763883,C93N7g1ig2u5ut3g2f,192.168.1.4,49208.0,52.35.241.161,443.0,tcp,22.04556584358216,2617.0,4558.0,SF,1.0,0.0,0.0,ShADadFf,16.0,3457.0,17.0,5450.0,HTTPS
1720728403.718079,CygwW7x3yKFOFNN6,192.168.1.6,38454.0,192.168.1.4,21.0,tcp,10.981254816055298,117.0,188.0,SF,1.0,1.0,0.0,ShAdDafrF,18.0,1061.0,17.0,1056.0,FTP
1720731068.358654,C6WHWd1k4aVOFtsQxb,192.168.1.6,38674.0,192.168.1.4,21.0,tcp,10.602627992630005,125.0,188.0,SF,1.0,1.0,0.0,ShAdDafrF,18.0,1069.0,17.0,1056.0,FTP
1720727905.971965,CwBHr1Qixjqd6edqg,192.168.1.6,47626.0,192.168.1.4,21.0,tcp,10.0569109916687,118.0,188.0,SF,1.0,1.0,0.0,ShAdDafrF,18.0,1062.0,17.0,1056.0,FTP
1720728219.963629,CtfrRs4D3mgYMfpYEk,192.168.1.4,57576.0,192.168.1.1,53.0,udp,10.0569109916687,118.0,188.0,SF,1.0,1.0,0.0,ShAdDafrF,18.0,1062.0,17.0,1056.0,DNS
1720731137.731664,Ch7hRX1vT2r1xpJrqb,192.168.1.6,35490.0,192.168.1.4,21.0,tcp,10.154950141906738,108.0,188.0,SF,1.0,1.0,0.0,ShAdDafrF,18.0,1052.0,17.0,1056.0,FTP
1720727844.551012,CLRkyz1w6dlfGaI4lf,192.168.1.6,39254.0,192.168.1.4,21.0,tcp,10.597060918807983,118.0,188.0,SF,1.0,1.0,0.0,ShAdDafrF,18.0,1062.0,17.0,1056.0,FTP
1720727824.919821,CTSEAe1gv91toljvu1,192.168.1.4,55919.0,192.168.1.1,53.0,udp,10.597060918807983,118.0,188.0,SF,1.0,1.0,0.0,ShAdDafrF,18.0,1062.0,17.0,1056.0,DNS
1720727884.507167,CwOr43mZXBtakhD3j,192.168.1.4,56932.0,192.168.1.1,53.0,udp,10.597060918807983,118.0,188.0,SF,1.0,1.0,0.0,ShAdDafrF,18.0,1062.0,17.0,1056.0,DNS
1720729010.667809,CnjQZx41yWY6X6E67j,192.168.1.6,33946.0,192.168.1.4,21.0,tcp,9.491894006729126,115.0,188.0,SF,1.0,1.0,0.0,ShAdDafrF,18.0,1059.0,17.0,1056.0,FTP
1720729850.200409,CpQkmaRRMUnL8CiBk,192.168.1.6,41826.0,192.168.1.4,21.0,tcp,10.841413974761965,137.0,188.0,SF,1.0,1.0,0.0,ShAdDafrF,18.0,1081.0,17.0,1056.0,FTP
1720728124.720203,C0EdEs4rJyFZdi7AWg,192.168.1.4,39112.0,18.238.4.35,443.0,tcp,84.03763818740845,8902.0,148552.0,SF,1.0,0.0,0.0,ShADadFf,63.0,12186.0,76.0,152512.0,HTTPS
1720731177.792938,Cmwllip00OBe2GKJ5,192.168.1.6,44644.0,192.168.1.4,21.0,tcp,9.958154916763306,112.0,188.0,SF,1.0,1.0,0.0,ShAdDafrF,18.0,1056.0,17.0,1056.0,FTP
1720728245.208787,CFaNL44hiDFBUWdPIk,192.168.1.4,38733.0,192.168.1.1,53.0,udp,0.003803014755249,50.0,50.0,SF,1.0,1.0,0.0,Dd,1.0,78.0,1.0,78.0,DNS
1720728096.345332,C1phkj3Tv91kUagRHf,192.168.1.4,48493.0,192.168.1.1,53.0,udp,0.047131061553955,45.0,249.0,SF,1.0,1.0,0.0,Dd,1.0,73.0,1.0,277.0,DNS
1720728096.333762,CqbJwM2dwljCUzOzA4,192.168.1.4,56477.0,192.168.1.1,53.0,udp,0.016777992248535,44.0,341.0,SF,1.0,1.0,0.0,Dd,1.0,72.0,1.0,369.0,DNS
1720727914.343648,CrRn294eQj1fXxdt26,192.168.1.4,51698.0,13.224.214.32,443.0,udp,0.016777992248535,44.0,341.0,SF,1.0,1.0,0.0,Dd,1.0,72.0,1.0,369.0,HTTPS
1720727854.286209,CCTdjI2poUIndf7bw3,192.168.1.4,34394.0,192.96.159.127,443.0,udp,0.016777992248535,44.0,341.0,SF,1.0,1.0,0.0,Dd,1.0,72.0,1.0,369.0,HTTPS
1720728778.324317,CiYtBK32O2cL1YV6sd,192.168.1.6,41526.0,192.168.1.4,21.0,tcp,10.321553945541382,128.0,188.0,SF,1.0,1.0,0.0,ShAdDafFr,18.0,1072.0,17.0,1056.0,FTP
1720729864.369333,CycSnt3uaVp00JG6ni,192.168.1.6,51844.0,192.168.1.4,21.0,tcp,10.40810203552246,124.0,188.0,SF,1.0,1.0,0.0,ShAdDafFr,18.0,1068.0,17.0,1056.0,FTP
1720728096.333589,CDMMxf3IMcM9ffDPD7,192.168.1.4,37108.0,192.168.1.1,53.0,udp,0.015728950500488,44.0,582.0,SF,1.0,1.0,0.0,Dd,1.0,72.0,1.0,610.0,DNS
1720730544.0703,CrQ3QC4j1CDm8o1O3j,192.168.1.6,58566.0,192.168.1.4,21.0,tcp,9.834155797958374,141.0,188.0,SF,1.0,1.0,0.0,ShAdDafrF,18.0,1085.0,17.0,1056.0,FTP
1720728757.189005,CFsic32VEi7nUcCtW7,192.168.1.6,43592.0,192.168.1.4,21.0,tcp,10.826736211776732,120.0,188.0,SF,1.0,1.0,0.0,ShAdDafFr,18.0,1064.0,17.0,1056.0,FTP
1720731672.780421,ChjJz412fQ43whlVF9,192.168.1.6,43474.0,192.168.1.4,21.0,tcp,10.493942975997925,167.0,188.0,SF,1.0,1.0,0.0,ShAdDafrF,18.0,1111.0,17.0,1056.0,FTP
1720731348.283618,CDJslaTxdRD8bPCra,192.168.1.6,55268.0,192.168.1.4,21.0,tcp,10.92405605316162,166.0,188.0,SF,1.0,1.0,0.0,ShAdDafrF,18.0,1110.0,17.0,1056.0,FTP
1720728615.029484,C7ee5QoVhhLtoCWV3,192.168.1.6,37314.0,192.168.1.4,21.0,tcp,9.40104603767395,122.0,188.0,SF,1.0,1.0,0.0,ShAdDafrF,18.0,1066.0,17.0,1056.0,FTP
1720731640.468277,Cu1TdE3PIEk2wJ1mY,192.168.1.6,42272.0,192.168.1.4,21.0,tcp,9.384427070617676,163.0,188.0,SF,1.0,1.0,0.0,ShAdDafrF,18.0,1107.0,17.0,1056.0,FTP
1720730929.324322,CNNwBo3zdAidiWX8L1,192.168.1.6,43464.0,192.168.1.4,21.0,tcp,11.370415925979614,174.0,188.0,SF,1.0,1.0,0.0,ShAdDafrF,18.0,1118.0,17.0,1056.0,FTP
1720730028.243081,C6BDSu4bs39LTMbZ8i,192.168.1.6,59232.0,192.168.1.4,21.0,tcp,10.146511793136597,133.0,188.0,SF,1.0,1.0,0.0,ShAdDafFr,18.0,1077.0,17.0,1056.0,FTP
1720728043.234353,Ci1Wlh2rsCXzgzrPzc,192.168.1.4,33051.0,192.168.1.1,53.0,udp,0.003949880599975,58.0,394.0,SF,1.0,1.0,0.0,Dd,1.0,86.0,1.0,422.0,DNS
1720729376.298818,CrCq0Vzv1QtTKEiS4,192.168.1.6,47798.0,192.168.1.4,21.0,tcp,10.282782793045044,132.0,188.0,SF,1.0,1.0,0.0,ShAdDafrF,18.0,1076.0,17.0,1056.0,FTP
1720729436.116421,CkkZ4d2lcHyV6rcjt3,192.168.1.4,41552.0,192.168.1.1,53.0,udp,10.282782793045044,132.0,188.0,SF,1.0,1.0,0.0,ShAdDafrF,18.0,1076.0,17.0,1056.0,DNS
1720729495.55853,CBS49b3t1nUk0t8tag,192.168.1.6,43236.0,192.168.1.4,21.0,tcp,10.038932800292969,116.0,188.0,SF,1.0,1.0,0.0,ShAdDafrF,18.0,1060.0,17.0,1056.0,FTP
1720727805.921654,CQTywo35PZLYOaRKk5,192.168.1.6,41936.0,192.168.1.4,21.0,tcp,9.883973121643066,118.0,188.0,SF,1.0,1.0,0.0,ShAdDafrF,18.0,1062.0,17.0,1056.0,FTP
1720730743.233651,CfUk0FGOHo75g7di9,192.168.1.4,52812.0,192.168.1.1,53.0,udp,9.883973121643066,118.0,188.0,SF,1.0,1.0,0.0,ShAdDafrF,18.0,1062.0,17.0,1056.0,DNS
1720729995.631157,C2K7g9N5FHbe8bZvh,192.168.1.6,52142.0,192.168.1.4,21.0,tcp,10.97203803062439,124.0,188.0,SF,1.0,1.0,0.0,ShAdDafrF,18.0,1068.0,17.0,1056.0,FTP
1720727764.296962,C1LZav4PBl0dpNifD6,192.168.1.4,32769.0,192.168.1.1,53.0,udp,0.001379013061523,60.0,120.0,SF,1.0,1.0,0.0,Dd,1.0,88.0,1.0,148.0,DNS
1720728096.363117,Cx5q723HqbmLUDlA6j,192.168.1.4,35954.0,192.168.1.1,53.0,udp,0.019123077392578,53.0,132.0,SF,1.0,1.0,0.0,Dd,1.0,81.0,1.0,160.0,DNS
1720728306.354747,CD0v7e4IoFR9lrd5ck,192.168.1.4,35738.0,52.223.40.198,443.0,tcp,45.08986306190491,1854.0,4408.0,SF,1.0,0.0,0.0,ShADadFf,10.0,2382.0,8.0,4832.0,HTTPS
1720727974.010303,CVshol2n8WGZLYiqsf,192.168.1.4,38152.0,204.235.147.206,443.0,tcp,0.138213872909545,4729.0,142964.0,RSTO,1.0,0.0,0.0,ShADadtFRR,58.0,7093.0,73.0,145896.0,HTTPS
1720729335.745681,CE4dAM2u08wZ8ZI2ee,192.168.1.6,50736.0,192.168.1.4,21.0,tcp,10.012430906295776,108.0,188.0,SF,1.0,1.0,0.0,ShAdDafrF,18.0,1052.0,17.0,1056.0,FTP
1720730649.064831,CetDWv1StHFuZeiTa2,192.168.1.6,32986.0,192.168.1.4,21.0,tcp,10.568410873413086,130.0,188.0,SF,1.0,1.0,0.0,ShAdDafrF,18.0,1074.0,17.0,1056.0,FTP
1720729651.431313,CtWXWY0DYZnSsHC8b,192.168.1.6,46116.0,192.168.1.4,21.0,tcp,9.422621965408323,115.0,188.0,SF,1.0,1.0,0.0,ShAdDafrF,18.0,1059.0,17.0,1056.0,FTP
1720731113.283109,CMcjiz2swfJIa4EPS2,192.168.1.6,57552.0,192.168.1.4,21.0,tcp,9.98999810218811,111.0,188.0,SF,1.0,1.0,0.0,ShAdDafFr,18.0,1055.0,17.0,1056.0,FTP
1720727824.786906,CaQxWW1sd7KJJMusSg,192.168.1.4,59226.0,192.168.1.1,53.0,udp,0.001399993896484,65.0,122.0,SF,1.0,1.0,0.0,Dd,1.0,93.0,1.0,150.0,DNS
1720728306.17911,CwbJBb6722R5f5YGc,192.168.1.4,59490.0,142.251.41.2,443.0,udp,0.178417921066284,5044.0,9821.0,SF,1.0,0.0,0.0,Dd,13.0,5408.0,13.0,10185.0,HTTPS
1720730992.278928,Cj5FF62v9OVMwNSml6,192.168.1.6,55726.0,192.168.1.4,21.0,tcp,10.641155004501345,134.0,188.0,SF,1.0,1.0,0.0,ShAdDafrF,18.0,1078.0,17.0,1056.0,FTP
1720728035.144689,CcabD53Zjcq5H6Uy2a,192.168.1.4,46762.0,64.233.180.157,443.0,tcp,173.60343384742737,2610.0,6895.0,SF,1.0,0.0,0.0,ShADadtFf,18.0,3590.0,17.0,7787.0,HTTPS
1720727824.634196,C4XIads1v22YfUwW2,192.168.1.4,35758.0,142.250.64.97,443.0,tcp,173.60343384742737,2610.0,6895.0,SF,1.0,0.0,0.0,ShADadtFf,18.0,3590.0,17.0,7787.0,HTTPS
1720727884.42472,CIerVTUBuqDW9ZcEc,192.168.1.4,41158.0,192.168.1.1,53.0,udp,173.60343384742737,2610.0,6895.0,SF,1.0,0.0,0.0,ShADadtFf,18.0,3590.0,17.0,7787.0,DNS
1720728462.024609,CDaXJJ1t2kIuFlHD0b,192.168.1.6,56076.0,192.168.1.4,21.0,tcp,9.7189519405365,117.0,188.0,SF,1.0,1.0,0.0,ShAdDafrF,18.0,1061.0,17.0,1056.0,FTP
1720727754.905253,CvVV7O103MAbOrFYf2,192.168.1.6,52042.0,192.168.1.4,21.0,tcp,10.55715012550354,118.0,188.0,SF,1.0,1.0,0.0,ShAdDafrF,18.0,1062.0,17.0,1056.0,FTP
1720728219.941994,CC29xP3EY1AQHLNpX8,192.168.1.4,39791.0,192.168.1.1,53.0,udp,0.001708984375,63.0,176.0,SF,1.0,1.0,0.0,Dd,1.0,91.0,1.0,204.0,DNS
1720727914.804259,ClPx8S3BJoi1ql8F8b,192.168.1.4,38894.0,192.168.1.1,53.0,udp,0.051920890808105,56.0,291.0,SF,1.0,1.0,0.0,Dd,1.0,84.0,1.0,319.0,DNS
1720728094.675192,CL4dfQHJeBdCwqKjg,192.168.1.4,60741.0,192.168.1.1,53.0,udp,0.051920890808105,56.0,291.0,SF,1.0,1.0,0.0,Dd,1.0,84.0,1.0,319.0,DNS
1720728095.422153,Cj9kDo3M2l7VMnmoff,192.168.1.4,54638.0,192.168.1.1,53.0,udp,0.015991926193237,73.0,291.0,SF,1.0,1.0,0.0,Dd,1.0,101.0,1.0,319.0,DNS
1720729890.864052,C12aKecMChIH7N6R8,192.168.1.6,52174.0,192.168.1.4,21.0,tcp,10.076200008392334,123.0,188.0,SF,1.0,1.0,0.0,ShAdDafrF,18.0,1067.0,17.0,1056.0,FTP
1720731402.514529,CqtXREFGA5YZ5w25d,192.168.1.6,48538.0,192.168.1.4,21.0,tcp,10.49011492729187,165.0,188.0,SF,1.0,1.0,0.0,ShAdDafFr,18.0,1109.0,17.0,1056.0,FTP
1720728125.263816,CQc21D2iaLyMusYi1b,192.168.1.4,48843.0,192.168.1.1,53.0,udp,10.49011492729187,165.0,188.0,SF,1.0,1.0,0.0,ShAdDafFr,18.0,1109.0,17.0,1056.0,DNS
1720728697.778822,CTPO7V3FubhaNNajdd,192.168.1.6,40176.0,192.168.1.4,21.0,tcp,10.52553415298462,132.0,188.0,SF,1.0,1.0,0.0,ShAdDafrF,18.0,1076.0,17.0,1056.0,FTP
1720729138.527005,Cqjoaa11Ie0PbKG6x7,192.168.1.6,47424.0,192.168.1.4,21.0,tcp,11.206846952438354,124.0,188.0,SF,1.0,1.0,0.0,ShAdDafrF,18.0,1068.0,17.0,1056.0,FTP
1720727884.289102,CDhBe93ZYXtHMq5wnh,192.168.1.4,48063.0,192.168.1.1,53.0,udp,11.206846952438354,124.0,188.0,SF,1.0,1.0,0.0,ShAdDafrF,18.0,1068.0,17.0,1056.0,DNS
1720727915.083751,CDRiVP2i6ZUh4MjNxg,192.168.1.4,58838.0,142.251.32.104,443.0,tcp,240.40232515335083,2778.0,437680.0,SF,1.0,0.0,0.0,ShADadFf,220.0,14226.0,296.0,453080.0,HTTPS
1720729753.72636,Cu3cAg19m7httWGt83,192.168.1.6,43562.0,192.168.1.4,21.0,tcp,10.633224964141846,121.0,188.0,SF,1.0,1.0,0.0,ShAdDafFr,18.0,1065.0,17.0,1056.0,FTP
1720727854.058504,C1286OdZHf9EbAta1,192.168.1.4,43776.0,216.239.32.181,443.0,tcp,10.633224964141846,121.0,188.0,SF,1.0,1.0,0.0,ShAdDafFr,18.0,1065.0,17.0,1056.0,HTTPS
1720731856.184909,CxJRPf3XlseyuOuop2,192.168.1.6,40962.0,192.168.1.4,21.0,tcp,9.656140804290771,109.0,188.0,SF,1.0,1.0,0.0,ShAdDafrF,18.0,1053.0,17.0,1056.0,FTP
1720728186.761805,ChAUnv3xWw14MLCSP7,192.168.1.4,43820.0,192.168.1.1,53.0,udp,0.001207828521728,52.0,134.0,SF,1.0,1.0,0.0,Dd,1.0,80.0,1.0,162.0,DNS
1720728993.283563,CsPkWD2GQQbnCQ0zz7,192.168.1.6,51400.0,192.168.1.4,21.0,tcp,10.223188161849976,123.0,188.0,SF,1.0,1.0,0.0,ShAdDafrF,18.0,1067.0,17.0,1056.0,FTP
1720728849.499429,C33Loe231tLxj16Gn9,192.168.1.6,39758.0,192.168.1.4,21.0,tcp,9.720309972763062,109.0,188.0,SF,1.0,1.0,0.0,ShAdDafrF,18.0,1053.0,17.0,1056.0,FTP
1720730308.764185,CyRRU33QzJxmm4yVEh,192.168.1.6,50286.0,192.168.1.4,21.0,tcp,10.402843952178957,123.0,188.0,SF,1.0,1.0,0.0,ShAdDafrF,18.0,1067.0,17.0,1056.0,FTP
1720729651.978265,C59eR126F0fo8VHPsd,192.168.1.6,46126.0,192.168.1.4,21.0,tcp,9.13180685043335,117.0,188.0,SF,1.0,1.0,0.0,ShAdDafrF,18.0,1061.0,17.0,1056.0,FTP
1720727883.504001,C8VKjQ3RXhFTM1vQd9,192.168.1.4,55687.0,192.168.1.1,53.0,udp,9.13180685043335,117.0,188.0,SF,1.0,1.0,0.0,ShAdDafrF,18.0,1061.0,17.0,1056.0,DNS
1720731589.307432,C5BXRm4SYkR7BRfp4h,192.168.1.6,47702.0,192.168.1.4,21.0,tcp,9.220196962356567,157.0,188.0,SF,1.0,1.0,0.0,ShAdDafFr,18.0,1101.0,17.0,1056.0,FTP
1720731745.75542,Ck3u0gjqCTf9c4nB2,192.168.1.6,40436.0,192.168.1.4,21.0,tcp,10.696653127670288,169.0,188.0,SF,1.0,1.0,0.0,ShAdDafFr,18.0,1113.0,17.0,1056.0,FTP
1720731148.143334,CSDfTpUHLtdzPr2T2,192.168.1.6,58618.0,192.168.1.4,21.0,tcp,9.594051122665403,108.0,188.0,SF,1.0,1.0,0.0,ShAdDafrF,18.0,1052.0,17.0,1056.0,FTP
1720729379.268855,Cu8x662PgDs5jGLDSd,192.168.1.6,47884.0,192.168.1.4,21.0,tcp,10.667147874832152,136.0,188.0,SF,1.0,1.0,0.0,ShAdDafFr,18.0,1080.0,17.0,1056.0,FTP
1720730098.639558,CUVNPb4u98AJCAKhhe,192.168.1.6,48926.0,192.168.1.4,21.0,tcp,9.931457996368408,144.0,188.0,SF,1.0,1.0,0.0,ShAdDafrF,18.0,1088.0,17.0,1056.0,FTP
1720728215.669269,CCk1hT2mZAt9JXBPI,192.168.1.4,46560.0,192.168.1.1,53.0,udp,9.931457996368408,144.0,188.0,SF,1.0,1.0,0.0,ShAdDafrF,18.0,1088.0,17.0,1056.0,DNS
1720729236.746262,C2bONS2bzsbGbORCrc,192.168.1.6,38292.0,192.168.1.4,21.0,tcp,9.571470975875854,137.0,188.0,SF,1.0,1.0,0.0,ShAdDafrF,18.0,1081.0,17.0,1056.0,FTP
1720731260.850399,CH2bRq2HgqHsHcML48,192.168.1.6,53484.0,192.168.1.4,21.0,tcp,9.471611976623535,160.0,188.0,SF,1.0,1.0,0.0,ShAdDafrF,18.0,1104.0,17.0,1056.0,FTP
1720728094.406624,CQ5MJr2WR4Kmd7xPf7,192.168.1.4,52764.0,192.168.1.1,53.0,udp,0.082113981246948,49.0,113.0,SF,1.0,1.0,0.0,Dd,1.0,77.0,1.0,141.0,DNS
1720730714.874015,CjF7pY1oh2e1tlzuT5,192.168.1.6,43916.0,192.168.1.4,21.0,tcp,10.754268884658812,118.0,188.0,SF,1.0,1.0,0.0,ShAdDafrF,18.0,1062.0,17.0,1056.0,FTP
1720728646.294749,CZZt4T92LMpFabsai,192.168.1.6,35486.0,192.168.1.4,21.0,tcp,10.43429398536682,131.0,188.0,SF,1.0,1.0,0.0,ShAdDafrF,18.0,1075.0,17.0,1056.0,FTP
1720730922.478044,CwEuSz2bD4CyFS9Ut2,192.168.1.6,34738.0,192.168.1.4,21.0,tcp,10.814961910247805,160.0,188.0,SF,1.0,1.0,0.0,ShAdDafFr,18.0,1104.0,17.0,1056.0,FTP
1720727915.53031,Ca3Jsa2g0P4TRLbgEl,192.168.1.4,53820.0,31.13.71.7,443.0,tcp,65.12209010124207,2953.0,77007.0,SF,1.0,0.0,0.0,ShADadfF,42.0,5145.0,68.0,80551.0,HTTPS
1720727973.845574,CrHQveW2Y584VvUgl,192.168.1.4,39353.0,192.168.1.1,53.0,udp,65.12209010124207,2953.0,77007.0,SF,1.0,0.0,0.0,ShADadfF,42.0,5145.0,68.0,80551.0,DNS
1720727765.765091,C6MDRh4zwJ9l9gq1Ji,192.168.1.4,46470.0,192.168.1.1,53.0,udp,0.026698112487792,127.0,127.0,SF,1.0,1.0,0.0,Dd,3.0,211.0,3.0,211.0,DNS
1720730093.330348,CZ5ZaA4AZpmYqrhCsg,192.168.1.6,48896.0,192.168.1.4,21.0,tcp,9.913333892822266,145.0,188.0,SF,1.0,1.0,0.0,ShAdDafFr,18.0,1089.0,17.0,1056.0,FTP
1720730837.86041,COL4Ef3Pwa91basMz6,192.168.1.6,40786.0,192.168.1.4,21.0,tcp,9.94819402694702,131.0,188.0,SF,1.0,1.0,0.0,ShAdDafFr,18.0,1075.0,17.0,1056.0,FTP
1720731745.280223,CYFdJo1l6i91EfWLJj,192.168.1.6,40432.0,192.168.1.4,21.0,tcp,10.622814178466797,161.0,188.0,SF,1.0,1.0,0.0,ShAdDafrF,18.0,1105.0,17.0,1056.0,FTP
1720728245.063955,C1CGm81Hd2Yz56sLwk,192.168.1.4,55548.0,192.168.1.1,53.0,udp,10.622814178466797,161.0,188.0,SF,1.0,1.0,0.0,ShAdDafrF,18.0,1105.0,17.0,1056.0,DNS
1720728305.133665,CnvNro3br61LgZL5Cd,192.168.1.4,40431.0,192.168.1.1,53.0,udp,0.100003004074096,41.0,873.0,SF,1.0,1.0,0.0,Dd,1.0,69.0,1.0,901.0,DNS
1720728271.810073,CE2yuHXwaUbNY6Ldc,192.168.1.4,48042.0,13.107.21.239,443.0,udp,0.100003004074096,41.0,873.0,SF,1.0,1.0,0.0,Dd,1.0,69.0,1.0,901.0,HTTPS
1720728306.123992,CbhCK32g8KbkTdGiOk,192.168.1.4,58008.0,44.240.52.117,443.0,udp,0.100003004074096,41.0,873.0,SF,1.0,1.0,0.0,Dd,1.0,69.0,1.0,901.0,HTTPS
1720727865.833532,CeTmLDV7H5OcDvW9j,192.168.1.6,47816.0,192.168.1.4,21.0,tcp,10.397379875183104,118.0,188.0,SF,1.0,1.0,0.0,ShAdDafrF,18.0,1062.0,17.0,1056.0,FTP
1720729176.13545,CBmQUv28LgpCAYaUii,192.168.1.6,37266.0,192.168.1.4,21.0,tcp,9.589208126068115,128.0,188.0,SF,1.0,1.0,0.0,ShAdDafFr,18.0,1072.0,17.0,1056.0,FTP
1720728096.339837,CGmzB92NGtsU78jbPl,192.168.1.4,40262.0,23.50.126.61,443.0,tcp,112.43178582191469,8911.0,14711.0,SF,1.0,0.0,0.0,ShADadFRf,25.0,10195.0,28.0,16175.0,HTTPS
1720729671.804296,CC4qEu1hplfXFvnyud,192.168.1.6,59928.0,192.168.1.4,21.0,tcp,9.392877101898192,160.0,188.0,SF,1.0,1.0,0.0,ShAdDafrF,18.0,1104.0,17.0,1056.0,FTP
1720729350.368995,CGhjQb1z79x0qKHnib,192.168.1.6,32968.0,192.168.1.4,21.0,tcp,10.3662109375,118.0,188.0,SF,1.0,1.0,0.0,ShAdDafrF,18.0,1062.0,17.0,1056.0,FTP
1720728094.443296,ClceraUseOrCGK05e,192.168.1.4,43484.0,13.107.246.40,443.0,tcp,10.3662109375,118.0,188.0,SF,1.0,1.0,0.0,ShAdDafrF,18.0,1062.0,17.0,1056.0,HTTPS
1720727895.63749,CYuKz6JjyHaTipFC7,192.168.1.6,46086.0,192.168.1.4,21.0,tcp,10.413974046707152,117.0,188.0,SF,1.0,1.0,0.0,ShAdDafrF,18.0,1061.0,17.0,1056.0,FTP
1720729256.142233,ChAhJPNZq2Spj9l52,192.168.1.6,54450.0,192.168.1.4,21.0,tcp,9.853713989257812,110.0,188.0,SF,1.0,1.0,0.0,ShAdDafrF,18.0,1054.0,17.0,1056.0,FTP
1720727884.509436,CfFsni2umga645hvi,192.168.1.4,60161.0,192.168.1.1,53.0,udp,0.005680084228515,42.0,126.0,SF,1.0,1.0,0.0,Dd,1.0,70.0,1.0,154.0,DNS
1720728859.209614,C1YR494VCSMTBJS1Qf,192.168.1.6,50702.0,192.168.1.4,21.0,tcp,9.866122961044312,172.0,188.0,SF,1.0,1.0,0.0,ShAdDafrF,18.0,1116.0,17.0,1056.0,FTP
1720729491.623197,CuCqEl1UYF1ldZddl6,192.168.1.6,55936.0,192.168.1.4,21.0,tcp,10.258880853652954,135.0,188.0,SF,1.0,1.0,0.0,ShAdDafrF,18.0,1079.0,17.0,1056.0,FTP
1720730847.818819,CgSfJI3NybgGY5Tk35,192.168.1.6,45068.0,192.168.1.4,21.0,tcp,9.397724866867064,143.0,188.0,SF,1.0,1.0,0.0,ShAdDafrF,18.0,1087.0,17.0,1056.0,FTP
1720727923.674352,C3QeKv1Oqdl1rhSUwf,192.168.1.6,34002.0,192.168.1.4,21.0,tcp,9.820552110671995,118.0,188.0,SF,1.0,1.0,0.0,ShAdDafrF,18.0,1062.0,17.0,1056.0,FTP
1720727794.683589,ChaTvEju9p1Xqpop8,192.168.1.4,53775.0,192.168.1.1,53.0,udp,0.002289056777954,56.0,101.0,SF,1.0,1.0,0.0,Dd,1.0,84.0,1.0,129.0,DNS
1720731809.821651,Cm9dPe1XyGpXBPsBB7,192.168.1.6,34974.0,192.168.1.4,21.0,tcp,11.21041202545166,163.0,188.0,SF,1.0,1.0,0.0,ShAdDafrF,18.0,1107.0,17.0,1056.0,FTP
1720728245.093815,CVrbrYTKChgZ7DR3g,192.168.1.4,37743.0,192.168.1.1,53.0,udp,11.21041202545166,163.0,188.0,SF,1.0,1.0,0.0,ShAdDafrF,18.0,1107.0,17.0,1056.0,DNS
1720728219.963629,CtfrRs4D3mgYMfpYEk,192.168.1.4,57576.0,192.168.1.1,53.0,udp,0.001128911972045,48.0,108.0,SF,1.0,1.0,0.0,Dd,1.0,76.0,1.0,136.0,DNS
1720730759.799331,CO7Rc4l5kdIyedVD9,192.168.1.6,50946.0,192.168.1.4,21.0,tcp,9.47526216506958,119.0,188.0,SF,1.0,1.0,0.0,ShAdDafrF,18.0,1063.0,17.0,1056.0,FTP
1720728096.863071,CEUMyr2ObNDvnDymbb,192.168.1.4,38554.0,104.18.2.219,443.0,tcp,111.88693714141846,2825.0,7498.0,SF,1.0,0.0,0.0,ShADadFf,20.0,3873.0,23.0,8702.0,HTTPS
1720730603.480623,Cy9owU2Ds86ubSR0R3,192.168.1.6,41736.0,192.168.1.4,21.0,tcp,10.430340051651,124.0,188.0,SF,1.0,1.0,0.0,ShAdDafrF,18.0,1068.0,17.0,1056.0,FTP
1720727884.773802,Cs313G2vRJGXQxx5Ff,192.168.1.4,35706.0,192.168.1.1,53.0,udp,0.003054857254028,41.0,206.0,SF,1.0,1.0,0.0,Dd,1.0,69.0,1.0,234.0,DNS
1720730411.439943,CyIqaezezK1fQrdt6,192.168.1.6,55456.0,192.168.1.4,21.0,tcp,9.878386974334717,126.0,188.0,SF,1.0,1.0,0.0,ShAdDafrF,18.0,1070.0,17.0,1056.0,FTP
1720730457.225841,CVnfsCdBq5aS9EAh,192.168.1.6,42196.0,192.168.1.4,21.0,tcp,9.34272599220276,124.0,188.0,SF,1.0,1.0,0.0,ShAdDafrF,18.0,1068.0,17.0,1056.0,FTP
1720731134.786436,Cg6FMo3LyyawxGiEDa,192.168.1.6,35474.0,192.168.1.4,21.0,tcp,9.113547801971436,109.0,188.0,SF,1.0,1.0,0.0,ShAdDafFr,18.0,1053.0,17.0,1056.0,FTP
1720727794.662641,CLY9qO3FDt4G6kc6jh,192.168.1.4,37784.0,192.168.1.1,53.0,udp,9.113547801971436,109.0,188.0,SF,1.0,1.0,0.0,ShAdDafFr,18.0,1053.0,17.0,1056.0,DNS
1720728865.52949,C0fSSd1LqYHutLwk9d,192.168.1.6,52336.0,192.168.1.4,21.0,tcp,9.955858945846558,150.0,188.0,SF,1.0,1.0,0.0,ShAdDafrF,18.0,1094.0,17.0,1056.0,FTP
1720728154.238871,Chkps04uczIijr0Dt1,192.168.1.6,47680.0,192.168.1.4,21.0,tcp,10.335819005966188,118.0,188.0,SF,1.0,1.0,0.0,ShAdDafFr,18.0,1062.0,17.0,1056.0,FTP
1720729829.301241,CzRWRO2CVGuusD39Y8,192.168.1.6,34352.0,192.168.1.4,21.0,tcp,10.649965047836304,123.0,188.0,SF,1.0,1.0,0.0,ShAdDafrF,18.0,1067.0,17.0,1056.0,FTP
1720728186.758517,CwMN5b3KNZsAvmS7ec,192.168.1.4,57392.0,192.168.1.1,53.0,udp,0.003185987472534,56.0,156.0,SF,1.0,1.0,0.0,Dd,1.0,84.0,1.0,184.0,DNS
1720730333.714431,CE4zG3Fb6RX6QOB0f,192.168.1.6,35360.0,192.168.1.4,21.0,tcp,11.032559871673584,119.0,188.0,SF,1.0,1.0,0.0,ShAdDafFr,18.0,1063.0,17.0,1056.0,FTP
1720730729.865536,Cikbsxduw0qaQrMVl,192.168.1.6,50934.0,192.168.1.4,21.0,tcp,10.779217958450316,150.0,188.0,SF,1.0,1.0,0.0,ShAdDafrF,18.0,1094.0,17.0,1056.0,FTP
1720730013.006304,C28Swn2h3uEjgBIuQ,192.168.1.6,51480.0,192.168.1.4,21.0,tcp,8.837794065475464,134.0,188.0,SF,1.0,1.0,0.0,ShAdDafFr,18.0,1078.0,17.0,1056.0,FTP
1720729003.506893,CJmoRK3uV52mAYQk6j,192.168.1.6,33864.0,192.168.1.4,21.0,tcp,10.60171604156494,117.0,188.0,SF,1.0,1.0,0.0,ShAdDafrF,18.0,1061.0,17.0,1056.0,FTP
1720727763.153192,CYr2mJUOTU3kIwRSf,192.168.1.4,33070.0,104.96.221.59,443.0,tcp,122.63142085075378,6953.0,2431645.0,SF,1.0,0.0,422816.0,ShADadgttgfF,473.0,33561.0,685.0,2467273.0,HTTPS
1720728245.080217,CF99ZpGDpvg8ul997,192.168.1.4,55452.0,192.168.1.1,53.0,udp,0.001157045364379,51.0,112.0,SF,1.0,1.0,0.0,Dd,1.0,79.0,1.0,140.0,DNS
1720729327.553346,CZLSp14eIQcZPgQhva,192.168.1.6,54846.0,192.168.1.4,21.0,tcp,9.91732406616211,108.0,188.0,SF,1.0,1.0,0.0,ShAdDafrF,18.0,1052.0,17.0,1056.0,FTP
1720728035.335831,CsEXK2v4Ff22h37j6,192.168.1.4,34446.0,54.80.106.2,443.0,tcp,9.91732406616211,108.0,188.0,SF,1.0,1.0,0.0,ShAdDafrF,18.0,1052.0,17.0,1056.0,HTTPS
1720729501.451878,C8IsOW2XxVWOvIQZOc,192.168.1.6,43278.0,192.168.1.4,21.0,tcp,9.76288390159607,116.0,188.0,SF,1.0,1.0,0.0,ShAdDafrF,18.0,1060.0,17.0,1056.0,FTP
1720729412.811805,CxLgDe4SoQvchbh6V,192.168.1.6,36896.0,192.168.1.4,21.0,tcp,10.392791986465454,125.0,188.0,SF,1.0,1.0,0.0,ShAdDafrF,18.0,1069.0,17.0,1056.0,FTP
1720727973.859887,CAo8aL3o7w76iDuabi,192.168.1.4,57720.0,204.235.147.206,80.0,tcp,60.31842613220215,0.0,0.0,SF,1.0,0.0,0.0,ShAFf,5.0,220.0,2.0,92.0,HTTP
1720728353.489371,Cw1KoM3Bmb1vvhdN3,192.168.1.6,35948.0,192.168.1.4,21.0,tcp,9.965731859207152,118.0,188.0,SF,1.0,1.0,0.0,ShAdDafrF,18.0,1062.0,17.0,1056.0,FTP
1720728329.825764,CZF7Rp2hX1LhVzTTR5,192.168.1.6,52216.0,192.168.1.4,21.0,tcp,10.343366146087646,118.0,188.0,SF,1.0,1.0,0.0,ShAdDafrF,18.0,1062.0,17.0,1056.0,FTP
1720731423.414063,CwFcqL3f35vqR0eL6h,192.168.1.6,35416.0,192.168.1.4,21.0,tcp,9.671494007110596,139.0,188.0,SF,1.0,1.0,0.0,ShAdDafFr,18.0,1083.0,17.0,1056.0,FTP
1720731177.682631,CWExGj342ABcfPClU8,192.168.1.6,44610.0,192.168.1.4,21.0,tcp,9.9617440700531,113.0,188.0,SF,1.0,1.0,0.0,ShAdDafrF,18.0,1057.0,17.0,1056.0,FTP
1720731379.418684,CGQ5192ShpsG17YSEb,192.168.1.6,46264.0,192.168.1.4,21.0,tcp,10.826446056365969,161.0,188.0,SF,1.0,1.0,0.0,ShAdDafFr,18.0,1105.0,17.0,1056.0,FTP
1720731735.794911,CkH9wY1YgEvbjshqN8,192.168.1.6,52616.0,192.168.1.4,21.0,tcp,9.43604016304016,167.0,188.0,SF,1.0,1.0,0.0,ShAdDafrF,18.0,1111.0,17.0,1056.0,FTP
1720731881.257137,CFWBJxg1ZdiXlv1Pi,192.168.1.6,46440.0,192.168.1.4,21.0,tcp,9.774229049682615,152.0,188.0,SF,1.0,1.0,0.0,ShAdDafFr,18.0,1096.0,17.0,1056.0,FTP
1720730132.500689,CF9br81K5BLH9Cbj2b,192.168.1.6,52828.0,192.168.1.4,21.0,tcp,9.655529975891112,116.0,188.0,SF,1.0,1.0,0.0,ShAdDafrF,18.0,1060.0,17.0,1056.0,FTP
1720729391.282251,CQJIhs2UnaqSJdc8ch,192.168.1.6,36244.0,192.168.1.4,21.0,tcp,11.273070096969604,119.0,188.0,SF,1.0,1.0,0.0,ShAdDafrF,18.0,1063.0,17.0,1056.0,FTP
1720730971.458593,C3MyYE4BbJYVBatH96,192.168.1.6,49000.0,192.168.1.4,21.0,tcp,10.64611315727234,135.0,188.0,SF,1.0,1.0,0.0,ShAdDafrF,18.0,1079.0,17.0,1056.0,FTP
1720728856.279274,Cov1xk4YbC2lRTkwB5,192.168.1.6,50662.0,192.168.1.4,21.0,tcp,9.308937072753906,144.0,188.0,SF,1.0,1.0,0.0,ShAdDafrF,18.0,1088.0,17.0,1056.0,FTP
1720727825.407088,CpfpHE4rpL9gpIzQ74,192.168.1.6,52156.0,192.168.1.4,21.0,tcp,9.709707021713257,118.0,188.0,SF,1.0,1.0,0.0,ShAdDafrF,18.0,1062.0,17.0,1056.0,FTP
1720731608.74726,Cuh5EJ2gKvjLGN8I26,192.168.1.6,37958.0,192.168.1.4,21.0,tcp,9.94077491760254,153.0,188.0,SF,1.0,1.0,0.0,ShAdDafrF,18.0,1097.0,17.0,1056.0,FTP
1720731504.470174,CLHpUH1jhmDPnqdtej,192.168.1.6,39522.0,192.168.1.4,21.0,tcp,9.20241904258728,144.0,188.0,SF,1.0,1.0,0.0,ShAdDafrF,18.0,1088.0,17.0,1056.0,FTP
1720729740.504147,CWlUsK1iX2fgvgPR27,192.168.1.6,42560.0,192.168.1.4,21.0,tcp,9.351639986038208,115.0,188.0,SF,1.0,1.0,0.0,ShAdDafrF,18.0,1059.0,17.0,1056.0,FTP
1720727794.707584,CcpxBo4fbrhTPpJ8Vh,192.168.1.4,35117.0,142.250.80.34,443.0,tcp,9.351639986038208,115.0,188.0,SF,1.0,1.0,0.0,ShAdDafrF,18.0,1059.0,17.0,1056.0,HTTPS
1720728869.075911,CIn2PC3f0iVYpWhp5a,192.168.1.6,52396.0,192.168.1.4,21.0,tcp,9.646775007247925,142.0,188.0,SF,1.0,1.0,0.0,ShAdDafrF,18.0,1086.0,17.0,1056.0,FTP
1720731850.59523,Cf2Gkv6n3ZAri3RAb,192.168.1.6,35468.0,192.168.1.4,21.0,tcp,9.008814811706545,134.0,188.0,SF,1.0,1.0,0.0,ShAdDafrF,18.0,1078.0,17.0,1056.0,FTP
1720728305.209532,Cl2PPb2kKJOY1ZGBMh,192.168.1.4,43241.0,192.168.1.1,53.0,udp,9.008814811706545,134.0,188.0,SF,1.0,1.0,0.0,ShAdDafrF,18.0,1078.0,17.0,1056.0,DNS
1720728335.526852,CGmuD84mQ8v3uYlsh4,192.168.1.4,43533.0,104.18.12.201,443.0,udp,15.903066158294678,4217.0,9145.0,SF,1.0,0.0,0.0,Dd,11.0,4525.0,14.0,9537.0,HTTPS
1720729024.440626,C4gr1FUSBfm50aaJ5,192.168.1.6,47634.0,192.168.1.4,21.0,tcp,9.982197999954224,125.0,188.0,SF,1.0,1.0,0.0,ShAdDafrF,18.0,1069.0,17.0,1056.0,FTP
1720727854.235996,CzFJM54YnsxM9hZbzb,192.168.1.4,32841.0,192.168.1.1,53.0,udp,0.028345108032226,54.0,179.0,SF,1.0,1.0,0.0,Dd,1.0,82.0,1.0,207.0,DNS
1720730329.680367,CbJ7Hq4kXvpLpIh955,192.168.1.6,57490.0,192.168.1.4,21.0,tcp,9.77973198890686,125.0,188.0,SF,1.0,1.0,0.0,ShAdDafrF,18.0,1069.0,17.0,1056.0,FTP
1720729192.765786,CkTEpL3AMmQp3UC7C3,192.168.1.6,50236.0,192.168.1.4,21.0,tcp,10.57519817352295,123.0,188.0,SF,1.0,1.0,0.0,ShAdDafFr,18.0,1067.0,17.0,1056.0,FTP
1720731646.90959,CPPskg2dPFJ8HbBKpi,192.168.1.6,40706.0,192.168.1.4,21.0,tcp,9.45320200920105,148.0,188.0,SF,1.0,1.0,0.0,ShAdDafrF,18.0,1092.0,17.0,1056.0,FTP
1720728096.902994,CJLdpF1MUucP9Ld0Z6,192.168.1.4,40265.0,192.168.1.1,53.0,udp,0.00119400024414,65.0,126.0,SF,1.0,1.0,0.0,Dd,1.0,93.0,1.0,154.0,DNS
1720727734.216522,CUCPu98edixhZ0X,192.168.1.4,41786.0,142.250.80.34,443.0,udp,0.083009004592895,4026.0,8744.0,SF,1.0,0.0,0.0,Dd,7.0,4222.0,10.0,9024.0,HTTPS
1720728095.33439,C39ycW2cS20OpYMmjg,192.168.1.4,45142.0,192.168.1.1,53.0,udp,0.002207040786743,51.0,115.0,SF,1.0,1.0,0.0,Dd,1.0,79.0,1.0,143.0,DNS
1720727915.709547,CQy2EzrU6Jw9oSO1b,192.168.1.4,40706.0,18.238.4.5,443.0,udp,0.002207040786743,51.0,115.0,SF,1.0,1.0,0.0,Dd,1.0,79.0,1.0,143.0,HTTPS
1720731493.800001,CruFkN3V0MbyYaF5if,192.168.1.6,37906.0,192.168.1.4,21.0,tcp,10.37417697906494,151.0,188.0,SF,1.0,1.0,0.0,ShAdDafFr,18.0,1095.0,17.0,1056.0,FTP
1720728211.819622,CP4W8T3UYzvER3cMqb,192.168.1.4,42136.0,192.168.1.1,53.0,udp,10.37417697906494,151.0,188.0,SF,1.0,1.0,0.0,ShAdDafFr,18.0,1095.0,17.0,1056.0,DNS
1720728034.951298,Ch2Fzx1VZppRXsrvui,192.168.1.4,55051.0,192.168.1.1,53.0,udp,0.05578589439392,68.0,251.0,SF,1.0,1.0,0.0,Dd,1.0,96.0,1.0,279.0,DNS
1720730476.738427,CqwTfn2jP2Av7r0Kk,192.168.1.6,50516.0,192.168.1.4,21.0,tcp,9.573925018310549,126.0,188.0,SF,1.0,1.0,0.0,ShAdDafrF,18.0,1070.0,17.0,1056.0,FTP
1720730417.226162,Ca6E4z3Pde9mSk4kvk,192.168.1.6,49620.0,192.168.1.4,21.0,tcp,9.695110082626345,136.0,188.0,SF,1.0,1.0,0.0,ShAdDafFr,18.0,1080.0,17.0,1056.0,FTP
1720728094.449591,CzZFFA4OLYZMbLxHUk,192.168.1.4,45700.0,204.141.89.122,443.0,tcp,9.695110082626345,136.0,188.0,SF,1.0,1.0,0.0,ShAdDafFr,18.0,1080.0,17.0,1056.0,HTTPS
1720730495.000077,CYie2A2gmFtNgtY2a,192.168.1.6,58682.0,192.168.1.4,21.0,tcp,10.47854709625244,124.0,188.0,SF,1.0,1.0,0.0,ShAdDafrF,18.0,1068.0,17.0,1056.0,FTP
1720727752.646901,CFlblv19wLo40Pemc8,192.168.1.6,34076.0,192.168.1.4,21.0,tcp,9.256564140319824,118.0,188.0,SF,1.0,1.0,0.0,ShAdDafFr,18.0,1062.0,17.0,1056.0,FTP
1720728034.878537,Chiaxt48KAncOfyrVb,192.168.1.4,35957.0,192.168.1.1,53.0,udp,0.003426074981689,43.0,274.0,SF,1.0,1.0,0.0,Dd,1.0,71.0,1.0,302.0,DNS
1720728761.149546,CNQH1shZ0TrdYGRDh,192.168.1.6,43674.0,192.168.1.4,21.0,tcp,10.3087739944458,127.0,188.0,SF,1.0,1.0,0.0,ShAdDafFr,18.0,1071.0,17.0,1056.0,FTP
1720729366.247695,CQ8w8g1DwFQAQmwJhk,192.168.1.6,44442.0,192.168.1.4,21.0,tcp,10.040826082229614,133.0,188.0,SF,1.0,1.0,0.0,ShAdDafrF,18.0,1077.0,17.0,1056.0,FTP
1720728474.162644,Ci87Dx3HSZMDeO11je,192.168.1.6,53118.0,192.168.1.4,21.0,tcp,10.103913068771362,118.0,188.0,SF,1.0,1.0,0.0,ShAdDafrF,18.0,1062.0,17.0,1056.0,FTP
1720727864.965868,CRx2we1iQZZLp15NL9,192.168.1.6,47764.0,192.168.1.4,21.0,tcp,9.837943077087402,118.0,188.0,SF,1.0,1.0,0.0,ShAdDafrF,18.0,1062.0,17.0,1056.0,FTP
1720731225.919857,CEWiru1eEsPV9r83Q4,192.168.1.6,48662.0,192.168.1.4,21.0,tcp,10.20000696182251,121.0,188.0,SF,1.0,1.0,0.0,ShAdDafrF,18.0,1065.0,17.0,1056.0,FTP
1720731194.323396,Cfw8tL1hM55dCp46Qd,192.168.1.6,35138.0,192.168.1.4,21.0,tcp,9.549392938613892,111.0,188.0,SF,1.0,1.0,0.0,ShAdDafrF,18.0,1055.0,17.0,1056.0,FTP
1720729841.578146,C8KExO1aof99ex4mQh,192.168.1.6,43486.0,192.168.1.4,21.0,tcp,10.205698013305664,127.0,188.0,SF,1.0,1.0,0.0,ShAdDafrF,18.0,1071.0,17.0,1056.0,FTP
1720728094.487451,CkWPxf3LhwN56Od5zi,192.168.1.4,37194.0,103.28.251.204,443.0,tcp,10.205698013305664,127.0,188.0,SF,1.0,1.0,0.0,ShAdDafrF,18.0,1071.0,17.0,1056.0,HTTPS
1720729299.083858,C9an7A30dL7dv8cCA6,192.168.1.6,45724.0,192.168.1.4,21.0,tcp,9.749341011047363,138.0,188.0,SF,1.0,1.0,0.0,ShAdDafrF,18.0,1082.0,17.0,1056.0,FTP
1720730110.841446,CujXZU2IZZ9pk4Uou7,192.168.1.6,50380.0,192.168.1.4,21.0,tcp,9.829708099365234,138.0,188.0,SF,1.0,1.0,0.0,ShAdDafFr,18.0,1082.0,17.0,1056.0,FTP
1720728505.376894,C0JKcg1htKpcjFng8k,192.168.1.6,41936.0,192.168.1.4,21.0,tcp,9.571213960647585,118.0,188.0,SF,1.0,1.0,0.0,ShAdDafrF,18.0,1062.0,17.0,1056.0,FTP
1720728125.174439,Cez025zqAGHGjlJD3,192.168.1.6,46864.0,192.168.1.4,21.0,tcp,9.609643936157228,118.0,188.0,SF,1.0,1.0,0.0,ShAdDafrF,18.0,1062.0,17.0,1056.0,FTP
1720727916.499894,C8xdaXYMMbg8Nklc5,192.168.1.4,54560.0,192.168.1.1,53.0,udp,0.004168033599853,54.0,111.0,SF,1.0,1.0,0.0,Dd,1.0,82.0,1.0,139.0,DNS
1720727786.538925,CoZfRc4cSVEpsSCx7i,192.168.1.4,47742.0,192.168.1.1,53.0,udp,0.004168033599853,54.0,111.0,SF,1.0,1.0,0.0,Dd,1.0,82.0,1.0,139.0,DNS
1720731390.326119,CzsFVdyN0S6z7A6N6,192.168.1.6,40432.0,192.168.1.4,21.0,tcp,10.2154381275177,164.0,188.0,SF,1.0,1.0,0.0,ShAdDafFr,18.0,1108.0,17.0,1056.0,FTP
1720728271.919821,Ck0puf48qbxQuGvTM8,192.168.1.4,52501.0,192.168.1.1,53.0,udp,10.2154381275177,164.0,188.0,SF,1.0,1.0,0.0,ShAdDafFr,18.0,1108.0,17.0,1056.0,DNS
1720729850.287549,CBWcUBfhd9RWAGiV6,192.168.1.6,41848.0,192.168.1.4,21.0,tcp,10.810805082321169,124.0,188.0,SF,1.0,1.0,0.0,ShAdDafrF,18.0,1068.0,17.0,1056.0,FTP
1720728034.951231,CCuoOB1hUvtCjvnk1,192.168.1.4,39586.0,192.168.1.1,53.0,udp,10.810805082321169,124.0,188.0,SF,1.0,1.0,0.0,ShAdDafrF,18.0,1068.0,17.0,1056.0,DNS
1720727915.063175,CrkuS94yuD4Mse7K4,192.168.1.4,33528.0,192.168.1.1,53.0,udp,10.810805082321169,124.0,188.0,SF,1.0,1.0,0.0,ShAdDafrF,18.0,1068.0,17.0,1056.0,DNS
1720727884.863053,Co6saO1PiEaTiv3iRc,192.168.1.4,38470.0,192.168.1.1,53.0,udp,0.008481979370117,47.0,321.0,SF,1.0,1.0,0.0,Dd,1.0,75.0,1.0,349.0,DNS
1720728244.908235,CfVAjq3AQEDsEM0uEk,192.168.1.4,44830.0,192.168.1.1,53.0,udp,0.001166820526123,38.0,122.0,SF,1.0,1.0,0.0,Dd,1.0,66.0,1.0,150.0,DNS
1720729677.650166,CeEi874YICQpJaOx7h,192.168.1.6,54670.0,192.168.1.4,21.0,tcp,9.849593877792358,145.0,188.0,SF,1.0,1.0,0.0,ShAdDafrF,18.0,1089.0,17.0,1056.0,FTP
1720730940.72568,CWriSc1OdgUTbtSGlk,192.168.1.6,40770.0,192.168.1.4,21.0,tcp,10.354512929916382,131.0,188.0,SF,1.0,1.0,0.0,ShAdDafrF,18.0,1075.0,17.0,1056.0,FTP
1720729366.258207,Ckrtgs3HGTIv6VvKH1,192.168.1.6,44450.0,192.168.1.4,21.0,tcp,10.040413856506348,118.0,188.0,SF,1.0,1.0,0.0,ShAdDafrF,18.0,1062.0,17.0,1056.0,FTP
1720728246.220564,Cgzwx72S2aCkVivIXl,192.168.1.4,57274.0,204.79.197.237,443.0,tcp,105.22362112998962,20246.0,12789.0,SF,1.0,0.0,0.0,ShADadFf,33.0,21586.0,46.0,14641.0,HTTPS
1720727917.323602,CwY3wT3xaRmYX7nuYi,192.168.1.4,39958.0,142.251.32.98,443.0,tcp,105.22362112998962,20246.0,12789.0,SF,1.0,0.0,0.0,ShADadFf,33.0,21586.0,46.0,14641.0,HTTPS
1720728085.307428,CtqTAs4xAiKMmrWnyb,192.168.1.4,56279.0,192.168.1.1,53.0,udp,0.058954000473022,76.0,155.0,SF,1.0,1.0,0.0,Dd,1.0,104.0,1.0,183.0,DNS
1720731128.552291,CW1MM33OxuaagvgTc,192.168.1.6,38950.0,192.168.1.4,21.0,tcp,9.315392971038818,109.0,188.0,SF,1.0,1.0,0.0,ShAdDafrF,18.0,1053.0,17.0,1056.0,FTP
1720728043.234353,Ci1Wlh2rsCXzgzrPzc,192.168.1.4,33051.0,192.168.1.1,53.0,udp,9.315392971038818,109.0,188.0,SF,1.0,1.0,0.0,ShAdDafrF,18.0,1053.0,17.0,1056.0,DNS
1720728688.002309,CQ3wTp1AjRHqAPT7G8,192.168.1.6,55126.0,192.168.1.4,21.0,tcp,9.786513805389404,137.0,188.0,SF,1.0,1.0,0.0,ShAdDafFr,18.0,1081.0,17.0,1056.0,FTP
1720731349.827934,CybxQp3xxJ5urvmOXb,192.168.1.6,55304.0,192.168.1.4,21.0,tcp,10.25422501564026,154.0,188.0,SF,1.0,1.0,0.0,ShAdDafrF,18.0,1098.0,17.0,1056.0,FTP
1720729096.233058,C9HAj11JGiuVu2btok,192.168.1.6,41600.0,192.168.1.4,21.0,tcp,10.772552967071531,133.0,188.0,SF,1.0,1.0,0.0,ShAdDafrF,18.0,1077.0,17.0,1056.0,FTP
1720731653.112528,CyQ4Do4MWp7vGtmIHd,192.168.1.6,44032.0,192.168.1.4,21.0,tcp,10.397410869598389,148.0,188.0,SF,1.0,1.0,0.0,ShAdDafFr,18.0,1092.0,17.0,1056.0,FTP
1720729236.832899,C6XWwH3VZXcP4f7Ek6,192.168.1.6,38316.0,192.168.1.4,21.0,tcp,9.5706889629364,129.0,188.0,SF,1.0,1.0,0.0,ShAdDafFr,18.0,1073.0,17.0,1056.0,FTP
1720727958.161664,Cr3Nck4egSq5DTKIh,192.168.1.6,56560.0,192.168.1.4,21.0,tcp,11.099342107772827,116.0,188.0,SF,1.0,1.0,0.0,ShAdDafrF,18.0,1060.0,17.0,1056.0,FTP
1720729775.550209,CzndrFkW2jIMVzeH3,192.168.1.6,46724.0,192.168.1.4,21.0,tcp,9.881165981292725,114.0,188.0,SF,1.0,1.0,0.0,ShAdDafrF,18.0,1058.0,17.0,1056.0,FTP
1720728983.147432,CWbpSo3glhbFarM2X4,192.168.1.6,33998.0,192.168.1.4,21.0,tcp,10.0916588306427,127.0,188.0,SF,1.0,1.0,0.0,ShAdDafrF,18.0,1071.0,17.0,1056.0,FTP
1720728331.925275,Cp1Lg13QZ95pelyhjc,192.168.1.4,50634.0,23.205.106.179,443.0,tcp,19.51780390739441,3071.0,5072.0,SF,1.0,0.0,0.0,ShADadFRf,20.0,4095.0,22.0,6224.0,HTTPS
1720729922.267163,CF6LNa4ErmUN7x28nl,192.168.1.6,45602.0,192.168.1.4,21.0,tcp,9.018743991851808,137.0,188.0,SF,1.0,1.0,0.0,ShAdDafrF,18.0,1081.0,17.0,1056.0,FTP
1720728096.527216,Ckcnsp22MBHshugrt4,192.168.1.4,40827.0,64.233.180.156,443.0,tcp,9.018743991851808,137.0,188.0,SF,1.0,1.0,0.0,IIiiiIhhhHHhH,18.0,1081.0,17.0,1056.0,HTTPS
1720729630.300284,CFE35M3vfuMUKwDfra,192.168.1.6,32944.0,192.168.1.4,21.0,tcp,9.10181713104248,123.0,188.0,SF,1.0,1.0,0.0,ShAdDafrF,18.0,1067.0,17.0,1056.0,FTP
1720731025.023638,Cir79B4wvdMW95lgrh,192.168.1.6,43486.0,192.168.1.4,21.0,tcp,10.766292095184326,126.0,188.0,SF,1.0,1.0,0.0,ShAdDafrF,18.0,1070.0,17.0,1056.0,FTP
1720728841.84312,C0Qjkm4UfBTXG5EEIb,192.168.1.6,51822.0,192.168.1.4,21.0,tcp,10.689289808273315,121.0,188.0,SF,1.0,1.0,0.0,ShAdDafrF,18.0,1065.0,17.0,1056.0,FTP
1720729166.642334,CbA14bTX9lhNgnetc,192.168.1.6,38288.0,192.168.1.4,21.0,tcp,10.087103128433228,113.0,188.0,SF,1.0,1.0,0.0,ShAdDafrF,18.0,1057.0,17.0,1056.0,FTP
1720729441.865585,CGC0kOGHhYL77g9Ka,192.168.1.6,51910.0,192.168.1.4,21.0,tcp,10.81341290473938,124.0,188.0,SF,1.0,1.0,0.0,ShAdDafrF,18.0,1068.0,17.0,1056.0,FTP
1720729633.355852,CAZlQ92Hk1tyGwFFXf,192.168.1.6,47452.0,192.168.1.4,21.0,tcp,8.996251106262207,123.0,188.0,SF,1.0,1.0,0.0,ShAdDafFr,18.0,1067.0,17.0,1056.0,FTP
1720727853.950164,C4S8kz2hUYIzMDGuCa,192.168.1.4,42286.0,192.168.1.1,53.0,udp,0.016548871994018,46.0,170.0,SF,1.0,1.0,0.0,Dd,1.0,74.0,1.0,198.0,DNS
1720727915.063908,CkAFtl3zbQsdYjbNb,192.168.1.4,32904.0,192.168.1.1,53.0,udp,0.033975839614868,51.0,348.0,SF,1.0,1.0,0.0,Dd,1.0,79.0,1.0,376.0,DNS
1720729492.374806,CJcbKt1w6UCewi132i,192.168.1.6,55954.0,192.168.1.4,21.0,tcp,10.706156969070436,131.0,188.0,SF,1.0,1.0,0.0,ShAdDafrF,18.0,1075.0,17.0,1056.0,FTP
1720731072.294043,CkG3fN1gIVCbvpEexe,192.168.1.6,38694.0,192.168.1.4,21.0,tcp,10.448176860809326,133.0,188.0,SF,1.0,1.0,0.0,ShAdDafFr,18.0,1077.0,17.0,1056.0,FTP
1720729021.169507,CraXyjYgSg7q7l8n3,192.168.1.6,55776.0,192.168.1.4,21.0,tcp,10.20231008529663,115.0,188.0,SF,1.0,1.0,0.0,ShAdDafrF,18.0,1059.0,17.0,1056.0,FTP
1720728035.167197,CQXoAy3OFV77yWtl6l,192.168.1.4,56516.0,192.168.1.1,53.0,udp,0.138633012771606,53.0,196.0,SF,1.0,1.0,0.0,Dd,1.0,81.0,1.0,224.0,DNS
1720729925.245751,Cls52al5ODftC9gve,192.168.1.6,52098.0,192.168.1.4,21.0,tcp,9.91637921333313,122.0,188.0,SF,1.0,1.0,0.0,ShAdDafrF,18.0,1066.0,17.0,1056.0,FTP
1720730465.569788,CPN5c840FeQyR4Z9wd,192.168.1.6,36278.0,192.168.1.4,21.0,tcp,9.731502056121826,120.0,188.0,SF,1.0,1.0,0.0,ShAdDafrF,18.0,1064.0,17.0,1056.0,FTP
1720731621.760255,CskfC2BAUBtxkIu26,192.168.1.6,45168.0,192.168.1.4,21.0,tcp,9.151979923248293,169.0,188.0,SF,1.0,1.0,0.0,ShAdDafrF,18.0,1113.0,17.0,1056.0,FTP
1720730387.749623,C9uWUO2wN0kk5GP3Db,192.168.1.6,35150.0,192.168.1.4,21.0,tcp,10.597662925720217,134.0,188.0,SF,1.0,1.0,0.0,ShAdDafrF,18.0,1078.0,17.0,1056.0,FTP
1720728154.573147,CiRH7g2G2JVszSGgF4,192.168.1.4,33706.0,152.199.0.214,443.0,tcp,54.1723370552063,5857.0,1036990.0,SF,1.0,0.0,0.0,ShADadtFf,285.0,20721.0,376.0,1059446.0,HTTPS
1720731166.257514,Cxwggzwo3JvCys45h,192.168.1.6,41748.0,192.168.1.4,21.0,tcp,9.796292066574097,108.0,188.0,SF,1.0,1.0,0.0,ShAdDafFr,18.0,1052.0,17.0,1056.0,FTP
1720727915.073258,CT0b031KquMp9dU7zk,192.168.1.4,36067.0,192.168.1.1,53.0,udp,0.004354000091552,52.0,114.0,SF,1.0,1.0,0.0,Dd,1.0,80.0,1.0,142.0,DNS
1720731896.486854,CFgQlaAtFsAFKWyg5,192.168.1.6,37010.0,192.168.1.4,21.0,tcp,9.33610486984253,137.0,188.0,SF,1.0,1.0,0.0,ShAdDafrF,18.0,1081.0,17.0,1056.0,FTP
1720731312.019669,Cx0MsmCKwMPEyqFG,192.168.1.6,55948.0,192.168.1.4,21.0,tcp,10.148412942886353,173.0,188.0,SF,1.0,1.0,0.0,ShAdDafrF,18.0,1117.0,17.0,1056.0,FTP
1720728034.687444,Csk1Xj3zxgrvZH7w14,192.168.1.4,43020.0,104.96.220.114,443.0,tcp,0.04275107383728,1821.0,5012.0,SF,1.0,0.0,0.0,ShADFadRfR,8.0,2197.0,7.0,5384.0,HTTPS
1720728582.918673,CWokn7vAL71EtdrVa,192.168.1.6,47672.0,192.168.1.4,21.0,tcp,10.357001066207886,117.0,188.0,SF,1.0,1.0,0.0,ShAdDafrF,18.0,1061.0,17.0,1056.0,FTP
1720727854.021627,CC4xqVvVvUg0GHYlk,192.168.1.4,34388.0,192.96.159.127,443.0,tcp,10.357001066207886,117.0,188.0,SF,1.0,1.0,0.0,ShAdDafrF,18.0,1061.0,17.0,1056.0,HTTPS
1720729623.703686,ClcS2d2GmNGUzec2Vd,192.168.1.6,32818.0,192.168.1.4,21.0,tcp,9.287791967391968,109.0,188.0,SF,1.0,1.0,0.0,ShAdDafrF,18.0,1053.0,17.0,1056.0,FTP
1720731771.439667,CpCyzE4eodVQjdkmn4,192.168.1.6,48052.0,192.168.1.4,21.0,tcp,9.528724908828735,167.0,188.0,SF,1.0,1.0,0.0,ShAdDafrF,18.0,1111.0,17.0,1056.0,FTP
1720731197.858988,C0U0WJ2u0cnBqLeE5e,192.168.1.6,35230.0,192.168.1.4,21.0,tcp,9.533495903015137,121.0,188.0,SF,1.0,1.0,0.0,ShAdDafrF,18.0,1065.0,17.0,1056.0,FTP
1720727676.122812,CNsu4y4CakGh0GDAN1,192.168.1.4,40784.0,13.224.214.100,443.0,tcp,240.5599100589752,3896.0,9492.0,SF,1.0,0.0,0.0,ShADadfF,32.0,5568.0,38.0,11476.0,HTTPS
1720727915.695297,CXPF7m42h29bGSAU07,192.168.1.4,40692.0,18.238.4.5,443.0,tcp,0.051388025283813,1787.0,4944.0,SF,1.0,0.0,0.0,ShADadFRf,10.0,2291.0,9.0,5420.0,HTTPS
1720730189.269394,CpSimm2q1DZSCVeCnj,192.168.1.6,53606.0,192.168.1.4,21.0,tcp,10.257834196090698,136.0,188.0,SF,1.0,1.0,0.0,ShAdDafrF,18.0,1080.0,17.0,1056.0,FTP
1720727914.28333,CNXwBv2XjN3tGKAZBa,192.168.1.4,35836.0,192.168.1.1,53.0,udp,0.01485800743103,50.0,178.0,SF,1.0,1.0,0.0,Dd,1.0,78.0,1.0,206.0,DNS
1720729389.916155,CbUv0BAy8awUpGpG2,192.168.1.6,36206.0,192.168.1.4,21.0,tcp,10.242146968841553,118.0,188.0,SF,1.0,1.0,0.0,ShAdDafrF,18.0,1062.0,17.0,1056.0,FTP
1720728215.502133,CDC5iC2OYWoEvC9quf,192.168.1.6,42394.0,192.168.1.4,21.0,tcp,9.61220121383667,118.0,188.0,SF,1.0,1.0,0.0,ShAdDafrF,18.0,1062.0,17.0,1056.0,FTP
1720729687.499949,CZq3gX3t7AyoKZ4aDi,192.168.1.6,56002.0,192.168.1.4,21.0,tcp,8.891730070114136,112.0,188.0,SF,1.0,1.0,0.0,ShAdDafFr,18.0,1056.0,17.0,1056.0,FTP
1720728747.564754,Cae5yS1hVo0Ukgmdff,192.168.1.6,54166.0,192.168.1.4,21.0,tcp,9.724844932556152,116.0,188.0,SF,1.0,1.0,0.0,ShAdDafFr,18.0,1060.0,17.0,1056.0,FTP
1720730048.592648,CjzMfZ3ssWrcjIjnVh,192.168.1.6,42366.0,192.168.1.4,21.0,tcp,9.65659785270691,126.0,188.0,SF,1.0,1.0,0.0,ShAdDafrF,18.0,1070.0,17.0,1056.0,FTP
1720729483.836388,CVQ17D4E13LigN3ix,192.168.1.6,55860.0,192.168.1.4,21.0,tcp,10.112668991088867,129.0,188.0,SF,1.0,1.0,0.0,ShAdDafrF,18.0,1073.0,17.0,1056.0,FTP
1720728155.275589,CjGqXKyxA1PLYXIg2,192.168.1.4,46817.0,192.168.1.1,53.0,udp,10.112668991088867,129.0,188.0,SF,1.0,1.0,0.0,ShAdDafrF,18.0,1073.0,17.0,1056.0,DNS
1720730407.667167,CBHdL34t7DytWvpm0f,192.168.1.6,55372.0,192.168.1.4,21.0,tcp,9.37192416191101,121.0,188.0,SF,1.0,1.0,0.0,ShAdDafFr,18.0,1065.0,17.0,1056.0,FTP
1720729716.648894,CzXPI94SO7feCehhT6,192.168.1.6,56544.0,192.168.1.4,21.0,tcp,9.109555006027222,117.0,188.0,SF,1.0,1.0,0.0,ShAdDafrF,18.0,1061.0,17.0,1056.0,FTP
1720728887.986815,CWvrLfmZe2CydZ3a1,192.168.1.6,55508.0,192.168.1.4,21.0,tcp,8.69196105003357,146.0,188.0,SF,1.0,1.0,0.0,ShAdDafrF,18.0,1090.0,17.0,1056.0,FTP
1720728275.841562,CZsffU12hqaHBePdg3,192.168.1.4,58602.0,152.195.19.97,443.0,tcp,8.69196105003357,146.0,188.0,SF,1.0,1.0,0.0,ShAdDafrF,18.0,1090.0,17.0,1056.0,HTTPS
1720728474.152493,CEEStN1P59KD1YQyEf,192.168.1.6,53102.0,192.168.1.4,21.0,tcp,10.114078998565674,118.0,188.0,SF,1.0,1.0,0.0,ShAdDafrF,18.0,1062.0,17.0,1056.0,FTP
1720727884.498247,CI4RgKxQ6Yq4BC2S1,192.168.1.4,41188.0,192.168.1.1,53.0,udp,10.114078998565674,118.0,188.0,SF,1.0,1.0,0.0,ShAdDafrF,18.0,1062.0,17.0,1056.0,DNS
1720731779.063352,C6Rtsv2ZX4ThfsALM6,192.168.1.6,50244.0,192.168.1.4,21.0,tcp,11.434276819229126,170.0,188.0,SF,1.0,1.0,0.0,ShAdDafrF,18.0,1114.0,17.0,1056.0,FTP
1720728244.970498,CC2xPk11YBpKpUwdC7,192.168.1.4,33056.0,52.113.194.133,443.0,tcp,11.434276819229126,170.0,188.0,SF,1.0,1.0,0.0,ShAdDafrF,18.0,1114.0,17.0,1056.0,HTTPS
1720728818.48352,CARebf2azOw9qpujI3,192.168.1.6,57304.0,192.168.1.4,21.0,tcp,9.278869867324827,124.0,188.0,SF,1.0,1.0,0.0,ShAdDafrF,18.0,1068.0,17.0,1056.0,FTP
1720727854.033554,CVJX2EMb2sHGkAXZg,192.168.1.4,46818.0,192.168.1.1,53.0,udp,9.278869867324827,124.0,188.0,SF,1.0,1.0,0.0,ShAdDafrF,18.0,1068.0,17.0,1056.0,DNS
1720729240.473105,CAgTLu2rKAUXMBIAj7,192.168.1.6,38374.0,192.168.1.4,21.0,tcp,9.283535957336426,121.0,188.0,SF,1.0,1.0,0.0,ShAdDafrF,18.0,1065.0,17.0,1056.0,FTP
1720729470.099244,CrQcYW3oD6GrYRk9ql,192.168.1.6,35350.0,192.168.1.4,21.0,tcp,10.467485904693604,113.0,188.0,SF,1.0,1.0,0.0,ShAdDafFr,18.0,1057.0,17.0,1056.0,FTP
1720728125.120531,CSEgv82qiO4Jy8j2Zf,192.168.1.4,60419.0,192.168.1.1,53.0,udp,10.467485904693604,113.0,188.0,SF,1.0,1.0,0.0,ShAdDafFr,18.0,1057.0,17.0,1056.0,DNS
1720727829.312093,CSAhMo2KijFYwM4KRl,192.168.1.4,57041.0,192.168.1.1,53.0,udp,10.467485904693604,113.0,188.0,SF,1.0,1.0,0.0,ShAdDafFr,18.0,1057.0,17.0,1056.0,DNS
1720729923.198117,CW4Ust1kcOg45rzi72,192.168.1.6,52070.0,192.168.1.4,21.0,tcp,10.896918058395386,130.0,188.0,SF,1.0,1.0,0.0,ShAdDafrF,18.0,1074.0,17.0,1056.0,FTP
1720728306.368201,CD0v7e4IoFR9lrd5ck,192.168.1.4,35738.0,52.223.40.198,443.0,tcp,10.896918058395386,130.0,188.0,SF,1.0,1.0,0.0,ShAdDafrF,18.0,1074.0,17.0,1056.0,HTTPS
1720728624.406403,CNV3VC122TKAKbwwW1,192.168.1.6,36698.0,192.168.1.4,21.0,tcp,10.379786014556885,130.0,188.0,SF,1.0,1.0,0.0,ShAdDafrF,18.0,1074.0,17.0,1056.0,FTP
1720728275.038579,CEXupg4mf4ygF2szE5,192.168.1.4,32967.0,192.168.1.1,53.0,udp,0.003217935562133,46.0,411.0,SF,1.0,1.0,0.0,Dd,1.0,74.0,1.0,439.0,DNS
1720730828.084656,C6Nkgk3Mlt3TEjAiu6,192.168.1.6,34310.0,192.168.1.4,21.0,tcp,9.82190203666687,121.0,188.0,SF,1.0,1.0,0.0,ShAdDafrF,18.0,1065.0,17.0,1056.0,FTP
1720728035.16744,C8W4df2EcVfNCpdPP2,192.168.1.4,51365.0,192.168.1.1,53.0,udp,9.82190203666687,121.0,188.0,SF,1.0,1.0,0.0,ShAdDafrF,18.0,1065.0,17.0,1056.0,DNS
1720727765.869331,CMWWIu3buuHCUmxFnd,192.168.1.4,56585.0,172.64.151.101,443.0,udp,0.060403108596801,4158.0,7556.0,SF,1.0,0.0,0.0,Dd,10.0,4438.0,11.0,7864.0,HTTPS
1720727884.865836,CiH76P1RFoA2uz6lU3,192.168.1.4,53355.0,192.168.1.1,53.0,udp,0.005943059921264,37.0,273.0,SF,1.0,1.0,0.0,Dd,1.0,65.0,1.0,301.0,DNS
1720728888.808153,CPvUzc2RjtXUaYqZUe,192.168.1.6,55538.0,192.168.1.4,21.0,tcp,9.57608199119568,140.0,188.0,SF,1.0,1.0,0.0,ShAdDafrF,18.0,1084.0,17.0,1056.0,FTP
1720728186.401641,CJtni7tmJWJ5bEK6a,192.168.1.4,60330.0,18.238.4.29,443.0,tcp,22.34882402420044,2460.0,8819.0,SF,1.0,0.0,0.0,ShADadFf,16.0,3300.0,15.0,9607.0,HTTPS
1720729679.760287,CoPPFl4BtsohOwGF45,192.168.1.6,54708.0,192.168.1.4,21.0,tcp,9.827085971832275,151.0,188.0,SF,1.0,1.0,0.0,ShAdDafrF,18.0,1095.0,17.0,1056.0,FTP
1720727885.363689,CAqTyn1J8AUZrxm6jg,192.168.1.4,54125.0,192.168.1.1,53.0,udp,9.827085971832275,151.0,188.0,SF,1.0,1.0,0.0,ShAdDafrF,18.0,1095.0,17.0,1056.0,DNS
1720727854.232686,ChJQTy2JYyYlf42Sp9,192.168.1.4,55996.0,192.168.1.1,53.0,udp,0.002348899841308,46.0,136.0,SF,1.0,1.0,0.0,Dd,1.0,74.0,1.0,164.0,DNS
1720730743.124314,C7I1RL2yIJ92BayvQa,192.168.1.6,60438.0,192.168.1.4,21.0,tcp,9.816027879714966,131.0,188.0,SF,1.0,1.0,0.0,ShAdDafrF,18.0,1075.0,17.0,1056.0,FTP
1720728190.308693,CFWGDh2jqGU8MGC116,192.168.1.4,60963.0,192.168.1.1,53.0,udp,9.816027879714966,131.0,188.0,SF,1.0,1.0,0.0,ShAdDafrF,18.0,1075.0,17.0,1056.0,DNS
1720728554.687637,CiYvxz4Kyec4npc2Xc,192.168.1.6,50754.0,192.168.1.4,21.0,tcp,9.686879873275757,118.0,188.0,SF,1.0,1.0,0.0,ShAdDafFr,18.0,1062.0,17.0,1056.0,FTP
1720731024.915072,CDaVcr1ILcpdBpLtxd,192.168.1.6,43420.0,192.168.1.4,21.0,tcp,10.77018404006958,132.0,188.0,SF,1.0,1.0,0.0,ShAdDafrF,18.0,1076.0,17.0,1056.0,FTP
1720727793.241185,CpeZqk2vtkuJoy3Py3,192.168.1.4,38498.0,192.168.1.1,53.0,udp,10.77018404006958,132.0,188.0,SF,1.0,1.0,0.0,ShAdDafrF,18.0,1076.0,17.0,1056.0,DNS
1720727825.172719,C98Ie91aeZTshjJsgh,192.168.1.4,49481.0,192.168.1.1,53.0,udp,0.005286931991577,51.0,325.0,SF,1.0,1.0,0.0,Dd,1.0,79.0,1.0,353.0,DNS
1720730658.795643,CARqVX2T8dlhhF14Kd,192.168.1.6,44702.0,192.168.1.4,21.0,tcp,10.216200828552246,129.0,188.0,SF,1.0,1.0,0.0,ShAdDafrF,18.0,1073.0,17.0,1056.0,FTP
1720728275.813532,ClXLiB2UW2XohwCAXk,192.168.1.4,50630.0,192.168.1.1,53.0,udp,0.002503871917724,63.0,413.0,SF,1.0,1.0,0.0,Dd,1.0,91.0,1.0,441.0,DNS
1720730658.638474,CMBFtj2XlxPbowgvfh,192.168.1.6,44666.0,192.168.1.4,21.0,tcp,10.21800708770752,143.0,188.0,SF,1.0,1.0,0.0,ShAdDafFr,18.0,1087.0,17.0,1056.0,FTP
1720729432.358449,C54dkaPqGUj7KSu61,192.168.1.4,55094.0,91.189.91.81,80.0,tcp,0.32613205909729,216.0,294.0,SF,1.0,0.0,0.0,ShADadFf,6.0,536.0,4.0,510.0,HTTP
1720731508.637757,CH4xHExkCO0ZaDIq8,192.168.1.6,39600.0,192.168.1.4,21.0,tcp,9.951441049575806,153.0,188.0,SF,1.0,1.0,0.0,ShAdDafrF,18.0,1097.0,17.0,1056.0,FTP
1720731164.032905,C2PppVhkWURZFtknl,192.168.1.6,41720.0,192.168.1.4,21.0,tcp,10.338454008102415,106.0,188.0,SF,1.0,1.0,0.0,ShAdDafFr,18.0,1050.0,17.0,1056.0,FTP
1720727915.250978,CVp70c2aKrMPuXcCY5,192.168.1.4,40628.0,146.75.37.229,443.0,tcp,293.500657081604,2375.0,148357.0,SF,1.0,0.0,0.0,ShADadFRf,62.0,5583.0,91.0,153097.0,HTTPS
1720731950.5435,CGxpZ34LAx6hk5xvD,192.168.1.6,39552.0,192.168.1.4,21.0,tcp,9.524951934814451,113.0,188.0,SF,1.0,1.0,0.0,ShAdDafrF,18.0,1057.0,17.0,1056.0,FTP
1720730759.700049,CiDMry1q88EnshiD39,192.168.1.6,50894.0,192.168.1.4,21.0,tcp,9.480034112930298,146.0,188.0,SF,1.0,1.0,0.0,ShAdDafFr,18.0,1090.0,17.0,1056.0,FTP
1720727884.943854,CWmldaXbcd0CHNlb,192.168.1.4,37357.0,192.168.1.1,53.0,udp,9.480034112930298,146.0,188.0,SF,1.0,1.0,0.0,ShAdDafFr,18.0,1090.0,17.0,1056.0,DNS
1720729810.703297,CE69bd4be2tXlVh4Mf,192.168.1.6,40484.0,192.168.1.4,21.0,tcp,10.3022780418396,120.0,188.0,SF,1.0,1.0,0.0,ShAdDafFr,18.0,1064.0,17.0,1056.0,FTP
1720728096.370734,CaY7uJ2ayDrNJnDcCb,192.168.1.4,60289.0,192.168.1.1,53.0,udp,0.046679973602294,50.0,439.0,SF,1.0,1.0,0.0,Dd,1.0,78.0,1.0,467.0,DNS
1720729205.902549,CKCHsP3ePWeplU0cFb,192.168.1.6,56342.0,192.168.1.4,21.0,tcp,10.474709033966064,126.0,188.0,SF,1.0,1.0,0.0,ShAdDafrF,18.0,1070.0,17.0,1056.0,FTP
1720727765.74005,CY8mBn1V2EsSZBoPug,192.168.1.4,54206.0,146.75.37.108,443.0,tcp,300.58124589920044,2393.0,41396.0,SF,1.0,0.0,0.0,ShADadFRf,30.0,3937.0,41.0,43536.0,HTTPS
1720728245.098678,CbGpCj3JL5uzrGXT6,192.168.1.4,38069.0,192.168.1.1,53.0,udp,0.000967979431152,50.0,50.0,SF,1.0,1.0,0.0,Dd,1.0,78.0,1.0,78.0,DNS
1720728186.582019,ChsR1K2GsLYbH9uBKj,192.168.1.4,37447.0,142.250.80.66,443.0,udp,0.000967979431152,50.0,50.0,SF,1.0,1.0,0.0,Dd,1.0,78.0,1.0,78.0,HTTPS
1720728125.057297,CrIDi54QmAR8kjnFk9,192.168.1.4,50341.0,172.64.154.159,443.0,udp,0.000967979431152,50.0,50.0,SF,1.0,1.0,0.0,IIiiiIhhHH,1.0,78.0,1.0,78.0,HTTPS
1720730348.734471,Ct8tsG3ieN0pH8Knk,192.168.1.6,48986.0,192.168.1.4,21.0,tcp,10.36084794998169,134.0,188.0,SF,1.0,1.0,0.0,ShAdDafrF,18.0,1078.0,17.0,1056.0,FTP
1720729269.615856,CrG1c01H19eo5Vro0g,192.168.1.6,34444.0,192.168.1.4,21.0,tcp,9.83919095993042,123.0,188.0,SF,1.0,1.0,0.0,ShAdDafFr,18.0,1067.0,17.0,1056.0,FTP
1720731564.58906,CX5NDk24MNpVOuAWc5,192.168.1.6,39808.0,192.168.1.4,21.0,tcp,9.682677030563354,158.0,188.0,SF,1.0,1.0,0.0,ShAdDafrF,18.0,1102.0,17.0,1056.0,FTP
1720728035.552683,ChxrmA4NDlcZkzyImi,192.168.1.4,37094.0,192.168.1.1,53.0,udp,9.682677030563354,158.0,188.0,SF,1.0,1.0,0.0,ShAdDafrF,18.0,1102.0,17.0,1056.0,DNS
1720727884.737072,Cmp2Xf2dIMwNpgyhpg,192.168.1.4,45945.0,216.239.32.178,443.0,udp,9.682677030563354,158.0,188.0,SF,1.0,1.0,0.0,ShAdDafrF,18.0,1102.0,17.0,1056.0,HTTPS
1720728306.035785,CPnm4KVCMSXhO3Dmk,192.168.1.4,46408.0,192.168.1.1,53.0,udp,9.682677030563354,158.0,188.0,SF,1.0,1.0,0.0,ShAdDafrF,18.0,1102.0,17.0,1056.0,DNS
1720728186.446329,Cdskbd2QQgCcJeqMx,192.168.1.4,35810.0,192.168.1.1,53.0,udp,0.001693964004516,53.0,103.0,SF,1.0,1.0,0.0,Dd,1.0,81.0,1.0,131.0,DNS
1720728034.881664,CVrY9a1cqfTZg2eXI3,192.168.1.4,33919.0,192.168.1.1,53.0,udp,0.00371503829956,51.0,116.0,SF,1.0,1.0,0.0,Dd,1.0,79.0,1.0,144.0,DNS
1720728306.196108,C2HElf3GNH75HFAg5b,192.168.1.4,56304.0,142.251.40.196,443.0,udp,0.127939939498901,5487.0,9845.0,SF,1.0,0.0,0.0,Dd,12.0,5823.0,13.0,10209.0,HTTPS
1720731198.208003,CnJBKr3GqRdvNxhpyg,192.168.1.6,35264.0,192.168.1.4,21.0,tcp,9.53388285636902,114.0,188.0,SF,1.0,1.0,0.0,ShAdDafrF,18.0,1058.0,17.0,1056.0,FTP
1720729615.471374,CKzMiq2xT0PzZiJOP4,192.168.1.6,47556.0,192.168.1.4,21.0,tcp,8.588846921920776,118.0,188.0,SF,1.0,1.0,0.0,ShAdDafrF,18.0,1062.0,17.0,1056.0,FTP
1720731886.131552,CeKOrrTvIdQOzCFo,192.168.1.6,59754.0,192.168.1.4,21.0,tcp,10.355210065841677,181.0,188.0,SF,1.0,1.0,0.0,ShAdDafFr,18.0,1125.0,17.0,1056.0,FTP
1720728245.918194,CmdnX73YLRyHPJn2f7,192.168.1.6,50786.0,192.168.1.4,21.0,tcp,11.034515857696531,118.0,188.0,SF,1.0,1.0,0.0,ShAdDafrF,18.0,1062.0,17.0,1056.0,FTP
1720730337.850142,Cxbt4D2ivuCQ9gOyOe,192.168.1.6,35436.0,192.168.1.4,21.0,tcp,10.810209035873411,122.0,188.0,SF,1.0,1.0,0.0,ShAdDafrF,18.0,1066.0,17.0,1056.0,FTP
1720729747.392083,CcDc6s13cAWPYl3az9,192.168.1.6,60730.0,192.168.1.4,21.0,tcp,9.290707111358644,114.0,188.0,SF,1.0,1.0,0.0,ShAdDafrF,18.0,1058.0,17.0,1056.0,FTP
1720731167.36259,CyI1A21xYPOrRsLsD4,192.168.1.6,41764.0,192.168.1.4,21.0,tcp,10.385577917099,115.0,188.0,SF,1.0,1.0,0.0,ShAdDafrF,18.0,1059.0,17.0,1056.0,FTP
1720729292.34146,CX0ZJLrXBEnB3qyq6,192.168.1.6,38218.0,192.168.1.4,21.0,tcp,10.362160921096802,132.0,188.0,SF,1.0,1.0,0.0,ShAdDafrF,18.0,1076.0,17.0,1056.0,FTP
1720731871.050342,CeFR6q3rj0YmqH7T39,192.168.1.6,58118.0,192.168.1.4,21.0,tcp,10.196529865264893,140.0,188.0,SF,1.0,1.0,0.0,ShAdDafFr,18.0,1084.0,17.0,1056.0,FTP
1720728306.103166,CFN1111Fxd1amiZutl,192.168.1.4,35870.0,13.224.214.6,443.0,tcp,10.196529865264893,140.0,188.0,SF,1.0,1.0,0.0,ShAdDafFr,18.0,1084.0,17.0,1056.0,HTTPS
1720728740.150858,COjokW1vaxqd5FVlO7,192.168.1.6,49802.0,192.168.1.4,21.0,tcp,10.488912105560305,121.0,188.0,SF,1.0,1.0,0.0,ShAdDafFr,18.0,1065.0,17.0,1056.0,FTP
1720728035.552683,ChxrmA4NDlcZkzyImi,192.168.1.4,37094.0,192.168.1.1,53.0,udp,0.003105878829956,47.0,112.0,SF,1.0,1.0,0.0,Dd,1.0,75.0,1.0,140.0,DNS
1720729941.94567,CLEfwFYdRHPn3HaY8,192.168.1.6,47770.0,192.168.1.4,21.0,tcp,9.602116107940674,138.0,188.0,SF,1.0,1.0,0.0,ShAdDafrF,18.0,1082.0,17.0,1056.0,FTP
1720728155.085306,CZ5Fbu2SsbrvrO4hWi,192.168.1.4,50390.0,152.199.0.214,443.0,tcp,9.602116107940674,138.0,188.0,SF,1.0,1.0,0.0,ShAdDafrF,18.0,1082.0,17.0,1056.0,HTTPS
1720728733.235348,CSqkv92aGP1NTVsE15,192.168.1.4,43448.0,192.168.1.1,53.0,udp,9.602116107940674,138.0,188.0,SF,1.0,1.0,0.0,ShAdDafrF,18.0,1082.0,17.0,1056.0,DNS
1720730908.006488,CVBElT2fQbsmxn3py4,192.168.1.6,40138.0,192.168.1.4,21.0,tcp,10.106757879257202,126.0,188.0,SF,1.0,1.0,0.0,ShAdDafFr,18.0,1070.0,17.0,1056.0,FTP
1720729900.940412,C67oG62vnYm3R9PJt4,192.168.1.6,59718.0,192.168.1.4,21.0,tcp,10.37437391281128,128.0,188.0,SF,1.0,1.0,0.0,ShAdDafrF,18.0,1072.0,17.0,1056.0,FTP
1720728729.798529,CpWhSx2b5x5o8Ql4D6,192.168.1.6,59608.0,192.168.1.4,21.0,tcp,10.088796138763428,136.0,188.0,SF,1.0,1.0,0.0,ShAdDafrF,18.0,1080.0,17.0,1056.0,FTP
1720727733.703073,COTlar3LltNWa3ZI96,192.168.1.4,34724.0,152.195.19.97,443.0,tcp,180.21409487724304,2849.0,312582.0,SF,1.0,0.0,0.0,ShADadfF,99.0,8005.0,138.0,319766.0,HTTPS
1720727985.822637,CNO0pf3WWIl5CLs9Pd,192.168.1.6,48530.0,192.168.1.4,21.0,tcp,10.493940830230711,117.0,188.0,SF,1.0,1.0,0.0,ShAdDafrF,18.0,1061.0,17.0,1056.0,FTP
1720731724.76309,CDjcWx19yplEIgad91,192.168.1.6,34554.0,192.168.1.4,21.0,tcp,11.055833101272585,173.0,188.0,SF,1.0,1.0,0.0,ShAdDafrF,18.0,1117.0,17.0,1056.0,FTP
1720730867.807473,CzC0rd3dqgL2VG8sib,192.168.1.6,39160.0,192.168.1.4,21.0,tcp,9.625545978546144,126.0,188.0,SF,1.0,1.0,0.0,ShAdDafFr,18.0,1070.0,17.0,1056.0,FTP
1720731700.902264,Cpij9E4uSC1cRkjZhi,192.168.1.6,35576.0,192.168.1.4,21.0,tcp,9.359173774719238,173.0,188.0,SF,1.0,1.0,0.0,ShAdDafrF,18.0,1117.0,17.0,1056.0,FTP
1720730867.781201,Cb5gBDSME4r5jit4i,192.168.1.6,39132.0,192.168.1.4,21.0,tcp,9.621390104293823,122.0,188.0,SF,1.0,1.0,0.0,ShAdDafrF,18.0,1066.0,17.0,1056.0,FTP
1720727825.274025,C63cSr2yTkqzp3cisf,192.168.1.4,42874.0,192.168.1.1,53.0,udp,9.621390104293823,122.0,188.0,SF,1.0,1.0,0.0,ShAdDafrF,18.0,1066.0,17.0,1056.0,DNS
1720728096.340727,CZxQSy3pq8oVm0DCLf,192.168.1.4,41498.0,192.168.1.1,53.0,udp,0.038815021514892,41.0,163.0,SF,1.0,1.0,0.0,Dd,1.0,69.0,1.0,191.0,DNS
1720727974.169022,C9SQIV2kRwQeeiilb,192.168.1.4,38184.0,204.235.147.206,443.0,udp,0.038815021514892,41.0,163.0,SF,1.0,1.0,0.0,Dd,1.0,69.0,1.0,191.0,HTTPS
1720727765.712622,CsLkOL3bFMU3G1NsHh,192.168.1.4,52575.0,192.168.1.1,53.0,udp,0.021486043930053,49.0,173.0,SF,1.0,1.0,0.0,Dd,1.0,77.0,1.0,201.0,DNS
1720730877.46384,Cm0VIejPe8HkYmcdf,192.168.1.6,60136.0,192.168.1.4,21.0,tcp,9.800255060195925,126.0,188.0,SF,1.0,1.0,0.0,ShAdDafrF,18.0,1070.0,17.0,1056.0,FTP
1720727845.090267,CPJSn53dLeCovgcOb4,192.168.1.6,39312.0,192.168.1.4,21.0,tcp,10.591909170150757,118.0,188.0,SF,1.0,1.0,0.0,ShAdDafrF,18.0,1062.0,17.0,1056.0,FTP
1720730078.503024,CbEvJ24jowcRtUhedc,192.168.1.6,40178.0,192.168.1.4,21.0,tcp,9.387109994888306,133.0,188.0,SF,1.0,1.0,0.0,ShAdDafFr,18.0,1077.0,17.0,1056.0,FTP
1720731662.923172,Cyb6UcKOFwGz7Tqi6,192.168.1.6,44136.0,192.168.1.4,21.0,tcp,9.846198081970217,144.0,188.0,SF,1.0,1.0,0.0,ShAdDafrF,18.0,1088.0,17.0,1056.0,FTP
1720727915.680756,C9L4SKkqKU6xvjoKj,192.168.1.4,49176.0,13.224.214.45,443.0,tcp,9.846198081970217,144.0,188.0,SF,1.0,1.0,0.0,ShAdDafrF,18.0,1088.0,17.0,1056.0,HTTPS
1720728155.067541,Ctzoyy1l6klYz5cFg5,192.168.1.4,54923.0,192.168.1.1,53.0,udp,0.003905057907104,49.0,105.0,SF,1.0,1.0,0.0,Dd,1.0,77.0,1.0,133.0,DNS
1720729858.272061,C7Zjeh3t4BXeh7me5,192.168.1.6,47882.0,192.168.1.4,21.0,tcp,10.609027862548828,134.0,188.0,SF,1.0,1.0,0.0,ShAdDafrF,18.0,1078.0,17.0,1056.0,FTP
1720728937.585019,CzYdBg1lTC05gYeCYb,192.168.1.6,42432.0,192.168.1.4,21.0,tcp,10.428826808929443,148.0,188.0,SF,1.0,1.0,0.0,ShAdDafFr,18.0,1092.0,17.0,1056.0,FTP
1720728562.121268,Cr1sbB1C6DM35HV4yl,192.168.1.6,50838.0,192.168.1.4,21.0,tcp,10.3711359500885,118.0,188.0,SF,1.0,1.0,0.0,ShAdDafFr,18.0,1062.0,17.0,1056.0,FTP
1720727825.182413,CyYQ6y3oqf6eE0cOpe,192.168.1.4,33909.0,192.168.1.1,53.0,udp,10.3711359500885,118.0,188.0,SF,1.0,1.0,0.0,ShAdDafFr,18.0,1062.0,17.0,1056.0,DNS
1720727973.887233,Cf1rWp2tU4PPv5OrP,192.168.1.4,48583.0,192.168.1.1,53.0,udp,0.001405000686645,46.0,95.0,SF,1.0,1.0,0.0,Dd,1.0,74.0,1.0,123.0,DNS
1720727956.327587,CAcC8m3kOu2U1gJY1c,192.168.1.4,53938.0,20.114.189.135,443.0,tcp,17.517593145370483,2903.0,5892.0,RSTO,1.0,0.0,0.0,ShADadfR,13.0,3599.0,12.0,6524.0,HTTPS
1720728306.208744,Cdi7F649kYWnys50zc,192.168.1.4,51354.0,192.168.1.1,53.0,udp,17.517593145370483,2903.0,5892.0,RSTO,1.0,0.0,0.0,ShADadfR,13.0,3599.0,12.0,6524.0,DNS
1720727824.642852,CVXZSb4ICNjsAmIncg,192.168.1.4,34216.0,142.250.65.163,443.0,udp,17.517593145370483,2903.0,5892.0,RSTO,1.0,0.0,0.0,ShADadfR,13.0,3599.0,12.0,6524.0,HTTPS
1720728215.777192,CXyYFx3wSef8S7LL6a,192.168.1.4,46685.0,192.168.1.1,53.0,udp,0.014263868331909,43.0,439.0,SF,1.0,1.0,0.0,Dd,1.0,71.0,1.0,467.0,DNS
1720731534.110864,Cfz1It4o1AhYMi3t9b,192.168.1.6,44826.0,192.168.1.4,21.0,tcp,10.717733144760132,142.0,188.0,SF,1.0,1.0,0.0,ShAdDafrF,18.0,1086.0,17.0,1056.0,FTP
1720730673.349784,CZYS641T9vgOxerdQ2,192.168.1.6,42198.0,192.168.1.4,21.0,tcp,10.101245164871216,127.0,188.0,SF,1.0,1.0,0.0,ShAdDafrF,18.0,1071.0,17.0,1056.0,FTP
1720727734.216522,CUCPu98edixhZ0X,192.168.1.4,41786.0,142.250.80.34,443.0,tcp,10.101245164871216,127.0,188.0,SF,1.0,1.0,0.0,ShAdDafrF,18.0,1071.0,17.0,1056.0,HTTPS
1720727927.035565,CFN13o1FVDVVZFUpm2,192.168.1.6,34024.0,192.168.1.4,21.0,tcp,10.0344340801239,117.0,188.0,SF,1.0,1.0,0.0,ShAdDafrF,18.0,1061.0,17.0,1056.0,FTP
1720727786.539311,CkIBxD2t46C0gK5Wq,192.168.1.4,33733.0,192.168.1.1,53.0,udp,10.0344340801239,117.0,188.0,SF,1.0,1.0,0.0,ShAdDafrF,18.0,1061.0,17.0,1056.0,DNS
1720729317.915319,C1sote3pZRnESIWMyi,192.168.1.6,33614.0,192.168.1.4,21.0,tcp,9.60014295578003,115.0,188.0,SF,1.0,1.0,0.0,ShAdDafrF,18.0,1059.0,17.0,1056.0,FTP
1720727833.235056,CK17VR1pVMC1vSI76a,192.168.1.4,58092.0,185.125.190.97,80.0,tcp,0.165724039077758,88.0,185.0,SF,1.0,0.0,0.0,ShADdfFa,5.0,356.0,4.0,401.0,HTTP
1720728091.403456,CmKmVd3rPZPxOtWLtd,192.168.1.6,35138.0,192.168.1.4,21.0,tcp,9.5276460647583,116.0,188.0,SF,1.0,1.0,0.0,ShAdDafrF,18.0,1060.0,17.0,1056.0,FTP
1720728245.105414,CTLGQa2XopzprEckb3,192.168.1.4,44450.0,13.79.186.4,443.0,tcp,60.59156608581543,2334.0,4369.0,SF,1.0,0.0,0.0,ShADaTdfF,12.0,3261.0,14.0,5117.0,HTTPS
1720727765.837952,CiQOFp4SxuIxUQIO11,192.168.1.4,46372.0,192.168.1.1,53.0,udp,0.018594026565551,127.0,127.0,SF,1.0,1.0,0.0,Dd,3.0,211.0,3.0,211.0,DNS
1720729759.650867,C5lAMm1QdzPvuHBaOf,192.168.1.6,43622.0,192.168.1.4,21.0,tcp,9.16667103767395,116.0,188.0,SF,1.0,1.0,0.0,ShAdDafrF,18.0,1060.0,17.0,1056.0,FTP
1720731454.462153,ClqN0y2AZEXeCJg3ad,192.168.1.6,44226.0,192.168.1.4,21.0,tcp,9.90703511238098,144.0,188.0,SF,1.0,1.0,0.0,ShAdDafrF,18.0,1088.0,17.0,1056.0,FTP
1720728485.569893,CKfkuT1K661JO3gQOa,192.168.1.6,36350.0,192.168.1.4,21.0,tcp,9.94407606124878,118.0,188.0,SF,1.0,1.0,0.0,ShAdDafrF,18.0,1062.0,17.0,1056.0,FTP
1720728035.161915,C7a7QV3VQbsjUAgeV5,192.168.1.4,55976.0,192.168.1.1,53.0,udp,9.94407606124878,118.0,188.0,SF,1.0,1.0,0.0,ShAdDafrF,18.0,1062.0,17.0,1056.0,DNS
1720731156.109358,Cr4q3r3lmtsmk9q3W9,192.168.1.6,59842.0,192.168.1.4,21.0,tcp,10.147979974746704,106.0,188.0,SF,1.0,1.0,0.0,ShAdDafrF,18.0,1050.0,17.0,1056.0,FTP
1720728096.334639,CWP3oi4PZT0Hwb5Fi6,192.168.1.4,39051.0,192.168.1.1,53.0,udp,10.147979974746704,106.0,188.0,SF,1.0,1.0,0.0,ShAdDafrF,18.0,1050.0,17.0,1056.0,DNS
1720728306.196108,C2HElf3GNH75HFAg5b,192.168.1.4,56304.0,142.251.40.196,443.0,udp,10.147979974746704,106.0,188.0,SF,1.0,1.0,0.0,ShAdDafrF,18.0,1050.0,17.0,1056.0,HTTPS
1720728206.198223,CGDWaH2CMCNo2wDzM4,192.168.1.6,43798.0,192.168.1.4,21.0,tcp,9.283381938934326,118.0,188.0,SF,1.0,1.0,0.0,ShAdDafrF,18.0,1062.0,17.0,1056.0,FTP
1720730190.739921,CujFx749XxvtMR6Nv,192.168.1.6,53656.0,192.168.1.4,21.0,tcp,10.60952091217041,132.0,188.0,SF,1.0,1.0,0.0,ShAdDafrF,18.0,1076.0,17.0,1056.0,FTP
1720731276.793335,C4R2JS1ysJzsQ04ZFd,192.168.1.6,39926.0,192.168.1.4,21.0,tcp,10.386698961257936,191.0,188.0,SF,1.0,1.0,0.0,ShAdDafrF,18.0,1135.0,17.0,1056.0,FTP
1720728125.358395,Cby4Oy1SLIG6p0vpue,192.168.1.4,38442.0,192.168.1.1,53.0,udp,10.386698961257936,191.0,188.0,SF,1.0,1.0,0.0,ShAdDafrF,18.0,1135.0,17.0,1056.0,DNS
1720729566.908852,CrTKwv4eR0AUE8ttNb,192.168.1.6,55708.0,192.168.1.4,21.0,tcp,9.477679967880247,112.0,188.0,SF,1.0,1.0,0.0,ShAdDafFr,18.0,1056.0,17.0,1056.0,FTP
1720728019.912949,CLTBjn1VBbLbXFsHM6,192.168.1.6,55380.0,192.168.1.4,21.0,tcp,10.45756196975708,117.0,188.0,SF,1.0,1.0,0.0,ShAdDafrF,18.0,1061.0,17.0,1056.0,FTP
1720729177.320408,CfIj0g1hKqT5tUNAu9,192.168.1.6,37288.0,192.168.1.4,21.0,tcp,10.607838869094849,111.0,188.0,SF,1.0,1.0,0.0,ShAdDafrF,18.0,1055.0,17.0,1056.0,FTP
1720731810.53656,CSKtog2sOQcoN5rSaa,192.168.1.6,35018.0,192.168.1.4,21.0,tcp,10.669837951660156,157.0,188.0,SF,1.0,1.0,0.0,ShAdDafrF,18.0,1101.0,17.0,1056.0,FTP
1720730769.264501,CoSywm1zUhKIN92DT2,192.168.1.6,37136.0,192.168.1.4,21.0,tcp,10.118857860565186,135.0,188.0,SF,1.0,1.0,0.0,ShAdDafFr,18.0,1079.0,17.0,1056.0,FTP
1720728305.841562,CX08384HACuIGlW3jc,192.168.1.4,47561.0,192.168.1.1,53.0,udp,0.027927875518798,42.0,278.0,SF,1.0,1.0,0.0,Dd,1.0,70.0,1.0,306.0,DNS
1720728656.229316,Co6Sl04tUMPTWxFQ0d,192.168.1.6,57804.0,192.168.1.4,21.0,tcp,10.56718611717224,135.0,188.0,SF,1.0,1.0,0.0,ShAdDafrF,18.0,1079.0,17.0,1056.0,FTP
1720731254.052292,Co5s1S2zhhQSP9KDea,192.168.1.6,53328.0,192.168.1.4,21.0,tcp,10.066303968429564,180.0,188.0,SF,1.0,1.0,0.0,ShAdDafrF,18.0,1124.0,17.0,1056.0,FTP
1720731132.585123,CC7cYpAQEimlZrrEb,192.168.1.6,38964.0,192.168.1.4,21.0,tcp,10.104737043380736,109.0,188.0,SF,1.0,1.0,0.0,ShAdDafrF,18.0,1053.0,17.0,1056.0,FTP
1720728081.174852,C2AdhS3RqnNGVIPqF6,192.168.1.6,52108.0,192.168.1.4,21.0,tcp,9.944310188293455,118.0,188.0,SF,1.0,1.0,0.0,ShAdDafrF,18.0,1062.0,17.0,1056.0,FTP
1720730053.924551,CbEDl54FkSPEZ18BCb,192.168.1.6,54752.0,192.168.1.4,21.0,tcp,9.732687950134276,127.0,188.0,SF,1.0,1.0,0.0,ShAdDafFr,18.0,1071.0,17.0,1056.0,FTP
1720728275.073515,Ce6UDD1x1Sfnrqm6L5,192.168.1.4,58354.0,3.211.83.105,443.0,tcp,9.732687950134276,127.0,188.0,SF,1.0,1.0,0.0,ShAdDafFr,18.0,1071.0,17.0,1056.0,HTTPS
1720728151.17661,C9lOss30CxuxnOSDKi,192.168.1.4,53003.0,192.168.1.1,53.0,udp,9.732687950134276,127.0,188.0,SF,1.0,1.0,0.0,ShAdDafFr,18.0,1071.0,17.0,1056.0,DNS
1720728245.197815,C0ZlvSi2dHLAxGbT8,192.168.1.4,50410.0,20.190.152.22,443.0,udp,0.0,127.0,188.0,SF,0.0,1.0,0.0,ShAdDafFr,18.0,1071.0,17.0,1056.0,HTTPS
1720728271.99426,C8mUpZ2oNN6Npod1C1,192.168.1.4,42400.0,104.96.220.105,80.0,udp,0.0,127.0,188.0,SF,0.0,1.0,0.0,ShAdDafFr,18.0,1071.0,17.0,1056.0,HTTP
1720728017.347197,Cz1h9fMFOv52vVYl8,192.168.1.4,39900.0,20.114.189.135,443.0,udp,0.0,127.0,188.0,SF,0.0,1.0,0.0,ShAdDafFr,18.0,1071.0,17.0,1056.0,HTTPS
1720729081.721048,CXVdYoCrbYfuCGdb9,192.168.1.6,49094.0,192.168.1.4,21.0,tcp,10.530629873275757,129.0,188.0,SF,1.0,1.0,0.0,ShAdDafrF,18.0,1073.0,17.0,1056.0,FTP
1720728604.365308,CDqsT2Nm4RlfdSK99,192.168.1.6,34120.0,192.168.1.4,21.0,tcp,10.46518898010254,122.0,188.0,SF,1.0,1.0,0.0,ShAdDafrF,18.0,1066.0,17.0,1056.0,FTP
1720728530.950787,Cqsx2L2T5e0zUmqDJ6,192.168.1.6,54552.0,192.168.1.4,21.0,tcp,9.46769094467163,117.0,188.0,SF,1.0,1.0,0.0,ShAdDafrF,18.0,1061.0,17.0,1056.0,FTP
1720730293.331749,Chdz7B3SKj1F8Lsie6,192.168.1.6,44590.0,192.168.1.4,21.0,tcp,10.430261135101318,123.0,188.0,SF,1.0,1.0,0.0,ShAdDafrF,18.0,1067.0,17.0,1056.0,FTP
1720727825.274025,C63cSr2yTkqzp3cisf,192.168.1.4,42874.0,192.168.1.1,53.0,udp,0.003756046295166,49.0,320.0,SF,1.0,1.0,0.0,Dd,1.0,77.0,1.0,348.0,DNS
1720731752.598794,CO4OSW23juOEX6t3Vj,192.168.1.6,40526.0,192.168.1.4,21.0,tcp,11.258611917495728,149.0,188.0,SF,1.0,1.0,0.0,ShAdDafrF,18.0,1093.0,17.0,1056.0,FTP
1720727734.395689,COAHx81SaIFgS1yKe8,192.168.1.4,38258.0,146.75.29.229,443.0,tcp,11.258611917495728,149.0,188.0,SF,1.0,1.0,0.0,IIiishhHhHH,18.0,1093.0,17.0,1056.0,HTTPS
1720729088.788085,CDIi4516kXe60MhSW1,192.168.1.6,50590.0,192.168.1.4,21.0,tcp,9.942795038223268,124.0,188.0,SF,1.0,1.0,0.0,ShAdDafFr,18.0,1068.0,17.0,1056.0,FTP
1720728306.021119,C6EEGY25US7qHRFR78,192.168.1.4,50459.0,192.168.1.1,53.0,udp,9.942795038223268,124.0,188.0,SF,1.0,1.0,0.0,ShAdDafFr,18.0,1068.0,17.0,1056.0,DNS
1720728094.51326,CT9tCI1ZduHJjOKuLb,192.168.1.4,37200.0,103.28.251.204,443.0,udp,9.942795038223268,124.0,188.0,SF,1.0,1.0,0.0,ShAdDafFr,18.0,1068.0,17.0,1056.0,HTTPS
1720728306.360608,CjbRQuFQfIAyyiqj1,192.168.1.4,54112.0,146.75.36.84,443.0,udp,9.942795038223268,124.0,188.0,SF,1.0,1.0,0.0,ShAdDafFr,18.0,1068.0,17.0,1056.0,HTTPS
1720727884.648077,Csnyw84e1wRmblWhrc,192.168.1.4,37152.0,13.224.214.36,443.0,udp,9.942795038223268,124.0,188.0,SF,1.0,1.0,0.0,ShAdDafFr,18.0,1068.0,17.0,1056.0,HTTPS
1720731438.868886,CcrGBk3BmZlVc0wqc7,192.168.1.6,52998.0,192.168.1.4,21.0,tcp,10.099626064300535,143.0,188.0,SF,1.0,1.0,0.0,ShAdDafFr,18.0,1087.0,17.0,1056.0,FTP
1720728246.785152,CH7ntD3HYpowt6hK95,192.168.1.6,50854.0,192.168.1.4,21.0,tcp,10.784183979034424,118.0,188.0,SF,1.0,1.0,0.0,ShAdDafFr,18.0,1062.0,17.0,1056.0,FTP
1720728970.126561,CfS1d57dNHH22I8S4,192.168.1.6,43166.0,192.168.1.4,21.0,tcp,9.605950117111206,155.0,188.0,SF,1.0,1.0,0.0,ShAdDafrF,18.0,1099.0,17.0,1056.0,FTP
1720727882.307564,CzSJhq2mVuF52lKjKi,192.168.1.4,33933.0,192.168.1.1,53.0,udp,0.01568603515625,45.0,127.0,SF,1.0,1.0,0.0,Dd,1.0,73.0,1.0,155.0,DNS
1720729764.349527,CF4hXi96ZyzVFCa77,192.168.1.6,59026.0,192.168.1.4,21.0,tcp,9.944748163223268,113.0,188.0,SF,1.0,1.0,0.0,ShAdDafrF,18.0,1057.0,17.0,1056.0,FTP
1720730553.90457,CeTfFTVodrbTVmhVk,192.168.1.6,59398.0,192.168.1.4,21.0,tcp,10.439543962478638,128.0,188.0,SF,1.0,1.0,0.0,ShAdDafrF,18.0,1072.0,17.0,1056.0,FTP
1720728275.036717,C7PSGB1YLdm98mLvC4,192.168.1.4,53483.0,192.168.1.1,53.0,udp,0.001161098480224,66.0,127.0,SF,1.0,1.0,0.0,Dd,1.0,94.0,1.0,155.0,DNS
1720728215.672036,CrDrYw2LGQCAhG6Nml,192.168.1.4,37928.0,142.251.40.202,443.0,tcp,2.198251962661743,2462.0,37633.0,SF,1.0,0.0,0.0,ShADadFf,26.0,3822.0,34.0,39409.0,HTTPS
1720728943.234154,CLMAnt9wZpbseLfu1,192.168.1.4,36701.0,192.168.1.1,53.0,udp,0.000673055648803,58.0,394.0,SF,1.0,1.0,0.0,Dd,1.0,86.0,1.0,422.0,DNS
1720728335.218768,Ca6ZIG3NpaqZGTITz7,192.168.1.4,49762.0,192.168.1.1,53.0,udp,0.000673055648803,58.0,394.0,SF,1.0,1.0,0.0,Dd,1.0,86.0,1.0,422.0,DNS
1720731841.703637,CoaUJ44RiqkBFlrTu4,192.168.1.6,51846.0,192.168.1.4,21.0,tcp,8.830213069915771,116.0,188.0,SF,1.0,1.0,0.0,ShAdDafrF,18.0,1060.0,17.0,1056.0,FTP
1720730556.063399,CrN5af4gSDJ418q3Wb,192.168.1.6,59474.0,192.168.1.4,21.0,tcp,10.13077187538147,125.0,188.0,SF,1.0,1.0,0.0,ShAdDafrF,18.0,1069.0,17.0,1056.0,FTP
1720728096.33476,CqNrpP1HKPyDSDIFij,192.168.1.4,58737.0,192.168.1.1,53.0,udp,0.045138120651245,49.0,229.0,SF,1.0,1.0,0.0,Dd,1.0,77.0,1.0,257.0,DNS
1720727916.725709,CYJVae2OcdQMBJzXmb,192.168.1.4,39407.0,142.250.65.161,443.0,udp,0.045138120651245,49.0,229.0,SF,1.0,1.0,0.0,Dd,1.0,77.0,1.0,257.0,HTTPS
1720728306.005589,CY9s7KyllG6fDMsIh,192.168.1.4,47132.0,192.168.1.1,53.0,udp,0.003809928894042,48.0,171.0,SF,1.0,1.0,0.0,Dd,1.0,76.0,1.0,199.0,DNS
1720729169.697957,C9TfRRq1UoiUACjmc,192.168.1.6,38324.0,192.168.1.4,21.0,tcp,9.311601877212524,119.0,188.0,SF,1.0,1.0,0.0,ShAdDafFr,18.0,1063.0,17.0,1056.0,FTP
1720728486.25349,CX8cY13YKXtOGsGOBl,192.168.1.6,36366.0,192.168.1.4,21.0,tcp,9.937744140625,118.0,188.0,SF,1.0,1.0,0.0,ShAdDafrF,18.0,1062.0,17.0,1056.0,FTP
1720729236.822791,Ca4tgk21pZENswxZ78,192.168.1.6,38300.0,192.168.1.4,21.0,tcp,9.570722818374634,117.0,188.0,SF,1.0,1.0,0.0,ShAdDafFr,18.0,1061.0,17.0,1056.0,FTP
1720728381.624402,CFycOw48TjeWwnOcLg,192.168.1.6,56958.0,192.168.1.4,21.0,tcp,10.893306016921995,118.0,188.0,SF,1.0,1.0,0.0,ShAdDafFr,18.0,1062.0,17.0,1056.0,FTP
1720727824.976127,CfjCiE3F1h7rODzp14,192.168.1.4,39948.0,192.168.1.1,53.0,udp,0.002605199813842,45.0,309.0,SF,1.0,1.0,0.0,Dd,1.0,73.0,1.0,337.0,DNS
1720730495.598229,C6PgTW1mUGg3lsUggl,192.168.1.6,58722.0,192.168.1.4,21.0,tcp,10.88465404510498,126.0,188.0,SF,1.0,1.0,0.0,ShAdDafrF,18.0,1070.0,17.0,1056.0,FTP
1720730648.494266,CTTTzRjdQiCsaLEd2,192.168.1.6,32940.0,192.168.1.4,21.0,tcp,10.160911083221436,125.0,188.0,SF,1.0,1.0,0.0,ShAdDafrF,18.0,1069.0,17.0,1056.0,FTP
1720729834.064101,CoUg0c1zWMFJg8jvd7,192.168.1.6,43372.0,192.168.1.4,21.0,tcp,11.05381202697754,133.0,188.0,SF,1.0,1.0,0.0,ShAdDafFr,18.0,1077.0,17.0,1056.0,FTP
1720728622.861568,CcEP313FdcBKy5Unv2,192.168.1.6,37392.0,192.168.1.4,21.0,tcp,11.164124965667725,123.0,188.0,SF,1.0,1.0,0.0,ShAdDafFr,18.0,1067.0,17.0,1056.0,FTP
1720731068.375581,CHvYWa4ATqwF37aYT5,192.168.1.6,38678.0,192.168.1.4,21.0,tcp,10.614750862121582,139.0,188.0,SF,1.0,1.0,0.0,ShAdDafrF,18.0,1083.0,17.0,1056.0,FTP
1720731018.312023,C2ynxB2LA81NrlvrAd,192.168.1.6,35536.0,192.168.1.4,21.0,tcp,10.345286130905151,126.0,188.0,SF,1.0,1.0,0.0,ShAdDafrF,18.0,1070.0,17.0,1056.0,FTP
1720731367.042401,CHxwgn2JNbYtKOAfsj,192.168.1.6,56756.0,192.168.1.4,21.0,tcp,11.416102886199951,158.0,188.0,SF,1.0,1.0,0.0,ShAdDafrF,18.0,1102.0,17.0,1056.0,FTP
1720730508.948659,Cqc7us4J42Q8EFdqh7,192.168.1.6,60884.0,192.168.1.4,21.0,tcp,10.441310167312622,123.0,188.0,SF,1.0,1.0,0.0,ShAdDafrF,18.0,1067.0,17.0,1056.0,FTP
1720728125.163253,CDKKEH3MgZtkhrKv2h,192.168.1.4,53610.0,31.13.71.7,443.0,tcp,10.441310167312622,123.0,188.0,SF,1.0,1.0,0.0,ShAdDafrF,18.0,1067.0,17.0,1056.0,HTTPS
1720728708.314728,CBmkin2Cp4J9pHnJF4,192.168.1.6,37408.0,192.168.1.4,21.0,tcp,10.977515935897827,135.0,188.0,SF,1.0,1.0,0.0,ShAdDafFr,18.0,1079.0,17.0,1056.0,FTP
1720728514.69522,C77Ib71DGz6ZZJp6ve,192.168.1.6,48314.0,192.168.1.4,21.0,tcp,9.545182943344116,116.0,188.0,SF,1.0,1.0,0.0,ShAdDafrF,18.0,1060.0,17.0,1056.0,FTP
1720728643.927448,CFFULW1GfJZ8cMfDp2,192.168.1.6,35398.0,192.168.1.4,21.0,tcp,10.28418493270874,137.0,188.0,SF,1.0,1.0,0.0,ShAdDafFr,18.0,1081.0,17.0,1056.0,FTP
1720728492.171448,CU26ay3RIIizKKdLn9,192.168.1.6,36448.0,192.168.1.4,21.0,tcp,10.342921018600464,117.0,188.0,SF,1.0,1.0,0.0,ShAdDafFr,18.0,1061.0,17.0,1056.0,FTP
1720728016.751733,C5FjrZ2rgn7jF6E2lc,192.168.1.6,55350.0,192.168.1.4,21.0,tcp,10.45029091835022,117.0,188.0,SF,1.0,1.0,0.0,ShAdDafrF,18.0,1061.0,17.0,1056.0,FTP
1720728124.597939,CcYDHqWx2eHqY4F9b,192.168.1.4,52008.0,192.168.1.1,53.0,udp,10.45029091835022,117.0,188.0,SF,1.0,1.0,0.0,ShAdDafrF,18.0,1061.0,17.0,1056.0,DNS
1720728245.495298,CxI2gjtTJZclKZnHi,192.168.1.4,56479.0,192.168.1.1,53.0,udp,0.001283168792724,68.0,129.0,SF,1.0,1.0,0.0,Dd,1.0,96.0,1.0,157.0,DNS
1720730565.713957,CXpo4Q3VR7I2wErvp1,192.168.1.6,33624.0,192.168.1.4,21.0,tcp,10.719741821289062,116.0,188.0,SF,1.0,1.0,0.0,ShAdDafrF,18.0,1060.0,17.0,1056.0,FTP
1720727765.606076,ClAXUu3jn1p3uEakQ,192.168.1.4,47404.0,192.168.1.1,53.0,udp,0.010071992874145,51.0,112.0,SF,1.0,1.0,0.0,Dd,1.0,79.0,1.0,140.0,DNS
1720729702.229496,CMIgAk1sRujhmtTPq5,192.168.1.6,36742.0,192.168.1.4,21.0,tcp,9.701266050338743,157.0,188.0,SF,1.0,1.0,0.0,ShAdDafrF,18.0,1101.0,17.0,1056.0,FTP
1720728227.400116,CwUtbU2jj2mxwXM1tf,192.168.1.6,34620.0,192.168.1.4,21.0,tcp,10.20493197441101,118.0,188.0,SF,1.0,1.0,0.0,ShAdDafrF,18.0,1062.0,17.0,1056.0,FTP
1720727793.830818,CKIGVZ30XNPAcjSi2,192.168.1.4,47942.0,192.168.1.1,53.0,udp,10.20493197441101,118.0,188.0,SF,1.0,1.0,0.0,ShAdDafrF,18.0,1062.0,17.0,1056.0,DNS
1720727915.21545,Cm5HrS25D5F5Cw9mmf,192.168.1.4,35812.0,162.247.243.39,443.0,tcp,293.5361349582672,2426.0,35620.0,SF,1.0,0.0,0.0,ShADadFfR,29.0,3918.0,34.0,37396.0,HTTPS
1720730533.235357,CvgmOM2ptQUMkid5Mg,192.168.1.4,42232.0,91.189.91.96,80.0,tcp,0.040478944778442,88.0,185.0,SF,1.0,0.0,0.0,ShADdfFa,5.0,356.0,4.0,401.0,HTTP
1720728034.832125,C72VP32Y1uGbS9hq0c,192.168.1.4,53601.0,192.168.1.1,53.0,udp,0.024248123168945,54.0,110.0,SF,1.0,1.0,0.0,Dd,1.0,82.0,1.0,138.0,DNS
1720730995.442536,ChjflO2zsl6omsf5b6,192.168.1.6,44262.0,192.168.1.4,21.0,tcp,10.68752098083496,125.0,188.0,SF,1.0,1.0,0.0,ShAdDafrF,18.0,1069.0,17.0,1056.0,FTP
1720727854.28209,CrJDXk3ZKWlaC70TIb,192.168.1.4,34390.0,192.96.159.127,443.0,tcp,10.68752098083496,125.0,188.0,SF,1.0,1.0,0.0,ShAdDafrF,18.0,1069.0,17.0,1056.0,HTTPS
1720728287.990889,CZMlrW3UDH411vHSCg,192.168.1.6,43510.0,192.168.1.4,21.0,tcp,10.862332820892334,118.0,188.0,SF,1.0,1.0,0.0,ShAdDafrF,18.0,1062.0,17.0,1056.0,FTP
1720731777.854167,CUrbhl484KzWg2KEb4,192.168.1.6,50232.0,192.168.1.4,21.0,tcp,10.085500001907349,154.0,188.0,SF,1.0,1.0,0.0,ShAdDafrF,18.0,1098.0,17.0,1056.0,FTP
1720728245.203657,C8jJuk2JH0GDGsW81g,192.168.1.4,57457.0,192.168.1.1,53.0,udp,10.085500001907349,154.0,188.0,SF,1.0,1.0,0.0,ShAdDafrF,18.0,1098.0,17.0,1056.0,DNS
1720728305.841621,C9tcFE3reOzkoyQP9,192.168.1.4,49097.0,192.168.1.1,53.0,udp,0.015604019165039,42.0,126.0,SF,1.0,1.0,0.0,Dd,1.0,70.0,1.0,154.0,DNS
1720729357.78036,CxtxHL3jKj1GFN6kE9,192.168.1.6,48576.0,192.168.1.4,21.0,tcp,10.555861949920654,114.0,188.0,SF,1.0,1.0,0.0,ShAdDafrF,18.0,1058.0,17.0,1056.0,FTP
1720729693.201451,CLnilDn9375sq0btk,192.168.1.6,36602.0,192.168.1.4,21.0,tcp,9.027863025665283,140.0,188.0,SF,1.0,1.0,0.0,ShAdDafrF,18.0,1084.0,17.0,1056.0,FTP
1720728705.714657,CLGbgA4IqhkGpNvE0j,192.168.1.6,37360.0,192.168.1.4,21.0,tcp,10.212240934371948,144.0,188.0,SF,1.0,1.0,0.0,ShAdDafrF,18.0,1088.0,17.0,1056.0,FTP
1720730767.952325,CTWOwS75yK9ooubZf,192.168.1.6,37064.0,192.168.1.4,21.0,tcp,10.380813837051392,127.0,188.0,SF,1.0,1.0,0.0,ShAdDafrF,18.0,1071.0,17.0,1056.0,FTP
1720728101.002852,CFGtAe3nBdfYhzW9Ch,192.168.1.6,40024.0,192.168.1.4,21.0,tcp,10.022128105163574,118.0,188.0,SF,1.0,1.0,0.0,ShAdDafrF,18.0,1062.0,17.0,1056.0,FTP
1720728034.898265,CHQBLq3Wt3Wj3UGXSk,192.168.1.4,34146.0,31.13.71.7,443.0,tcp,65.1455020904541,3001.0,79107.0,SF,1.0,0.0,0.0,ShADadfF,40.0,5089.0,63.0,82391.0,HTTPS
1720728730.032447,CQSlqz1qg6fMpeDiZ8,192.168.1.6,59648.0,192.168.1.4,21.0,tcp,10.087469816207886,133.0,188.0,SF,1.0,1.0,0.0,ShAdDafFr,18.0,1077.0,17.0,1056.0,FTP
1720728096.40323,CxvRd53pMtIIPN3Zm2,192.168.1.4,42618.0,23.212.249.69,443.0,tcp,112.4233729839325,5122.0,8480.0,SF,1.0,0.0,0.0,ShADadFRf,23.0,6302.0,25.0,9788.0,HTTPS
1720727915.501753,CUV8kSUjAcnUMP0Fh,192.168.1.4,49806.0,192.168.1.1,53.0,udp,112.4233729839325,5122.0,8480.0,SF,1.0,0.0,0.0,ShADadFRf,23.0,6302.0,25.0,9788.0,DNS
1720727876.17284,CPFjM6wN0o0ufudza,192.168.1.6,46340.0,192.168.1.4,21.0,tcp,9.04385781288147,117.0,188.0,SF,1.0,1.0,0.0,ShAdDafrF,18.0,1061.0,17.0,1056.0,FTP
1720731486.574437,ClMj254w6Iii3Zk1v1,192.168.1.6,60732.0,192.168.1.4,21.0,tcp,9.889660120010376,177.0,188.0,SF,1.0,1.0,0.0,ShAdDafFr,18.0,1121.0,17.0,1056.0,FTP
1720727884.443845,CUQGKa3P5DCjAyy5Ni,192.168.1.4,50394.0,104.18.32.90,443.0,tcp,9.889660120010376,177.0,188.0,SF,1.0,1.0,0.0,ShAdDafFr,18.0,1121.0,17.0,1056.0,HTTPS
1720728654.358129,Cbw7Iw4PbtIjudb5dh,192.168.1.6,57774.0,192.168.1.4,21.0,tcp,11.051029920578005,136.0,188.0,SF,1.0,1.0,0.0,ShAdDafFr,18.0,1080.0,17.0,1056.0,FTP
1720728404.0102,CZLWCDeI0rRZPB6gb,192.168.1.6,38476.0,192.168.1.4,21.0,tcp,10.974111080169678,116.0,188.0,SF,1.0,1.0,0.0,ShAdDafFr,18.0,1060.0,17.0,1056.0,FTP
1720728154.595056,CvhxIh3YXMgPqyiFz1,192.168.1.4,53830.0,23.212.144.156,443.0,tcp,54.18412685394287,14497.0,57083.0,SF,1.0,0.0,0.0,ShADadTFRf,44.0,17155.0,54.0,59911.0,HTTPS
1720728305.201997,CAGzSX19LD6xOGocub,192.168.1.4,46156.0,45.60.73.20,443.0,tcp,54.18412685394287,14497.0,57083.0,SF,1.0,0.0,0.0,ShADadTFRf,44.0,17155.0,54.0,59911.0,HTTPS
1720730020.407217,CUyGSSVgV3ba82EP9,192.168.1.6,51588.0,192.168.1.4,21.0,tcp,9.99658203125,128.0,188.0,SF,1.0,1.0,0.0,ShAdDafrF,18.0,1072.0,17.0,1056.0,FTP
1720731672.811664,CYPFXRTXQJ29zj8A6,192.168.1.6,43496.0,192.168.1.4,21.0,tcp,10.49442195892334,157.0,188.0,SF,1.0,1.0,0.0,ShAdDafrF,18.0,1101.0,17.0,1056.0,FTP
1720727916.504302,Cd6R1D1T4UHBy4gwcb,192.168.1.4,46858.0,142.250.65.161,443.0,tcp,240.26058387756348,2723.0,12171.0,SF,1.0,0.0,0.0,ShADadFf,24.0,3979.0,24.0,13427.0,HTTPS
1720728035.231086,CIpfmwGQbXVRBKMB9,192.168.1.4,59678.0,13.107.42.14,443.0,tcp,240.26058387756348,2723.0,12171.0,SF,1.0,0.0,0.0,ShADadFf,24.0,3979.0,24.0,13427.0,HTTPS
1720730733.145203,C6f4QsUEdUUsdBLPg,192.168.1.6,52446.0,192.168.1.4,21.0,tcp,9.978948831558228,124.0,188.0,SF,1.0,1.0,0.0,ShAdDafrF,18.0,1068.0,17.0,1056.0,FTP
1720729092.251833,Cmu68N2v4Cw5FIORg,192.168.1.6,50612.0,192.168.1.4,21.0,tcp,11.136724948883057,119.0,188.0,SF,1.0,1.0,0.0,ShAdDafrF,18.0,1063.0,17.0,1056.0,FTP
1720729248.624535,C5ryu84AFHyEEj0w44,192.168.1.6,43968.0,192.168.1.4,21.0,tcp,9.848914861679075,141.0,188.0,SF,1.0,1.0,0.0,ShAdDafrF,18.0,1085.0,17.0,1056.0,FTP
1720727884.504071,CowL8P1hSI2bd8wm16,192.168.1.4,34767.0,192.168.1.1,53.0,udp,0.024451971054077,43.0,247.0,SF,1.0,1.0,0.0,Dd,1.0,71.0,1.0,275.0,DNS
1720730071.66055,CF9aaR1xT7EhdHf852,192.168.1.6,51318.0,192.168.1.4,21.0,tcp,9.65771198272705,129.0,188.0,SF,1.0,1.0,0.0,ShAdDafrF,18.0,1073.0,17.0,1056.0,FTP
1720730270.819613,Ca5XMN2bDWy4hrLgqf,192.168.1.6,45414.0,192.168.1.4,21.0,tcp,10.411890983581545,124.0,188.0,SF,1.0,1.0,0.0,ShAdDafrF,18.0,1068.0,17.0,1056.0,FTP
1720728096.254018,CdMdIwVjbITZOnKn5,192.168.1.6,39926.0,192.168.1.4,21.0,tcp,9.937518835067747,118.0,188.0,SF,1.0,1.0,0.0,ShAdDafFr,18.0,1062.0,17.0,1056.0,FTP
1720728130.123438,C1rNRn4juh1sMW3FPa,192.168.1.6,46916.0,192.168.1.4,21.0,tcp,9.650070190429688,117.0,188.0,SF,1.0,1.0,0.0,ShAdDafrF,18.0,1061.0,17.0,1056.0,FTP
1720729759.717357,CFzRjt4kWWvQUdlytb,192.168.1.6,43648.0,192.168.1.4,21.0,tcp,9.64359211921692,120.0,188.0,RSTR,1.0,1.0,0.0,ShAdDafr,17.0,1012.0,16.0,1016.0,FTP
1720731225.877922,CmFsR74vqqCZycoOxf,192.168.1.6,48646.0,192.168.1.4,21.0,tcp,10.201022863388062,116.0,188.0,SF,1.0,1.0,0.0,ShAdDafrF,18.0,1060.0,17.0,1056.0,FTP
1720731544.924372,C94iJ232FbBFtJDWMf,192.168.1.6,39704.0,192.168.1.4,21.0,tcp,9.78019404411316,142.0,188.0,SF,1.0,1.0,0.0,ShAdDafrF,18.0,1086.0,17.0,1056.0,FTP
1720728245.256193,CLDKVfFgPSJt2Ijli,192.168.1.4,51564.0,192.168.1.1,53.0,udp,0.007686138153076,62.0,62.0,SF,1.0,1.0,0.0,Dd,1.0,90.0,1.0,90.0,DNS
1720731159.018116,Cx0hk51VDpBVAfxf4l,192.168.1.6,59926.0,192.168.1.4,21.0,tcp,8.80178689956665,106.0,188.0,SF,1.0,1.0,0.0,ShAdDafrF,18.0,1050.0,17.0,1056.0,FTP
1720727915.243879,CaZ94d1RGjXNWA8OM8,192.168.1.4,56966.0,34.120.195.249,443.0,tcp,8.80178689956665,106.0,188.0,SF,1.0,1.0,0.0,ShAdDafrF,18.0,1050.0,17.0,1056.0,HTTPS
1720730130.647421,CnXmUL1LetPxGYwuW9,192.168.1.6,52800.0,192.168.1.4,21.0,tcp,10.763461112976074,118.0,188.0,SF,1.0,1.0,0.0,ShAdDafrF,18.0,1062.0,17.0,1056.0,FTP
1720729006.99372,CQdH7tUqSq5L5eiT7,192.168.1.6,33874.0,192.168.1.4,21.0,tcp,10.652288913726808,120.0,188.0,SF,1.0,1.0,0.0,ShAdDafFr,18.0,1064.0,17.0,1056.0,FTP
1720729259.00165,CqeNvq6ugSkpePAa,192.168.1.6,54518.0,192.168.1.4,21.0,tcp,10.572414875030518,124.0,188.0,SF,1.0,1.0,0.0,ShAdDafrF,18.0,1068.0,17.0,1056.0,FTP
1720728186.46772,CdqAoK2j1AgWLCJ8mk,192.168.1.4,56091.0,192.168.1.1,53.0,udp,10.572414875030518,124.0,188.0,SF,1.0,1.0,0.0,ShAdDafrF,18.0,1068.0,17.0,1056.0,DNS
1720731707.755045,CfmlpEVZ55IwigTfj,192.168.1.6,52918.0,192.168.1.4,21.0,tcp,10.701637983322144,165.0,188.0,SF,1.0,1.0,0.0,ShAdDafrF,18.0,1109.0,17.0,1056.0,FTP
1720728091.432415,C4rBbK25UdOsFJP5z4,192.168.1.6,35150.0,192.168.1.4,21.0,tcp,9.517301082611084,117.0,188.0,SF,1.0,1.0,0.0,ShAdDafrF,18.0,1061.0,17.0,1056.0,FTP
1720728052.994518,CSIEzo32gQevfnqbH4,192.168.1.6,46014.0,192.168.1.4,21.0,tcp,9.592557907104492,118.0,188.0,SF,1.0,1.0,0.0,ShAdDafrF,18.0,1062.0,17.0,1056.0,FTP
1720727927.075068,CT3Xdj4YCKluv4Aee5,192.168.1.6,34056.0,192.168.1.4,21.0,tcp,10.055824995040894,117.0,188.0,SF,1.0,1.0,0.0,ShAdDafrF,18.0,1061.0,17.0,1056.0,FTP
1720727825.370241,CmB07q1hnZ39ZDTx0b,192.168.1.4,60165.0,142.250.80.110,443.0,tcp,10.055824995040894,117.0,188.0,SF,1.0,1.0,0.0,ShAdDafrF,18.0,1061.0,17.0,1056.0,HTTPS
1720730617.38072,CFQYMjzZdYVote8h2,192.168.1.6,38924.0,192.168.1.4,21.0,tcp,11.001557111740112,131.0,188.0,SF,1.0,1.0,0.0,ShAdDafrF,18.0,1075.0,17.0,1056.0,FTP
1720728219.935584,Ctjy2Q29m2M19jeBPj,192.168.1.4,52666.0,192.168.1.1,53.0,udp,11.001557111740112,131.0,188.0,SF,1.0,1.0,0.0,ShAdDafrF,18.0,1075.0,17.0,1056.0,DNS
1720729660.854099,CNqPtyP21xiQIxwT3,192.168.1.6,55816.0,192.168.1.4,21.0,tcp,9.533231019973757,156.0,188.0,SF,1.0,1.0,0.0,ShAdDafrF,18.0,1100.0,17.0,1056.0,FTP
1720728985.814594,C4wqyf4iKrTiZ1xYQ3,192.168.1.6,34026.0,192.168.1.4,21.0,tcp,10.527978897094728,124.0,188.0,SF,1.0,1.0,0.0,ShAdDafrF,18.0,1068.0,17.0,1056.0,FTP
1720728155.264066,CvHjd11pjasSQbk719,192.168.1.4,36922.0,192.168.1.1,53.0,udp,0.026083946228027,48.0,179.0,SF,1.0,1.0,0.0,Dd,1.0,76.0,1.0,207.0,DNS
1720729213.111728,CvHnhKVSxTzVrX6S,192.168.1.6,40124.0,192.168.1.4,21.0,tcp,9.825184106826782,131.0,188.0,SF,1.0,1.0,0.0,ShAdDafFr,18.0,1075.0,17.0,1056.0,FTP
1720727973.845656,Cz7Urn2dOM8McBwytl,192.168.1.4,41879.0,192.168.1.1,53.0,udp,9.825184106826782,131.0,188.0,SF,1.0,1.0,0.0,ShAdDafFr,18.0,1075.0,17.0,1056.0,DNS
1720728592.261796,C4UfQI1aV1TXyIeA88,192.168.1.6,45308.0,192.168.1.4,21.0,tcp,10.733258962631226,115.0,188.0,SF,1.0,1.0,0.0,ShAdDafrF,18.0,1059.0,17.0,1056.0,FTP
1720728684.785001,ChQWpp2INy5IwZgwM2,192.168.1.6,55054.0,192.168.1.4,21.0,tcp,10.55440902709961,137.0,188.0,SF,1.0,1.0,0.0,ShAdDafrF,18.0,1081.0,17.0,1056.0,FTP
1720727915.064001,CtjPxc2O2t3K96LMQ1,192.168.1.4,58924.0,192.168.1.1,53.0,udp,10.55440902709961,137.0,188.0,SF,1.0,1.0,0.0,ShAdDafrF,18.0,1081.0,17.0,1056.0,DNS
1720728306.019036,CUvhHP2KS6m7Uic8T6,192.168.1.4,47087.0,192.168.1.1,53.0,udp,0.009671926498413,42.0,99.0,SF,1.0,1.0,0.0,Dd,1.0,70.0,1.0,127.0,DNS
1720728475.24457,C6MImt1Zb1A6YGCLmc,192.168.1.6,53148.0,192.168.1.4,21.0,tcp,10.325128078460692,118.0,188.0,SF,1.0,1.0,0.0,ShAdDafrF,18.0,1062.0,17.0,1056.0,FTP
1720731244.100393,Cf0NKw4D5Xu5p4WYbe,192.168.1.6,36250.0,192.168.1.4,21.0,tcp,9.951786994934082,140.0,188.0,SF,1.0,1.0,0.0,ShAdDafrF,18.0,1084.0,17.0,1056.0,FTP
1720728096.38902,CioIKn2i5Osmrmjeg5,192.168.1.4,39797.0,192.168.1.1,53.0,udp,0.020836114883422,56.0,315.0,SF,1.0,1.0,0.0,Dd,1.0,84.0,1.0,343.0,DNS
1720729951.547975,Cc1loX2SWXIrCGzQmd,192.168.1.6,56122.0,192.168.1.4,21.0,tcp,9.710907936096191,123.0,188.0,SF,1.0,1.0,0.0,ShAdDafrF,18.0,1067.0,17.0,1056.0,FTP
1720728095.036897,C0zU9i1F3moiy4EEU7,192.168.1.4,47888.0,192.168.1.1,53.0,udp,0.003829002380371,49.0,127.0,SF,1.0,1.0,0.0,Dd,1.0,77.0,1.0,155.0,DNS
1720728911.734941,CyUMpOVxMmssIOY1c,192.168.1.6,43530.0,192.168.1.4,21.0,tcp,9.71401309967041,177.0,188.0,SF,1.0,1.0,0.0,ShAdDafFr,18.0,1121.0,17.0,1056.0,FTP
1720728155.752244,CoisDu1fTgnUj15mQe,192.168.1.4,48970.0,192.168.1.1,53.0,udp,9.71401309967041,177.0,188.0,SF,1.0,1.0,0.0,ShAdDafFr,18.0,1121.0,17.0,1056.0,DNS
1720728245.105775,CWPAtT2JDZmVqyxtzd,192.168.1.4,45615.0,192.168.1.1,53.0,udp,0.032780885696411,46.0,466.0,SF,1.0,1.0,0.0,Dd,1.0,74.0,1.0,494.0,DNS
1720728096.467708,CqWjaGjIpUPRJhTOb,192.168.1.4,33827.0,192.168.1.1,53.0,udp,0.032780885696411,46.0,466.0,SF,1.0,1.0,0.0,Dd,1.0,74.0,1.0,494.0,DNS
1720730454.620363,CYPdfh94qQYjVTlGb,192.168.1.6,42124.0,192.168.1.4,21.0,tcp,10.195902109146118,126.0,188.0,SF,1.0,1.0,0.0,ShAdDafrF,18.0,1070.0,17.0,1056.0,FTP
1720731148.45163,ClzvokEnn1JDJpQc,192.168.1.6,58640.0,192.168.1.4,21.0,tcp,10.54393196105957,108.0,188.0,SF,1.0,1.0,0.0,ShAdDafrF,18.0,1052.0,17.0,1056.0,FTP
1720728062.587183,CvyfbYK3a2jjNvv8f,192.168.1.6,46154.0,192.168.1.4,21.0,tcp,9.118974924087524,118.0,188.0,SF,1.0,1.0,0.0,ShAdDafFr,18.0,1062.0,17.0,1056.0,FTP
1720728305.150944,CdWmAa17UEZnVt0PGf,192.168.1.4,49165.0,192.168.1.1,53.0,udp,9.118974924087524,118.0,188.0,SF,1.0,1.0,0.0,ShAdDafFr,18.0,1062.0,17.0,1056.0,DNS
1720728124.596682,C1dIzi1n7mrXlI4B3h,192.168.1.4,40035.0,192.168.1.1,53.0,udp,0.022853851318359,46.0,130.0,SF,1.0,1.0,0.0,Dd,1.0,74.0,1.0,158.0,DNS
1720727786.644971,CVeiniWhbcr1XwTB9,192.168.1.4,39190.0,104.96.221.57,443.0,udp,0.022853851318359,46.0,130.0,SF,1.0,1.0,0.0,Dd,1.0,74.0,1.0,158.0,HTTPS
1720730489.303244,CM7OHW2gJPmBBUDWHd,192.168.1.6,48728.0,192.168.1.4,21.0,tcp,9.539461851119995,120.0,188.0,SF,1.0,1.0,0.0,ShAdDafFr,18.0,1064.0,17.0,1056.0,FTP
1720730519.390117,Cx0wCl4Oqh1JfSdD5j,192.168.1.6,46322.0,192.168.1.4,21.0,tcp,10.166954040527344,124.0,188.0,SF,1.0,1.0,0.0,ShAdDafFr,18.0,1068.0,17.0,1056.0,FTP
1720728034.854908,CpyzOm2Z7RORC15k1d,192.168.1.4,58160.0,192.229.163.25,443.0,tcp,10.166954040527344,124.0,188.0,SF,1.0,1.0,0.0,ShAdDafFr,18.0,1068.0,17.0,1056.0,HTTPS
1720728414.665427,CEkawG3d43kNXU6Qfe,192.168.1.6,47018.0,192.168.1.4,21.0,tcp,10.837818145751951,118.0,188.0,SF,1.0,1.0,0.0,ShAdDafrF,18.0,1062.0,17.0,1056.0,FTP
1720728432.867647,CNehEF40xz1H8i3W21,192.168.1.6,50562.0,192.168.1.4,21.0,tcp,9.775984048843384,118.0,188.0,SF,1.0,1.0,0.0,ShAdDafrF,18.0,1062.0,17.0,1056.0,FTP
1720728750.54076,CA2ZRx4eRnFdV4exI5,192.168.1.6,54196.0,192.168.1.4,21.0,tcp,10.60868000984192,128.0,188.0,SF,1.0,1.0,0.0,ShAdDafFr,18.0,1072.0,17.0,1056.0,FTP
1720728219.939829,CQjvhw4W3BgmlMzqY8,192.168.1.4,49957.0,192.168.1.1,53.0,udp,10.60868000984192,128.0,188.0,SF,1.0,1.0,0.0,ShAdDafFr,18.0,1072.0,17.0,1056.0,DNS
1720728378.19914,CGvjsm2mtR3E3VSXee,192.168.1.6,56910.0,192.168.1.4,21.0,tcp,11.054764986038208,118.0,188.0,SF,1.0,1.0,0.0,ShAdDafrF,18.0,1062.0,17.0,1056.0,FTP
1720728948.01401,Ceqc0bR29NzQXx4Be,192.168.1.6,37598.0,192.168.1.4,21.0,tcp,9.230921030044556,125.0,188.0,SF,1.0,1.0,0.0,ShAdDafrF,18.0,1069.0,17.0,1056.0,FTP
1720728275.585309,CLwd0F2PXx8QB8cank,192.168.1.4,40724.0,192.168.1.1,53.0,udp,9.230921030044556,125.0,188.0,SF,1.0,1.0,0.0,ShAdDafrF,18.0,1069.0,17.0,1056.0,DNS
1720727795.663343,CNpnKL19xDLdTLNcs1,192.168.1.6,57474.0,192.168.1.4,21.0,tcp,9.748088121414185,118.0,188.0,SF,1.0,1.0,0.0,ShAdDafrF,18.0,1062.0,17.0,1056.0,FTP
1720728096.49761,Cm7iFv3odeMFsqiQw3,192.168.1.4,47275.0,142.251.41.10,443.0,tcp,9.748088121414185,118.0,188.0,SF,1.0,1.0,0.0,ShAdDafrF,18.0,1062.0,17.0,1056.0,HTTPS
1720729535.841483,C5ln3g39yvd1FmMap8,192.168.1.6,37704.0,192.168.1.4,21.0,tcp,10.384031772613524,143.0,188.0,SF,1.0,1.0,0.0,ShAdDafrF,18.0,1087.0,17.0,1056.0,FTP
1720727801.763666,CxMCaj3AO5bqct6GSl,192.168.1.6,57578.0,192.168.1.4,21.0,tcp,10.238357067108154,118.0,188.0,SF,1.0,1.0,0.0,ShAdDafrF,18.0,1062.0,17.0,1056.0,FTP
1720728245.157302,CsUlF12cS7q0Elko6,192.168.1.4,44011.0,192.168.1.1,53.0,udp,10.238357067108154,118.0,188.0,SF,1.0,1.0,0.0,ShAdDafrF,18.0,1062.0,17.0,1056.0,DNS
1720731177.83185,CGjBSh3bQcl04FTSD5,192.168.1.6,44664.0,192.168.1.4,21.0,tcp,9.94013786315918,116.0,188.0,SF,1.0,1.0,0.0,ShAdDafFr,18.0,1060.0,17.0,1056.0,FTP
1720728040.921263,Cy2os833zZvnQad499,192.168.1.6,56504.0,192.168.1.4,21.0,tcp,9.998919010162354,118.0,188.0,SF,1.0,1.0,0.0,ShAdDafrF,18.0,1062.0,17.0,1056.0,FTP
1720731187.79303,C4vUc73rPLom1ZOnCg,192.168.1.6,49008.0,192.168.1.4,21.0,tcp,10.06585693359375,111.0,188.0,SF,1.0,1.0,0.0,ShAdDafFr,18.0,1055.0,17.0,1056.0,FTP
1720728009.448908,ChxGyi2nStFdeO6wh8,192.168.1.4,44171.0,142.250.81.238,443.0,udp,0.105763912200927,7763.0,10498.0,SF,1.0,0.0,0.0,Dd,16.0,8211.0,17.0,10974.0,HTTPS
1720731148.485796,C1HHvC12HkQZqL0Ss8,192.168.1.6,58656.0,192.168.1.4,21.0,tcp,10.551640033721924,108.0,188.0,SF,1.0,1.0,0.0,ShAdDafrF,18.0,1052.0,17.0,1056.0,FTP
1720728245.070361,CeY0eA2I5E8mbMsHc7,192.168.1.4,54340.0,192.168.1.1,53.0,udp,0.032443046569824,42.0,431.0,SF,1.0,1.0,0.0,Dd,1.0,70.0,1.0,459.0,DNS
1720730103.320999,Cq2HR62Rf4lXOiVdK2,192.168.1.6,50286.0,192.168.1.4,21.0,tcp,10.810405015945436,134.0,188.0,SF,1.0,1.0,0.0,ShAdDafFr,18.0,1078.0,17.0,1056.0,FTP
1720728452.771097,C29zIL2XLyjL52Fwvb,192.168.1.6,37960.0,192.168.1.4,21.0,tcp,9.349670171737673,118.0,188.0,SF,1.0,1.0,0.0,ShAdDafFr,18.0,1062.0,17.0,1056.0,FTP
1720729983.866124,CzoaWdF1XoGnD46z5,192.168.1.6,44480.0,192.168.1.4,21.0,tcp,11.492658138275146,117.0,188.0,SF,1.0,1.0,0.0,ShAdDafrF,18.0,1061.0,17.0,1056.0,FTP
1720731433.317308,CzT5SHHGPXK1V2zzg,192.168.1.4,60556.0,185.125.190.96,80.0,tcp,11.492658138275146,117.0,188.0,SF,1.0,1.0,0.0,ShAdDafrF,18.0,1061.0,17.0,1056.0,HTTP
1720728185.115838,CVHZeg2scUeHIjef4,192.168.1.4,60919.0,192.168.1.1,53.0,udp,11.492658138275146,117.0,188.0,SF,1.0,1.0,0.0,ShAdDafrF,18.0,1061.0,17.0,1056.0,DNS
1720729158.112048,C5u8WO3DU0zIhXrRwb,192.168.1.6,45832.0,192.168.1.4,21.0,tcp,9.172377109527588,116.0,188.0,SF,1.0,1.0,0.0,ShAdDafrF,18.0,1060.0,17.0,1056.0,FTP
1720730708.576482,CjD4fX36IdNTzA1WI2,192.168.1.6,57648.0,192.168.1.4,21.0,tcp,9.528971910476685,128.0,188.0,SF,1.0,1.0,0.0,ShAdDafrF,18.0,1072.0,17.0,1056.0,FTP
1720729936.843345,CLFdC63ZQMyO1bd9Wb,192.168.1.6,47740.0,192.168.1.4,21.0,tcp,9.86639404296875,144.0,188.0,SF,1.0,1.0,0.0,ShAdDafrF,18.0,1088.0,17.0,1056.0,FTP
1720728531.997468,CaDfqKK4DcaI4OEt4,192.168.1.6,54586.0,192.168.1.4,21.0,tcp,9.536782026290894,117.0,188.0,SF,1.0,1.0,0.0,ShAdDafrF,18.0,1061.0,17.0,1056.0,FTP
1720730195.262773,Cc2QYH1RGfxlWK8Xwl,192.168.1.6,45096.0,192.168.1.4,21.0,tcp,10.732414960861206,119.0,188.0,SF,1.0,1.0,0.0,ShAdDafrF,18.0,1063.0,17.0,1056.0,FTP
1720730670.717178,CI0IfV1waC2hsOacM2,192.168.1.6,45684.0,192.168.1.4,21.0,tcp,10.154675006866457,132.0,188.0,SF,1.0,1.0,0.0,ShAdDafFr,18.0,1076.0,17.0,1056.0,FTP
1720731690.131096,CSxQvH1f4V7uXGRfH5,192.168.1.6,52644.0,192.168.1.4,21.0,tcp,10.7812762260437,166.0,188.0,SF,1.0,1.0,0.0,ShAdDafrF,18.0,1110.0,17.0,1056.0,FTP
1720730533.009373,CrgOIB2akLPCXbRc0g,192.168.1.6,58664.0,192.168.1.4,21.0,tcp,10.26492714881897,124.0,188.0,SF,1.0,1.0,0.0,ShAdDafrF,18.0,1068.0,17.0,1056.0,FTP
1720731222.588514,CEnPPP2zfa87R42dYc,192.168.1.6,52004.0,192.168.1.4,21.0,tcp,10.508157014846802,121.0,188.0,SF,1.0,1.0,0.0,ShAdDafFr,18.0,1065.0,17.0,1056.0,FTP
1720730064.418409,CF3nmx1pzKgJBqi6oh,192.168.1.6,51220.0,192.168.1.4,21.0,tcp,9.77514386177063,132.0,188.0,SF,1.0,1.0,0.0,ShAdDafrF,18.0,1076.0,17.0,1056.0,FTP
1720728642.445209,CMWHIS13Isvk3RctTc,192.168.1.6,45582.0,192.168.1.4,21.0,tcp,10.792958974838257,136.0,188.0,SF,1.0,1.0,0.0,ShAdDafrF,18.0,1080.0,17.0,1056.0,FTP
1720727781.87912,C3BQ5k1RK85M3X3Wol,192.168.1.6,35322.0,192.168.1.4,21.0,tcp,10.464975833892822,118.0,188.0,SF,1.0,1.0,0.0,ShAdDafFr,18.0,1062.0,17.0,1056.0,FTP
1720728275.827785,CuOXwXyZz2cQztNGd,192.168.1.4,54244.0,192.168.1.1,53.0,udp,0.001116037368774,54.0,110.0,SF,1.0,1.0,0.0,Dd,1.0,82.0,1.0,138.0,DNS
1720729423.194468,C7RQ9j1HcSjj12dTQ4,192.168.1.6,47196.0,192.168.1.4,21.0,tcp,9.989486932754517,127.0,188.0,SF,1.0,1.0,0.0,ShAdDafrF,18.0,1071.0,17.0,1056.0,FTP
1720727790.853589,C7Yral316i9jFXJxkb,192.168.1.4,60830.0,192.168.1.1,53.0,udp,9.989486932754517,127.0,188.0,SF,1.0,1.0,0.0,ShAdDafrF,18.0,1071.0,17.0,1056.0,DNS
1720727884.504071,CowL8P1hSI2bd8wm16,192.168.1.4,34767.0,192.168.1.1,53.0,udp,9.989486932754517,127.0,188.0,SF,1.0,1.0,0.0,ShAdDafrF,18.0,1071.0,17.0,1056.0,DNS
1720729408.338116,CPjor52EYL2JLvKapg,192.168.1.6,36828.0,192.168.1.4,21.0,tcp,10.933191061019896,116.0,188.0,SF,1.0,1.0,0.0,ShAdDafrF,18.0,1060.0,17.0,1056.0,FTP
1720730159.39225,CVOpXx3tQamjKq0s9b,192.168.1.6,40606.0,192.168.1.4,21.0,tcp,9.619963884353638,122.0,188.0,SF,1.0,1.0,0.0,ShAdDafrF,18.0,1066.0,17.0,1056.0,FTP
1720730398.277972,CIqRGh1Og3MxJRi5kd,192.168.1.6,33984.0,192.168.1.4,21.0,tcp,9.38911199569702,136.0,188.0,SF,1.0,1.0,0.0,ShAdDafrF,18.0,1080.0,17.0,1056.0,FTP
1720729272.89059,CfGTSW1JU3FCznQEm3,192.168.1.6,34454.0,192.168.1.4,21.0,tcp,9.394277095794678,117.0,188.0,SF,1.0,1.0,0.0,ShAdDafFr,18.0,1061.0,17.0,1056.0,FTP
1720728211.819261,C8GjoLWnhvKn6KmH1,192.168.1.4,54535.0,192.168.1.1,53.0,udp,0.003358840942382,40.0,440.0,SF,1.0,1.0,0.0,Dd,1.0,68.0,1.0,468.0,DNS
1720730495.213621,CRRt664MdZOjloVjEb,192.168.1.6,58704.0,192.168.1.4,21.0,tcp,10.603370189666748,119.0,188.0,SF,1.0,1.0,0.0,ShAdDafrF,18.0,1063.0,17.0,1056.0,FTP
1720727765.643065,CFXFEa1xe9ssv39Nx9,192.168.1.4,40659.0,192.168.1.1,53.0,udp,0.148921966552734,127.0,127.0,SF,1.0,1.0,0.0,Dd,3.0,211.0,3.0,211.0,DNS
1720731583.302192,CTw4KZ3muvBTf5nZD8,192.168.1.6,47582.0,192.168.1.4,21.0,tcp,9.416470050811768,164.0,188.0,SF,1.0,1.0,0.0,ShAdDafrF,18.0,1108.0,17.0,1056.0,FTP
1720727785.19787,CM9yEGjHP8yYIy8Kj,192.168.1.6,45718.0,192.168.1.4,21.0,tcp,10.502572059631348,124.0,188.0,SF,1.0,1.0,0.0,ShAdDafrF,18.0,1068.0,17.0,1056.0,FTP
1720728096.342571,CPDRm6kcCtuO35al7,192.168.1.4,49388.0,54.86.201.83,443.0,tcp,10.502572059631348,124.0,188.0,SF,1.0,1.0,0.0,ShAdDafrF,18.0,1068.0,17.0,1056.0,HTTPS
1720728837.475985,CXIWBo263Xq0gKk7th,192.168.1.6,51716.0,192.168.1.4,21.0,tcp,8.82682490348816,128.0,188.0,SF,1.0,1.0,0.0,ShAdDafFr,18.0,1072.0,17.0,1056.0,FTP
1720728035.556021,CZQ9iDsc8OdZOQwx3,192.168.1.4,56252.0,15.197.193.217,443.0,tcp,60.03861093521118,1950.0,4485.0,RSTO,1.0,0.0,0.0,ShADadfR,10.0,2478.0,13.0,5169.0,HTTPS
1720730078.440494,COUgyx4ps4F82eI2L1,192.168.1.6,40174.0,192.168.1.4,21.0,tcp,9.405962944030762,136.0,188.0,SF,1.0,1.0,0.0,ShAdDafrF,18.0,1080.0,17.0,1056.0,FTP
1720727794.846676,Ce64Tw4E67UScoZIVb,192.168.1.4,38109.0,142.251.40.196,443.0,udp,0.12776494026184,5475.0,9847.0,SF,1.0,0.0,0.0,Dd,11.0,5783.0,13.0,10211.0,HTTPS
1720730118.135581,CKN2hE1lY7gntXkwK1,192.168.1.6,48240.0,192.168.1.4,21.0,tcp,10.524606943130491,136.0,188.0,SF,1.0,1.0,0.0,ShAdDafFr,18.0,1080.0,17.0,1056.0,FTP
1720730383.354362,CMqfWW3ifYv7OYwnLj,192.168.1.6,35116.0,192.168.1.4,21.0,tcp,10.62652587890625,121.0,188.0,SF,1.0,1.0,0.0,ShAdDafFr,18.0,1065.0,17.0,1056.0,FTP
1720730345.711584,C3Zk16zMPUTYRIpYd,192.168.1.6,48952.0,192.168.1.4,21.0,tcp,10.309866905212402,128.0,188.0,SF,1.0,1.0,0.0,ShAdDafrF,18.0,1072.0,17.0,1056.0,FTP
1720728275.812029,CnEPHlxRjLQBB8Toc,192.168.1.4,60625.0,192.168.1.1,53.0,udp,10.309866905212402,128.0,188.0,SF,1.0,1.0,0.0,ShAdDafrF,18.0,1072.0,17.0,1056.0,DNS
1720728186.311284,CDDXSh3NT8I0vIxek1,192.168.1.6,42650.0,192.168.1.4,21.0,tcp,10.037842988967896,118.0,188.0,SF,1.0,1.0,0.0,ShAdDafrF,18.0,1062.0,17.0,1056.0,FTP
1720728912.989608,Cr3PPsOxHHzqiy5df,192.168.1.6,50496.0,192.168.1.4,21.0,tcp,9.46929693222046,169.0,188.0,SF,1.0,1.0,0.0,ShAdDafrF,18.0,1113.0,17.0,1056.0,FTP
1720728245.140319,CjMyVa3BfeQXKMrIdl,192.168.1.4,60458.0,192.168.1.1,53.0,udp,9.46929693222046,169.0,188.0,SF,1.0,1.0,0.0,ShAdDafrF,18.0,1113.0,17.0,1056.0,DNS
1720729317.732819,CQ8nUH1dNfZRpifrY1,192.168.1.6,33564.0,192.168.1.4,21.0,tcp,9.598901987075806,122.0,188.0,SF,1.0,1.0,0.0,ShAdDafFr,18.0,1066.0,17.0,1056.0,FTP
1720727925.554588,CotEKd4uCdgfxuQJd5,192.168.1.4,33638.0,162.247.243.29,443.0,tcp,9.598901987075806,122.0,188.0,SF,1.0,1.0,0.0,ShAdDafFr,18.0,1066.0,17.0,1056.0,HTTPS
1720729188.446948,CXbK3x3rk6DTeQCqe6,192.168.1.6,50172.0,192.168.1.4,21.0,tcp,10.320366859436035,128.0,188.0,SF,1.0,1.0,0.0,ShAdDafrF,18.0,1072.0,17.0,1056.0,FTP
1720727884.886145,CbUcDr4PW6RakhDU8f,192.168.1.4,39302.0,146.75.36.84,443.0,tcp,0.045805931091308,1822.0,5821.0,SF,1.0,0.0,0.0,ShADadFfR,11.0,2378.0,11.0,6401.0,HTTPS
1720727815.539236,C3VcWR2RGdcn1FvYHe,192.168.1.6,44874.0,192.168.1.4,21.0,tcp,9.867735862731934,118.0,188.0,SF,1.0,1.0,0.0,ShAdDafrF,18.0,1062.0,17.0,1056.0,FTP
1720731809.83194,CLLNyumDZGefdyGPh,192.168.1.6,34982.0,192.168.1.4,21.0,tcp,11.18998408317566,144.0,188.0,SF,1.0,1.0,0.0,ShAdDafrF,18.0,1088.0,17.0,1056.0,FTP
1720727944.574694,CdB6lt2mt5jeWVLBa6,192.168.1.4,43187.0,192.168.1.1,53.0,udp,0.038432121276855,50.0,349.0,SF,1.0,1.0,0.0,Dd,1.0,78.0,1.0,377.0,DNS
1720730129.510119,CHXgAB11458amqBQgh,192.168.1.6,52780.0,192.168.1.4,21.0,tcp,9.607134103775024,127.0,188.0,SF,1.0,1.0,0.0,ShAdDafrF,18.0,1071.0,17.0,1056.0,FTP
1720729851.783977,CFm4vek9R4mMXq6ae,192.168.1.6,41868.0,192.168.1.4,21.0,tcp,9.526506900787354,140.0,188.0,SF,1.0,1.0,0.0,ShAdDafrF,18.0,1084.0,17.0,1056.0,FTP
1720730502.328256,C6FFYN1bi7OCEbzZG6,192.168.1.6,58780.0,192.168.1.4,21.0,tcp,10.166734218597412,124.0,188.0,SF,1.0,1.0,0.0,ShAdDafrF,18.0,1068.0,17.0,1056.0,FTP
1720730646.919093,CujLDd3kOElbqwrhP1,192.168.1.6,32924.0,192.168.1.4,21.0,tcp,10.278075218200684,133.0,188.0,SF,1.0,1.0,0.0,ShAdDafrF,18.0,1077.0,17.0,1056.0,FTP
1720727854.232821,CzD3ZT18kN4jGRouW6,192.168.1.4,38386.0,192.168.1.1,53.0,udp,10.278075218200684,133.0,188.0,SF,1.0,1.0,0.0,ShAdDafrF,18.0,1077.0,17.0,1056.0,DNS
1720730443.50742,CWNlgF41tlXekYp8T3,192.168.1.6,44092.0,192.168.1.4,21.0,tcp,9.186774969100952,127.0,188.0,SF,1.0,1.0,0.0,ShAdDafFr,18.0,1071.0,17.0,1056.0,FTP
1720729345.732151,CKXDGb48yiDAmoH5V,192.168.1.6,32884.0,192.168.1.4,21.0,tcp,10.60459589958191,115.0,188.0,SF,1.0,1.0,0.0,ShAdDafrF,18.0,1059.0,17.0,1056.0,FTP
1720727765.865917,CRZfMqzEJjSzf94z4,192.168.1.4,44958.0,192.168.1.1,53.0,udp,10.60459589958191,115.0,188.0,SF,1.0,1.0,0.0,ShAdDafrF,18.0,1059.0,17.0,1056.0,DNS
1720728095.263245,CwhOzD3IK9eaVcAbP2,192.168.1.4,52049.0,192.168.1.1,53.0,udp,10.60459589958191,115.0,188.0,SF,1.0,1.0,0.0,ShAdDafrF,18.0,1059.0,17.0,1056.0,DNS
1720730582.007674,C89Hhf3etW5fxsdrJf,192.168.1.6,39574.0,192.168.1.4,21.0,tcp,9.832886934280396,124.0,188.0,SF,1.0,1.0,0.0,ShAdDafFr,18.0,1068.0,17.0,1056.0,FTP
1720730506.509483,Cb0sfla1wL6P6brwe,192.168.1.6,60860.0,192.168.1.4,21.0,tcp,9.673012018203735,128.0,188.0,SF,1.0,1.0,0.0,ShAdDafrF,18.0,1072.0,17.0,1056.0,FTP
1720728126.101655,CZIsXv4vKZ2vnvKtJ7,192.168.1.4,33705.0,192.168.1.1,53.0,udp,9.673012018203735,128.0,188.0,SF,1.0,1.0,0.0,ShAdDafrF,18.0,1072.0,17.0,1056.0,DNS
1720731814.189559,CLCtf3M1lAaV9Qflb,192.168.1.6,42294.0,192.168.1.4,21.0,tcp,9.374802112579346,170.0,188.0,SF,1.0,1.0,0.0,ShAdDafrF,18.0,1114.0,17.0,1056.0,FTP
1720731524.080504,ClCVbq1zakoVRigiFa,192.168.1.6,46464.0,192.168.1.4,21.0,tcp,10.116563081741331,153.0,188.0,SF,1.0,1.0,0.0,ShAdDafrF,18.0,1097.0,17.0,1056.0,FTP
1720727914.032447,CePrFifTHLJlQfLc2,192.168.1.4,56324.0,192.168.1.1,53.0,udp,10.116563081741331,153.0,188.0,SF,1.0,1.0,0.0,ShAdDafrF,18.0,1097.0,17.0,1056.0,DNS
1720730667.157353,CtRFiQgpEdfn5b609,192.168.1.6,45600.0,192.168.1.4,21.0,tcp,9.17977213859558,122.0,188.0,SF,1.0,1.0,0.0,ShAdDafrF,18.0,1066.0,17.0,1056.0,FTP
1720730763.099455,COjHGo2erShFk8XCG4,192.168.1.6,37046.0,192.168.1.4,21.0,tcp,9.37407398223877,123.0,188.0,SF,1.0,1.0,0.0,ShAdDafrF,18.0,1067.0,17.0,1056.0,FTP
1720728227.258163,CIAhme1GnZ8S0qjDH3,192.168.1.6,34614.0,192.168.1.4,21.0,tcp,10.22571897506714,118.0,188.0,SF,1.0,1.0,0.0,ShAdDafrF,18.0,1062.0,17.0,1056.0,FTP
1720729249.756754,Cbly364irYLPGI4THg,192.168.1.6,43994.0,192.168.1.4,21.0,tcp,9.244790077209473,126.0,188.0,SF,1.0,1.0,0.0,ShAdDafrF,18.0,1070.0,17.0,1056.0,FTP
1720728849.063262,CnFH381BcmuVDs96Ji,192.168.1.6,39746.0,192.168.1.4,21.0,tcp,9.717966079711914,124.0,188.0,SF,1.0,1.0,0.0,ShAdDafFr,18.0,1068.0,17.0,1056.0,FTP
1720728305.889993,CYmlO52vCoYh9yzyc,192.168.1.4,50568.0,142.250.72.110,443.0,tcp,45.56015610694885,1872.0,6953.0,SF,1.0,0.0,0.0,ShADadFf,11.0,2452.0,9.0,7429.0,HTTPS
1720728497.820814,CgmPjCLjlY8tbsHvk,192.168.1.6,54846.0,192.168.1.4,21.0,tcp,10.54301404953003,118.0,188.0,SF,1.0,1.0,0.0,ShAdDafrF,18.0,1062.0,17.0,1056.0,FTP
1720728656.229381,CoBxVR1hvSdlMGxoOf,192.168.1.6,57808.0,192.168.1.4,21.0,tcp,10.54974102973938,134.0,188.0,SF,1.0,1.0,0.0,ShAdDafrF,18.0,1078.0,17.0,1056.0,FTP
1720729709.708151,CqLqAF2O9aFKhCnuoc,192.168.1.6,47978.0,192.168.1.4,21.0,tcp,10.041823863983154,113.0,188.0,SF,1.0,1.0,0.0,ShAdDafrF,18.0,1057.0,17.0,1056.0,FTP
1720728125.056764,C6bNbM3r4NojFmQFh,192.168.1.4,34271.0,192.168.1.1,53.0,udp,0.076888084411621,50.0,199.0,SF,1.0,1.0,0.0,Dd,1.0,78.0,1.0,227.0,DNS
1720728708.849449,C9LKnG4zRpjrwvIPjl,192.168.1.6,37474.0,192.168.1.4,21.0,tcp,10.91280198097229,142.0,188.0,SF,1.0,1.0,0.0,ShAdDafFr,18.0,1086.0,17.0,1056.0,FTP
1720729098.741198,CJI2No3QmBqvOFila,192.168.1.6,41630.0,192.168.1.4,21.0,tcp,11.02214288711548,121.0,188.0,SF,1.0,1.0,0.0,ShAdDafFr,18.0,1065.0,17.0,1056.0,FTP
1720727884.777397,CqXSxc2U1p2HwgDi4,192.168.1.4,40386.0,192.168.1.1,53.0,udp,0.00182819366455,53.0,113.0,SF,1.0,1.0,0.0,Dd,1.0,81.0,1.0,141.0,DNS
1720728471.976609,CiGzc73QLkiLBlRVm4,192.168.1.6,41042.0,192.168.1.4,21.0,tcp,9.97471809387207,118.0,188.0,SF,1.0,1.0,0.0,ShAdDafFr,18.0,1062.0,17.0,1056.0,FTP
1720729109.093981,C73OQM1YVmrI3g9jK2,192.168.1.6,46656.0,192.168.1.4,21.0,tcp,10.324604034423828,125.0,188.0,SF,1.0,1.0,0.0,ShAdDafrF,18.0,1069.0,17.0,1056.0,FTP
1720731167.820085,CzPPnXjUSvT1UL5f8,192.168.1.6,41870.0,192.168.1.4,21.0,tcp,9.862397909164429,118.0,188.0,SF,1.0,1.0,0.0,ShAdDafrF,18.0,1062.0,17.0,1056.0,FTP
1720728095.635994,CmlX5W12rjw7HRXYS8,192.168.1.4,60828.0,192.168.1.1,53.0,udp,9.862397909164429,118.0,188.0,SF,1.0,1.0,0.0,ShAdDafrF,18.0,1062.0,17.0,1056.0,DNS
1720728211.820065,C0mPe72HJLgixCcp98,192.168.1.4,60549.0,192.168.1.1,53.0,udp,9.862397909164429,118.0,188.0,SF,1.0,1.0,0.0,ShAdDafrF,18.0,1062.0,17.0,1056.0,DNS
1720727884.871971,CCQGxQ12S4ReDkQTl7,192.168.1.4,59917.0,192.168.1.1,53.0,udp,0.022515058517456,45.0,249.0,SF,1.0,1.0,0.0,Dd,1.0,73.0,1.0,277.0,DNS
1720730371.101323,Cy2WWa4lEs076YiVqc,192.168.1.6,44890.0,192.168.1.4,21.0,tcp,10.34496808052063,115.0,188.0,SF,1.0,1.0,0.0,ShAdDafrF,18.0,1059.0,17.0,1056.0,FTP
1720730505.81716,CcPLCkpSiswNNLKZ9,192.168.1.6,60840.0,192.168.1.4,21.0,tcp,9.857391119003296,133.0,188.0,SF,1.0,1.0,0.0,ShAdDafrF,18.0,1077.0,17.0,1056.0,FTP
1720731058.029059,C6XLbV2zHu6THkZ4F5,192.168.1.6,56172.0,192.168.1.4,21.0,tcp,10.329429149627686,138.0,188.0,SF,1.0,1.0,0.0,ShAdDafrF,18.0,1082.0,17.0,1056.0,FTP
1720731652.241359,CpUDX41wimghUzcKUf,192.168.1.6,40758.0,192.168.1.4,21.0,tcp,10.316472053527832,143.0,188.0,SF,1.0,1.0,0.0,ShAdDafrF,18.0,1087.0,17.0,1056.0,FTP
1720729441.875758,C6P83J10RRoMx9PYa2,192.168.1.6,51912.0,192.168.1.4,21.0,tcp,10.813369989395142,136.0,188.0,SF,1.0,1.0,0.0,ShAdDafrF,18.0,1080.0,17.0,1056.0,FTP
1720728245.249446,CjSnMM34QPti8E7j1a,192.168.1.4,40272.0,192.168.1.1,53.0,udp,0.006499052047729,58.0,58.0,SF,1.0,1.0,0.0,Dd,1.0,86.0,1.0,86.0,DNS
1720728245.160913,Ciovta3IcMMoLNDRS6,192.168.1.4,46405.0,192.168.1.1,53.0,udp,0.002146959304809,48.0,108.0,SF,1.0,1.0,0.0,Dd,1.0,76.0,1.0,136.0,DNS
1720727854.256839,C2ipD31ZvU9hU58l0a,192.168.1.4,49837.0,192.168.1.1,53.0,udp,0.001770973205566,57.0,144.0,SF,1.0,1.0,0.0,Dd,1.0,85.0,1.0,172.0,DNS
1720727793.937032,CCE2SH39whaRBxTDlb,192.168.1.4,57850.0,44.207.14.248,443.0,tcp,0.044999122619628,1729.0,5584.0,SF,1.0,0.0,0.0,ShADadFRfR,9.0,2181.0,7.0,5956.0,HTTPS
1720730379.809373,COjgdk2gSO8gX2ZaKd,192.168.1.6,33454.0,192.168.1.4,21.0,tcp,10.782122135162354,121.0,188.0,SF,1.0,1.0,0.0,ShAdDafrF,18.0,1065.0,17.0,1056.0,FTP
1720729485.780928,CUE5k52YhuJjNl4nAk,192.168.1.6,55894.0,192.168.1.4,21.0,tcp,9.791128158569336,126.0,188.0,SF,1.0,1.0,0.0,ShAdDafrF,18.0,1070.0,17.0,1056.0,FTP
1720727916.362348,C4u2jr2BwrQhS07jk3,192.168.1.4,45356.0,34.128.128.0,443.0,tcp,9.791128158569336,126.0,188.0,SF,1.0,1.0,0.0,ShAdDafrF,18.0,1070.0,17.0,1056.0,HTTPS
1720731700.912489,Cg7b0neYb4IWr3gS8,192.168.1.6,35584.0,192.168.1.4,21.0,tcp,9.359220027923584,162.0,188.0,SF,1.0,1.0,0.0,ShAdDafrF,18.0,1106.0,17.0,1056.0,FTP
1720728064.568989,CykERbYNiGIOlPeQ7,192.168.1.4,34221.0,192.168.1.1,53.0,udp,0.002918004989624,49.0,320.0,SF,1.0,1.0,0.0,Dd,1.0,77.0,1.0,348.0,DNS
1720728899.695862,CdqFcI3sOaNfpvcdXb,192.168.1.6,35966.0,192.168.1.4,21.0,tcp,9.109516859054564,132.0,188.0,SF,1.0,1.0,0.0,ShAdDafrF,18.0,1076.0,17.0,1056.0,FTP
1720729113.36292,CKsrqe4DfeWwe2X9Fc,192.168.1.6,41680.0,192.168.1.4,21.0,tcp,9.967200994491575,120.0,188.0,SF,1.0,1.0,0.0,ShAdDafrF,18.0,1064.0,17.0,1056.0,FTP
1720727794.671345,CpxNNw37se3w8ygiih,192.168.1.4,56813.0,192.168.1.1,53.0,udp,0.007450103759765,53.0,103.0,SF,1.0,1.0,0.0,Dd,1.0,81.0,1.0,131.0,DNS
1720728061.310715,C9T5Ye2048xDkUarQ5,192.168.1.4,34068.0,192.168.1.1,53.0,udp,0.007450103759765,53.0,103.0,SF,1.0,1.0,0.0,Dd,1.0,81.0,1.0,131.0,DNS
1720727854.031813,C9GrNc3farzVClrGhk,192.168.1.4,35079.0,142.251.32.104,443.0,udp,0.007450103759765,53.0,103.0,SF,1.0,1.0,0.0,IIiiiIhhhHHhH,1.0,81.0,1.0,131.0,HTTPS
1720730078.430117,CJZAFb4MEvQvJEdWq1,192.168.1.6,40164.0,192.168.1.4,21.0,tcp,9.40326714515686,122.0,188.0,SF,1.0,1.0,0.0,ShAdDafrF,18.0,1066.0,17.0,1056.0,FTP
1720727916.082068,CRglzzK7DytpN52qa,192.168.1.6,39944.0,192.168.1.4,21.0,tcp,11.118608951568604,116.0,188.0,SF,1.0,1.0,0.0,ShAdDafFr,18.0,1060.0,17.0,1056.0,FTP
1720731236.434618,CmmhBP1PRvmT9ExoP1,192.168.1.6,35068.0,192.168.1.4,21.0,tcp,9.436016082763672,146.0,188.0,SF,1.0,1.0,0.0,ShAdDafFr,18.0,1090.0,17.0,1056.0,FTP
1720728989.168209,CavsYNdAS6PG2HJAi,192.168.1.6,34074.0,192.168.1.4,21.0,tcp,10.568615913391112,120.0,188.0,SF,1.0,1.0,0.0,ShAdDafrF,18.0,1064.0,17.0,1056.0,FTP
1720731338.990225,Cdsa9S20BUJADAqRtc,192.168.1.6,38372.0,192.168.1.4,21.0,tcp,9.279325008392334,137.0,188.0,SF,1.0,1.0,0.0,ShAdDafFr,18.0,1081.0,17.0,1056.0,FTP
1720728004.869814,CLRXXi4GfH8W4vwhxk,192.168.1.4,49579.0,192.168.1.1,53.0,udp,9.279325008392334,137.0,188.0,SF,1.0,1.0,0.0,ShAdDafFr,18.0,1081.0,17.0,1056.0,DNS
1720731459.675812,C3M2bWYdJdIfQl21g,192.168.1.6,44304.0,192.168.1.4,21.0,tcp,10.225568056106567,142.0,188.0,SF,1.0,1.0,0.0,ShAdDafrF,18.0,1086.0,17.0,1056.0,FTP
1720730887.274428,CpwbIswRmpw5P3723,192.168.1.6,43394.0,192.168.1.4,21.0,tcp,11.088276147842407,130.0,188.0,SF,1.0,1.0,0.0,ShAdDafFr,18.0,1074.0,17.0,1056.0,FTP
1720729432.394363,CFW9eE1pkCVkkTH8Mj,192.168.1.4,33354.0,156.146.36.23,443.0,tcp,10.08028507232666,968.0,4464.0,SF,1.0,0.0,0.0,ShADadFf,19.0,1964.0,19.0,5460.0,HTTPS
1720728130.100742,C9EXwx4WNngyLvO6n,192.168.1.6,46900.0,192.168.1.4,21.0,tcp,9.651948928833008,117.0,188.0,SF,1.0,1.0,0.0,ShAdDafrF,18.0,1061.0,17.0,1056.0,FTP
1720729652.191075,CeIuKe2Ee3TrtU92Xc,192.168.1.6,46138.0,192.168.1.4,21.0,tcp,9.143285989761353,114.0,188.0,SF,1.0,1.0,0.0,ShAdDafrF,18.0,1058.0,17.0,1056.0,FTP
1720730266.767701,CYOPZ13i9hK78zfljl,192.168.1.6,45334.0,192.168.1.4,21.0,tcp,10.713641166687012,128.0,188.0,SF,1.0,1.0,0.0,ShAdDafFr,18.0,1072.0,17.0,1056.0,FTP
1720730138.515605,Cq3Iff20Gs3IZbzap1,192.168.1.6,57476.0,192.168.1.4,21.0,tcp,10.245748043060305,123.0,188.0,SF,1.0,1.0,0.0,ShAdDafrF,18.0,1067.0,17.0,1056.0,FTP
1720730799.090747,CiZlXW1Q3zn2uTicFi,192.168.1.6,47866.0,192.168.1.4,21.0,tcp,9.207399845123293,117.0,188.0,SF,1.0,1.0,0.0,ShAdDafFr,18.0,1061.0,17.0,1056.0,FTP
1720727794.626167,CnNI3y2ZkxvOOVKSch,192.168.1.4,59488.0,142.251.40.130,443.0,tcp,9.207399845123293,117.0,188.0,SF,1.0,1.0,0.0,IIiiiIhhhHH,18.0,1061.0,17.0,1056.0,HTTPS
1720728781.162241,CnVZGz4W3m2dM7dmWl,192.168.1.6,41610.0,192.168.1.4,21.0,tcp,11.026561975479126,125.0,188.0,SF,1.0,1.0,0.0,ShAdDafrF,18.0,1069.0,17.0,1056.0,FTP
1720731909.067181,CnlJLO3dNk4C7mEBX6,192.168.1.6,49972.0,192.168.1.4,21.0,tcp,10.03940200805664,150.0,188.0,SF,1.0,1.0,0.0,ShAdDafrF,18.0,1094.0,17.0,1056.0,FTP
1720731914.602662,CBvCKr49iAEoFHXgR8,192.168.1.6,38516.0,192.168.1.4,21.0,tcp,10.510871887207031,169.0,188.0,SF,1.0,1.0,0.0,ShAdDafrF,18.0,1113.0,17.0,1056.0,FTP
1720728130.234771,CNP31p4QZHqHTKw6Gd,192.168.1.6,46958.0,192.168.1.4,21.0,tcp,9.635977983474731,118.0,188.0,SF,1.0,1.0,0.0,ShAdDafrF,18.0,1062.0,17.0,1056.0,FTP
1720731889.37214,CjfQ7Q3Dxgru6D6Frb,192.168.1.6,59808.0,192.168.1.4,21.0,tcp,9.80496311187744,207.0,188.0,SF,1.0,1.0,0.0,ShAdDafFr,18.0,1151.0,17.0,1056.0,FTP
1720728215.777192,CXyYFx3wSef8S7LL6a,192.168.1.4,46685.0,192.168.1.1,53.0,udp,9.80496311187744,207.0,188.0,SF,1.0,1.0,0.0,ShAdDafFr,18.0,1151.0,17.0,1056.0,DNS
1720728306.013357,CW4Hfr1p8AlRg0pVf,192.168.1.4,43800.0,72.21.81.130,443.0,tcp,45.42800307273865,3196.0,5131.0,SF,1.0,0.0,0.0,ShADadFf,14.0,3932.0,13.0,5815.0,HTTPS
1720731433.233525,CAZIzs2SRrrDvsruEe,192.168.1.4,49570.0,192.168.1.1,53.0,udp,0.000680923461914,58.0,250.0,SF,1.0,1.0,0.0,Dd,1.0,86.0,1.0,278.0,DNS
1720728034.934953,ChKEc8ReCr69shXXb,192.168.1.4,33096.0,192.168.1.1,53.0,udp,0.006806135177612,52.0,215.0,SF,1.0,1.0,0.0,Dd,1.0,80.0,1.0,243.0,DNS
1720727884.287343,Cbal194iL10CFiyjV3,192.168.1.4,49312.0,192.168.1.1,53.0,udp,0.006806135177612,52.0,215.0,SF,1.0,1.0,0.0,Dd,1.0,80.0,1.0,243.0,DNS
1720727823.273745,Ch0xF24vJzxTDM3awd,192.168.1.4,48219.0,192.168.1.1,53.0,udp,0.002300024032592,41.0,99.0,SF,1.0,1.0,0.0,Dd,1.0,69.0,1.0,127.0,DNS
1720728985.586671,CCEsEq1upmWr7DpaJi,192.168.1.6,34018.0,192.168.1.4,21.0,tcp,10.513039827346802,139.0,188.0,SF,1.0,1.0,0.0,ShAdDafrF,18.0,1083.0,17.0,1056.0,FTP
1720727915.706173,CSgTsz43tYvM4nKl78,192.168.1.4,58732.0,31.13.71.36,443.0,tcp,65.07452917098999,2628.0,3138.0,SF,1.0,0.0,0.0,ShADadfF,13.0,3312.0,16.0,3978.0,HTTPS
1720731814.158872,C1WA9D4vVlMH6FBjAi,192.168.1.6,42284.0,192.168.1.4,21.0,tcp,9.37695813179016,159.0,188.0,SF,1.0,1.0,0.0,ShAdDafFr,18.0,1103.0,17.0,1056.0,FTP
1720728219.935584,Ctjy2Q29m2M19jeBPj,192.168.1.4,52666.0,192.168.1.1,53.0,udp,0.002151012420654,51.0,116.0,SF,1.0,1.0,0.0,Dd,1.0,79.0,1.0,144.0,DNS
1720729321.917393,Cl3NkuC9O83M8OOhb,192.168.1.6,33650.0,192.168.1.4,21.0,tcp,9.90793800354004,110.0,188.0,SF,1.0,1.0,0.0,ShAdDafrF,18.0,1054.0,17.0,1056.0,FTP
1720728186.467782,CdWLDt22XAUhYIC1Fa,192.168.1.4,58605.0,192.168.1.1,53.0,udp,9.90793800354004,110.0,188.0,SF,1.0,1.0,0.0,ShAdDafrF,18.0,1054.0,17.0,1056.0,DNS
1720731217.092867,CerhHh3JfcDegmjJ24,192.168.1.6,51946.0,192.168.1.4,21.0,tcp,10.305667161941528,117.0,188.0,SF,1.0,1.0,0.0,ShAdDafrF,18.0,1061.0,17.0,1056.0,FTP
1720727990.595735,C97ZV92mDE84pvB76b,192.168.1.6,48596.0,192.168.1.4,21.0,tcp,10.072230815887451,117.0,188.0,SF,1.0,1.0,0.0,ShAdDafrF,18.0,1061.0,17.0,1056.0,FTP
1720727765.605724,ChMeW94zRWbVKtN6v2,192.168.1.4,42405.0,192.168.1.1,53.0,udp,0.00709581375122,49.0,114.0,SF,1.0,1.0,0.0,Dd,1.0,77.0,1.0,142.0,DNS
1720728124.741899,CLMcWx29X6L0QCzZP4,192.168.1.4,55127.0,192.168.1.1,53.0,udp,0.00709581375122,49.0,114.0,SF,1.0,1.0,0.0,Dd,1.0,77.0,1.0,142.0,DNS
1720728761.080882,CyhFLxas1hGkBl7Xl,192.168.1.6,43660.0,192.168.1.4,21.0,tcp,10.33339500427246,123.0,188.0,SF,1.0,1.0,0.0,ShAdDafFr,18.0,1067.0,17.0,1056.0,FTP
1720731177.852079,CTUJqu32cIocr6qJve,192.168.1.6,44692.0,192.168.1.4,21.0,tcp,9.964627027511597,131.0,188.0,SF,1.0,1.0,0.0,ShAdDafrF,18.0,1075.0,17.0,1056.0,FTP
1720730594.366349,CbAUEw2dVp4MpQQEAi,192.168.1.6,41834.0,192.168.1.4,21.0,tcp,9.12437391281128,125.0,188.0,SF,1.0,1.0,0.0,ShAdDafrF,18.0,1069.0,17.0,1056.0,FTP
1720729216.388173,CrSB474kq8AytwAB63,192.168.1.6,40188.0,192.168.1.4,21.0,tcp,9.866130828857422,125.0,188.0,SF,1.0,1.0,0.0,ShAdDafrF,18.0,1069.0,17.0,1056.0,FTP
1720728663.745405,CJEWAs3Ql4R7jYDPg2,192.168.1.6,34186.0,192.168.1.4,21.0,tcp,10.108931064605711,138.0,188.0,SF,1.0,1.0,0.0,ShAdDafrF,18.0,1082.0,17.0,1056.0,FTP
1720730933.086888,CNRWs33JjMFjb0meEl,192.168.1.6,40660.0,192.168.1.4,21.0,tcp,10.86329698562622,140.0,188.0,SF,1.0,1.0,0.0,ShAdDafrF,18.0,1084.0,17.0,1056.0,FTP
1720728021.563209,CbeSPe26fimPR8kFl7,192.168.1.6,55470.0,192.168.1.4,21.0,tcp,10.308847904205322,117.0,188.0,SF,1.0,1.0,0.0,ShAdDafrF,18.0,1061.0,17.0,1056.0,FTP
1720728034.68414,CbEBSs4oyKoxxzPMw7,192.168.1.4,42980.0,104.96.220.114,443.0,tcp,10.308847904205322,117.0,188.0,SF,1.0,1.0,0.0,ShAdDafrF,18.0,1061.0,17.0,1056.0,HTTPS
1720729033.233337,CSaxtD1HwtfDkvrTUa,192.168.1.4,50574.0,192.168.1.1,53.0,udp,0.000692129135131,58.0,250.0,SF,1.0,1.0,0.0,Dd,1.0,86.0,1.0,278.0,DNS
1720730485.370702,CRsqmy2cVNF4MpCCDb,192.168.1.6,48654.0,192.168.1.4,21.0,tcp,9.498790979385376,128.0,188.0,SF,1.0,1.0,0.0,ShAdDafrF,18.0,1072.0,17.0,1056.0,FTP
1720728130.209548,Cusm4F66a1yxQpJF3,192.168.1.6,46952.0,192.168.1.4,21.0,tcp,9.650847911834717,118.0,188.0,SF,1.0,1.0,0.0,ShAdDafrF,18.0,1062.0,17.0,1056.0,FTP
1720731402.565558,C4ZFXYn2FbGcpukpg,192.168.1.6,48546.0,192.168.1.4,21.0,tcp,10.631339073181152,160.0,188.0,SF,1.0,1.0,0.0,ShAdDafrF,18.0,1104.0,17.0,1056.0,FTP
1720731777.355829,C2aDPb2SUPjh0evT1e,192.168.1.6,50202.0,192.168.1.4,21.0,tcp,10.472601890563965,173.0,188.0,SF,1.0,1.0,0.0,ShAdDafrF,18.0,1117.0,17.0,1056.0,FTP
1720729633.316903,Cewqty4tmgP8OMr6ci,192.168.1.4,47376.0,185.125.190.96,80.0,tcp,10.472601890563965,173.0,188.0,SF,1.0,1.0,0.0,ShAdDafrF,18.0,1117.0,17.0,1056.0,HTTP
1720729724.632231,CciJNXD1USdu75pWf,192.168.1.6,37906.0,192.168.1.4,21.0,tcp,9.554312944412231,123.0,188.0,SF,1.0,1.0,0.0,ShAdDafrF,18.0,1067.0,17.0,1056.0,FTP
1720728900.229876,CL6l5SYBG7Iuwjmbb,192.168.1.6,35992.0,192.168.1.4,21.0,tcp,9.106258869171144,156.0,188.0,SF,1.0,1.0,0.0,ShAdDafrF,18.0,1100.0,17.0,1056.0,FTP
1720728066.327389,CRjEy922StA6SAFY03,192.168.1.4,40222.0,20.114.189.135,443.0,tcp,9.106258869171144,156.0,188.0,SF,1.0,1.0,0.0,ShAdDafrF,18.0,1100.0,17.0,1056.0,HTTPS
1720727914.030231,CYTtmz1WPCKeLohWUc,192.168.1.4,35511.0,192.168.1.1,53.0,udp,0.002118110656738,49.0,155.0,SF,1.0,1.0,0.0,Dd,1.0,77.0,1.0,183.0,DNS
1720727885.014935,CMOd6Sv6HKDcNmije,192.168.1.4,57978.0,142.251.32.102,443.0,udp,0.073610067367553,4012.0,8675.0,SF,1.0,0.0,0.0,Dd,7.0,4208.0,10.0,8955.0,HTTPS
1720728432.206136,CyWs9k2jEjlr0OP098,192.168.1.6,50548.0,192.168.1.4,21.0,tcp,9.95148491859436,117.0,188.0,SF,1.0,1.0,0.0,ShAdDafFr,18.0,1061.0,17.0,1056.0,FTP
1720727733.918322,C751vE1iaylqUCq3E,192.168.1.4,47548.0,100.26.87.64,443.0,tcp,0.061451911926269,2602.0,4016.0,S2,1.0,0.0,0.0,ShADadF,10.0,3022.0,10.0,4428.0,HTTPS
1720728591.707921,CyuEPG1awsHLzx44m8,192.168.1.6,45294.0,192.168.1.4,21.0,tcp,10.734559059143066,115.0,188.0,SF,1.0,1.0,0.0,ShAdDafFr,18.0,1059.0,17.0,1056.0,FTP
1720727915.526225,CHR26w2TwNAq99OOr5,192.168.1.4,51124.0,192.168.1.1,53.0,udp,0.01875901222229,69.0,301.0,SF,1.0,1.0,0.0,Dd,1.0,97.0,1.0,329.0,DNS
1720731028.810793,CAH6AH1gqILrusHtSc,192.168.1.6,43564.0,192.168.1.4,21.0,tcp,10.263806104660034,125.0,188.0,SF,1.0,1.0,0.0,ShAdDafFr,18.0,1069.0,17.0,1056.0,FTP
1720730669.011975,Ct3iak1nAelsoGXDp2,192.168.1.6,45662.0,192.168.1.4,21.0,tcp,10.32963800430298,133.0,188.0,SF,1.0,1.0,0.0,ShAdDafrF,18.0,1077.0,17.0,1056.0,FTP
1720730680.872015,Ckw2vm3BYkcB2FTEJa,192.168.1.6,42324.0,192.168.1.4,21.0,tcp,10.277225971221924,133.0,188.0,SF,1.0,1.0,0.0,ShAdDafrF,18.0,1077.0,17.0,1056.0,FTP
1720730595.36267,CJUZGy1RvlkJY1vYq4,192.168.1.6,41846.0,192.168.1.4,21.0,tcp,10.950476169586182,126.0,188.0,SF,1.0,1.0,0.0,ShAdDafrF,18.0,1070.0,17.0,1056.0,FTP
1720728124.438744,CkSRPx2cQoLVpFGcD7,192.168.1.4,40342.0,18.238.4.71,80.0,tcp,30.10020089149475,0.0,0.0,SF,1.0,0.0,0.0,ShAfFa,4.0,216.0,3.0,164.0,HTTP
1720729444.084321,CSHmNY2BlM2KFOpnta,192.168.1.6,55566.0,192.168.1.4,21.0,tcp,10.15654706954956,135.0,188.0,SF,1.0,1.0,0.0,ShAdDafrF,18.0,1079.0,17.0,1056.0,FTP
1720728896.595137,CH0G8D1e1yvBvMlUN8,192.168.1.6,35908.0,192.168.1.4,21.0,tcp,9.406785011291504,137.0,188.0,SF,1.0,1.0,0.0,ShAdDafrF,18.0,1081.0,17.0,1056.0,FTP
1720731583.426585,CtRR43QuvtfUkg0kc,192.168.1.6,47624.0,192.168.1.4,21.0,tcp,10.0379159450531,154.0,188.0,SF,1.0,1.0,0.0,ShAdDafrF,18.0,1098.0,17.0,1056.0,FTP
1720731659.719803,CRqNfQ3ICBQKunjJ8g,192.168.1.6,44088.0,192.168.1.4,21.0,tcp,10.474995851516724,158.0,188.0,SF,1.0,1.0,0.0,ShAdDafrF,18.0,1102.0,17.0,1056.0,FTP
1720730305.936533,CwE7iF4XqWwUYohxY1,192.168.1.6,50232.0,192.168.1.4,21.0,tcp,9.496885061264038,127.0,188.0,SF,1.0,1.0,0.0,ShAdDafrF,18.0,1071.0,17.0,1056.0,FTP
1720729493.965149,Ccb7Tr2HDzglZKLh1j,192.168.1.6,43220.0,192.168.1.4,21.0,tcp,10.365471124649048,150.0,188.0,SF,1.0,1.0,0.0,ShAdDafFr,18.0,1094.0,17.0,1056.0,FTP
1720728094.709662,Cr3bSv1ArNI8g80AJf,192.168.1.4,33882.0,23.62.164.157,443.0,tcp,114.0392689704895,2458.0,4912.0,SF,1.0,0.0,0.0,ShADadTFfR,20.0,3517.0,21.0,6024.0,HTTPS
1720730070.807835,CNpHPM6XDPfxhpVu8,192.168.1.6,51306.0,192.168.1.4,21.0,tcp,10.037182807922363,124.0,188.0,SF,1.0,1.0,0.0,ShAdDafrF,18.0,1068.0,17.0,1056.0,FTP
1720730007.819739,CsbUK01MqKoZ7Kk6l8,192.168.1.6,41222.0,192.168.1.4,21.0,tcp,10.912697792053224,126.0,188.0,SF,1.0,1.0,0.0,ShAdDafrF,18.0,1070.0,17.0,1056.0,FTP
1720728096.421703,CGNGYV3W214N7x8bFh,192.168.1.4,38540.0,104.18.2.219,443.0,tcp,10.912697792053224,126.0,188.0,SF,1.0,1.0,0.0,ShAdDafrF,18.0,1070.0,17.0,1056.0,HTTPS
1720728096.379779,Czyq9G1nOct2hRSFL6,192.168.1.4,38915.0,192.168.1.1,53.0,udp,10.912697792053224,126.0,188.0,SF,1.0,1.0,0.0,ShAdDafrF,18.0,1070.0,17.0,1056.0,DNS
1720728186.495414,CrD8fN2hkGgPP0h9Jc,192.168.1.4,41314.0,192.168.1.1,53.0,udp,0.016907930374145,56.0,137.0,SF,1.0,1.0,0.0,Dd,1.0,84.0,1.0,165.0,DNS
1720728065.050469,CmlA5F2nppLELAMx1,192.168.1.4,41595.0,192.168.1.1,53.0,udp,0.001528024673461,43.0,132.0,SF,1.0,1.0,0.0,Dd,1.0,71.0,1.0,160.0,DNS
1720728095.422294,COTaOm44MlQuk37weh,192.168.1.4,33677.0,192.168.1.1,53.0,udp,0.001528024673461,43.0,132.0,SF,1.0,1.0,0.0,Dd,1.0,71.0,1.0,160.0,DNS
1720727773.311816,CWATt21jbZs6v1Frnf,192.168.1.4,36124.0,13.224.214.69,443.0,udp,0.001528024673461,43.0,132.0,SF,1.0,1.0,0.0,Dd,1.0,71.0,1.0,160.0,HTTPS
1720730799.169303,C7w4Ud4EO5BQMrVqYf,192.168.1.6,47898.0,192.168.1.4,21.0,tcp,9.210277080535889,125.0,188.0,SF,1.0,1.0,0.0,ShAdDafrF,18.0,1069.0,17.0,1056.0,FTP
1720728403.482139,CdXN34MBlJM8RMbnc,192.168.1.6,38434.0,192.168.1.4,21.0,tcp,10.224059820175173,117.0,188.0,SF,1.0,1.0,0.0,ShAdDafrF,18.0,1061.0,17.0,1056.0,FTP
1720730713.89829,CaLAOs4wBeYbloPdSa,192.168.1.6,43912.0,192.168.1.4,21.0,tcp,9.191058158874512,125.0,188.0,SF,1.0,1.0,0.0,ShAdDafrF,18.0,1069.0,17.0,1056.0,FTP
1720729327.465988,C7Z8nw1ygfiRcyfvY6,192.168.1.6,54810.0,192.168.1.4,21.0,tcp,9.916444063186646,105.0,188.0,SF,1.0,1.0,0.0,ShAdDafrF,18.0,1049.0,17.0,1056.0,FTP
1720728465.736018,CskGAi1TFQweNBnn6i,192.168.1.6,40988.0,192.168.1.4,21.0,tcp,10.032652139663696,118.0,188.0,SF,1.0,1.0,0.0,ShAdDafFr,18.0,1062.0,17.0,1056.0,FTP
1720727824.621987,C2uzLGriwu8ygesM6,192.168.1.4,46779.0,192.168.1.1,53.0,udp,10.032652139663696,118.0,188.0,SF,1.0,1.0,0.0,ShAdDafFr,18.0,1062.0,17.0,1056.0,DNS
1720728095.560732,CJ1avk3XZU7AvtQzd,192.168.1.4,51325.0,142.250.72.102,443.0,udp,10.032652139663696,118.0,188.0,SF,1.0,1.0,0.0,IIiiiIhhhHH,18.0,1062.0,17.0,1056.0,HTTPS
1720727915.331925,CePovl1N5lyBgQpned,192.168.1.4,41073.0,142.251.32.104,443.0,udp,10.032652139663696,118.0,188.0,SF,1.0,1.0,0.0,IIiiiIhhHhHhH,18.0,1062.0,17.0,1056.0,HTTPS
1720728219.95544,CGaCKGf4EHY3mHbW,192.168.1.4,52140.0,13.107.21.237,443.0,udp,10.032652139663696,118.0,188.0,SF,1.0,1.0,0.0,IIiiiIhhHhHhH,18.0,1062.0,17.0,1056.0,HTTPS
1720731513.400713,CI1yrXUAaVc2d5n95,192.168.1.6,47086.0,192.168.1.4,21.0,tcp,10.874069929122925,149.0,188.0,SF,1.0,1.0,0.0,ShAdDafrF,18.0,1093.0,17.0,1056.0,FTP
1720727915.50183,CGAxC74Pe8CRKuWG2k,192.168.1.4,48101.0,192.168.1.1,53.0,udp,0.023815870285034,45.0,127.0,SF,1.0,1.0,0.0,Dd,1.0,73.0,1.0,155.0,DNS
1720728271.919821,Ck0puf48qbxQuGvTM8,192.168.1.4,52501.0,192.168.1.1,53.0,udp,0.001190900802612,49.0,100.0,SF,1.0,1.0,0.0,Dd,1.0,77.0,1.0,128.0,DNS
1720728726.527741,ChF1Y21euzElDE3iE7,192.168.1.6,59534.0,192.168.1.4,21.0,tcp,10.053699016571043,130.0,188.0,SF,1.0,1.0,0.0,ShAdDafFr,18.0,1074.0,17.0,1056.0,FTP
1720728631.168512,CvpHBM3KJBOCkRp9L5,192.168.1.6,36758.0,192.168.1.4,21.0,tcp,11.260663986206056,118.0,188.0,SF,1.0,1.0,0.0,ShAdDafrF,18.0,1062.0,17.0,1056.0,FTP
1720729895.378704,CemeVjmMhYhsnEPki,192.168.1.6,59660.0,192.168.1.4,21.0,tcp,10.84680199623108,126.0,188.0,SF,1.0,1.0,0.0,ShAdDafrF,18.0,1070.0,17.0,1056.0,FTP
1720728750.767565,C9bpzI1ed6HjW9Lrxc,192.168.1.6,54248.0,192.168.1.4,21.0,tcp,10.403707027435305,117.0,188.0,SF,1.0,1.0,0.0,ShAdDafFr,18.0,1061.0,17.0,1056.0,FTP
1720729020.209545,C5JEVx3xqo2dnsLNAg,192.168.1.6,55756.0,192.168.1.4,21.0,tcp,9.995896100997925,109.0,188.0,SF,1.0,1.0,0.0,ShAdDafrF,18.0,1053.0,17.0,1056.0,FTP
1720730044.91812,C8fkkOdZi1Gs9P1Xg,192.168.1.6,42340.0,192.168.1.4,21.0,tcp,9.693791151046751,123.0,188.0,SF,1.0,1.0,0.0,ShAdDafrF,18.0,1067.0,17.0,1056.0,FTP
1720727805.446964,CjmvZp4oRDgYwUuSg2,192.168.1.6,41900.0,192.168.1.4,21.0,tcp,10.07824993133545,118.0,188.0,SF,1.0,1.0,0.0,ShAdDafFr,18.0,1062.0,17.0,1056.0,FTP
1720728125.036827,ChROWj2Db6UWzFg4m8,192.168.1.4,44074.0,142.251.32.104,443.0,udp,0.086346864700317,4026.0,8805.0,SF,1.0,0.0,0.0,Dd,7.0,4222.0,10.0,9085.0,HTTPS
1720727884.89242,CkJipG4iNftuWiPkbk,192.168.1.4,44386.0,159.127.43.73,443.0,udp,0.086346864700317,4026.0,8805.0,SF,1.0,0.0,0.0,Dd,7.0,4222.0,10.0,9085.0,HTTPS
1720730822.303697,CEW4eM1B0DBiAVTFqc,192.168.1.6,54230.0,192.168.1.4,21.0,tcp,9.951045989990234,133.0,188.0,SF,1.0,1.0,0.0,ShAdDafrF,18.0,1077.0,17.0,1056.0,FTP
1720731583.459374,CANY6y3CZ7UjS0DIZc,192.168.1.6,47646.0,192.168.1.4,21.0,tcp,10.031430006027222,170.0,188.0,SF,1.0,1.0,0.0,ShAdDafrF,18.0,1114.0,17.0,1056.0,FTP
1720728245.137138,C4nHh73ne3GtDDlV53,192.168.1.4,47920.0,192.168.1.1,53.0,udp,0.005344152450561,43.0,415.0,SF,1.0,1.0,0.0,Dd,1.0,71.0,1.0,443.0,DNS
1720728726.641316,CQRFec2GdnCrpQpcL5,192.168.1.6,59566.0,192.168.1.4,21.0,tcp,10.524588108062744,144.0,188.0,SF,1.0,1.0,0.0,ShAdDafFr,18.0,1088.0,17.0,1056.0,FTP
1720728677.443773,C4MSMT3pcnYFJEFMT4,192.168.1.6,41526.0,192.168.1.4,21.0,tcp,10.558429956436155,130.0,188.0,SF,1.0,1.0,0.0,ShAdDafFr,18.0,1074.0,17.0,1056.0,FTP
1720728941.355081,CBXyBw4apIOll1i1X2,192.168.1.6,42470.0,192.168.1.4,21.0,tcp,9.468252897262571,136.0,188.0,SF,1.0,1.0,0.0,ShAdDafrF,18.0,1080.0,17.0,1056.0,FTP
1720731412.984927,Ctz2Im3vOVyFKUL8Z1,192.168.1.6,38940.0,192.168.1.4,21.0,tcp,10.212989091873167,135.0,188.0,RSTR,1.0,1.0,0.0,ShAdDafr,17.0,1027.0,16.0,1016.0,FTP
1720728410.848181,CkcR6r27S3avoS0HQ4,192.168.1.4,39006.0,192.168.1.1,53.0,udp,0.000528097152709,47.0,47.0,SF,1.0,1.0,0.0,Dd,1.0,75.0,1.0,75.0,DNS
1720727915.595515,CI5VKd4kXq96Mx8ku1,192.168.1.4,58484.0,192.168.1.1,53.0,udp,0.051192045211791,46.0,173.0,SF,1.0,1.0,0.0,Dd,1.0,74.0,1.0,201.0,DNS
1720729000.84967,CN40Ss1inv3u0gfVz8,192.168.1.6,51492.0,192.168.1.4,21.0,tcp,10.372648000717165,132.0,188.0,SF,1.0,1.0,0.0,ShAdDafrF,18.0,1076.0,17.0,1056.0,FTP
1720730222.324006,CPHj1m4kY5kvlgjJUg,192.168.1.6,38182.0,192.168.1.4,21.0,tcp,10.514460802078249,127.0,188.0,SF,1.0,1.0,0.0,ShAdDafFr,18.0,1071.0,17.0,1056.0,FTP
1720727990.707374,Csr4BH2mc7DgfGjGfa,192.168.1.6,48650.0,192.168.1.4,21.0,tcp,10.063807010650637,118.0,188.0,SF,1.0,1.0,0.0,ShAdDafrF,18.0,1062.0,17.0,1056.0,FTP
1720727884.862756,C6BVwV24ZuTN2VfP34,192.168.1.4,50630.0,192.168.1.1,53.0,udp,0.006928920745849,48.0,171.0,SF,1.0,1.0,0.0,Dd,1.0,76.0,1.0,199.0,DNS
1720730073.76729,CxLcgrh0SaPHdYZ1c,192.168.1.6,40090.0,192.168.1.4,21.0,tcp,9.956390857696531,132.0,188.0,SF,1.0,1.0,0.0,ShAdDafFr,18.0,1076.0,17.0,1056.0,FTP
1720731602.344761,C1nJh9oDHR4eTUHyk,192.168.1.6,60984.0,192.168.1.4,21.0,tcp,10.536416053771973,158.0,188.0,SF,1.0,1.0,0.0,ShAdDafFr,18.0,1102.0,17.0,1056.0,FTP
1720728881.540339,CnUAUa1J5Ayu4vj6Hd,192.168.1.6,38170.0,192.168.1.4,21.0,tcp,9.422184944152832,152.0,188.0,SF,1.0,1.0,0.0,ShAdDafrF,18.0,1096.0,17.0,1056.0,FTP
1720730597.134973,C2B8Ot79tr3v2tili,192.168.1.6,41930.0,192.168.1.4,21.0,tcp,9.681228876113892,121.0,188.0,SF,1.0,1.0,0.0,ShAdDafrF,18.0,1065.0,17.0,1056.0,FTP
1720727824.804,CjP8sROu66LRUGcLc,192.168.1.4,54684.0,142.251.40.110,443.0,tcp,9.681228876113892,121.0,188.0,SF,1.0,1.0,0.0,ShAdDafrF,18.0,1065.0,17.0,1056.0,HTTPS
1720727974.008724,C2KGgm1WWqsQ3fIkF3,192.168.1.4,38108.0,204.235.147.206,443.0,tcp,0.130604028701782,4729.0,324726.0,RSTO,1.0,0.0,0.0,ShADadtR,71.0,7601.0,131.0,329978.0,HTTPS
1720728154.622427,Ck3NGqHgYH8HZ9vwa,192.168.1.4,39504.0,104.19.229.57,443.0,tcp,54.13194012641907,1884.0,5926.0,SF,1.0,0.0,0.0,ShADadFf,12.0,2516.0,10.0,6454.0,HTTPS
1720729246.403721,COsTE24GbUxVCLmcEb,192.168.1.6,43944.0,192.168.1.4,21.0,tcp,9.751160860061646,128.0,188.0,SF,1.0,1.0,0.0,ShAdDafFr,18.0,1072.0,17.0,1056.0,FTP
1720731444.204251,CzMSs12IEEaIqpATod,192.168.1.6,58870.0,192.168.1.4,21.0,tcp,10.317256927490234,144.0,188.0,SF,1.0,1.0,0.0,ShAdDafrF,18.0,1088.0,17.0,1056.0,FTP
1720730205.304219,CcfaUh4pDJ5vnBkwHc,192.168.1.6,59392.0,192.168.1.4,21.0,tcp,10.056857109069824,123.0,188.0,SF,1.0,1.0,0.0,ShAdDafrF,18.0,1067.0,17.0,1056.0,FTP
1720728154.57869,CoYvR01aEMr2pHFNYj,192.168.1.4,50089.0,192.168.1.1,53.0,udp,10.056857109069824,123.0,188.0,SF,1.0,1.0,0.0,ShAdDafrF,18.0,1067.0,17.0,1056.0,DNS
1720729246.438068,CF8xhb4AT5iQldx0C3,192.168.1.6,43960.0,192.168.1.4,21.0,tcp,9.738574981689451,117.0,188.0,SF,1.0,1.0,0.0,ShAdDafFr,18.0,1061.0,17.0,1056.0,FTP
1720728186.454768,CesFi01c5MUET7KHqg,192.168.1.4,55902.0,142.250.176.206,443.0,tcp,9.738574981689451,117.0,188.0,SF,1.0,1.0,0.0,ShAdDafFr,18.0,1061.0,17.0,1056.0,HTTPS
1720729642.1449,CyGvMx294o1OI7Ezt8,192.168.1.6,47588.0,192.168.1.4,21.0,tcp,9.833215951919556,115.0,188.0,SF,1.0,1.0,0.0,ShAdDafrF,18.0,1059.0,17.0,1056.0,FTP
1720730260.340481,Ck5Oju16YQQCU6kNQg,192.168.1.6,40376.0,192.168.1.4,21.0,tcp,10.497722864151,125.0,188.0,SF,1.0,1.0,0.0,ShAdDafFr,18.0,1069.0,17.0,1056.0,FTP
1720729432.47113,CRC1qKo6Uf0JL4mmh,192.168.1.4,36292.0,91.189.91.83,80.0,tcp,10.497722864151,125.0,188.0,SF,1.0,1.0,0.0,ShAdDafFr,18.0,1069.0,17.0,1056.0,HTTP
1720727825.396752,CXEGF81rnXf8NfL8n9,192.168.1.6,52152.0,192.168.1.4,21.0,tcp,9.719927787780762,118.0,188.0,SF,1.0,1.0,0.0,ShAdDafrF,18.0,1062.0,17.0,1056.0,FTP
1720728653.820744,CJI5XXQt337giutq9,192.168.1.6,57740.0,192.168.1.4,21.0,tcp,11.042273998260498,133.0,188.0,SF,1.0,1.0,0.0,ShAdDafrF,18.0,1077.0,17.0,1056.0,FTP
1720729482.010326,Cngc3v24W83XLpni,192.168.1.6,50102.0,192.168.1.4,21.0,tcp,10.39871907234192,126.0,188.0,SF,1.0,1.0,0.0,ShAdDafFr,18.0,1070.0,17.0,1056.0,FTP
1720729681.253649,C9bRPh2FYx7dGpYZR1,192.168.1.6,54758.0,192.168.1.4,21.0,tcp,9.898678064346312,133.0,188.0,SF,1.0,1.0,0.0,ShAdDafrF,18.0,1077.0,17.0,1056.0,FTP
1720728244.926998,CRma4KAkRei3pWggf,192.168.1.4,53897.0,192.168.1.1,53.0,udp,0.029126167297363,42.0,200.0,SF,1.0,1.0,0.0,Dd,1.0,70.0,1.0,228.0,DNS
1720728277.194502,CEE9oL3QDqIbx22vQd,192.168.1.6,57530.0,192.168.1.4,21.0,tcp,10.806413888931274,118.0,188.0,SF,1.0,1.0,0.0,ShAdDafrF,18.0,1062.0,17.0,1056.0,FTP
1720728868.658724,CvtAQW2cJyMaqJwRh6,192.168.1.6,52380.0,192.168.1.4,21.0,tcp,9.67297387123108,150.0,188.0,SF,1.0,1.0,0.0,ShAdDafFr,18.0,1094.0,17.0,1056.0,FTP
1720728167.743837,CVv8tI3PS3KejP4Plf,192.168.1.6,47010.0,192.168.1.4,21.0,tcp,9.63751983642578,115.0,188.0,SF,1.0,1.0,0.0,ShAdDafrF,18.0,1059.0,17.0,1056.0,FTP
1720727884.445219,CU7mND32PvtFxZfsX1,192.168.1.4,50454.0,104.18.32.90,443.0,tcp,9.63751983642578,115.0,188.0,SF,1.0,1.0,0.0,ShAdDafrF,18.0,1059.0,17.0,1056.0,HTTPS
1720729891.72988,CwVj033is830Cu5MEg,192.168.1.6,52224.0,192.168.1.4,21.0,tcp,10.818209886550903,123.0,188.0,SF,1.0,1.0,0.0,ShAdDafrF,18.0,1067.0,17.0,1056.0,FTP
1720731802.675135,CxNJdq11V3bDAayrMj,192.168.1.6,60946.0,192.168.1.4,21.0,tcp,11.514232158660889,137.0,188.0,SF,1.0,1.0,0.0,ShAdDafrF,18.0,1081.0,17.0,1056.0,FTP
1720728125.250969,Cxrh3w11Gu7BiFGPv1,192.168.1.4,47446.0,192.168.1.1,53.0,udp,11.514232158660889,137.0,188.0,SF,1.0,1.0,0.0,ShAdDafrF,18.0,1081.0,17.0,1056.0,DNS
1720728211.917829,CKLtwX1HXemRFuGBj9,192.168.1.4,48671.0,192.168.1.1,53.0,udp,11.514232158660889,137.0,188.0,SF,1.0,1.0,0.0,ShAdDafrF,18.0,1081.0,17.0,1056.0,DNS
1720727915.524094,C5LU771emmBPUAPOsk,192.168.1.4,39231.0,192.168.1.1,53.0,udp,11.514232158660889,137.0,188.0,SF,1.0,1.0,0.0,ShAdDafrF,18.0,1081.0,17.0,1056.0,DNS
1720726351.852311,CpJki4v5jv4FAnPxd,144.80.110.68,49947.0,192.168.1.4,22.0,tcp,1992.1858081817627,2004.0,14598.0,SF,0.0,1.0,0.0,ShAdDaFf,28.0,3136.0,27.0,15690.0,SSH
1720728631.196392,C4VxOk4FuLPKismy89,192.168.1.6,36766.0,192.168.1.4,21.0,tcp,11.248626947402954,121.0,188.0,SF,1.0,1.0,0.0,ShAdDafrF,18.0,1065.0,17.0,1056.0,FTP
1720727927.08911,CwMPzS3fkGoaPZKk04,192.168.1.6,34058.0,192.168.1.4,21.0,tcp,10.051926136016846,118.0,188.0,SF,1.0,1.0,0.0,ShAdDafrF,18.0,1062.0,17.0,1056.0,FTP
1720730030.70298,CIq5BS3Vp5nUQbYoue,192.168.1.6,59274.0,192.168.1.4,21.0,tcp,10.381296873092651,131.0,188.0,SF,1.0,1.0,0.0,ShAdDafrF,18.0,1075.0,17.0,1056.0,FTP
1720729839.951375,C5RFuN2y5vJIVBzm24,192.168.1.6,43454.0,192.168.1.4,21.0,tcp,10.248919010162354,121.0,188.0,SF,1.0,1.0,0.0,ShAdDafFr,18.0,1065.0,17.0,1056.0,FTP
1720728148.57886,Cb2G9d2KFxrkBDcilb,192.168.1.6,42168.0,192.168.1.4,21.0,tcp,9.338701009750366,118.0,188.0,SF,1.0,1.0,0.0,ShAdDafrF,18.0,1062.0,17.0,1056.0,FTP
1720730090.620171,CGACSQ2afPhbgVXeZe,192.168.1.6,33664.0,192.168.1.4,21.0,tcp,9.617687940597534,144.0,188.0,SF,1.0,1.0,0.0,ShAdDafrF,18.0,1088.0,17.0,1056.0,FTP
1720731297.87631,Cadfsx2C4Oylu6cH44,192.168.1.6,44868.0,192.168.1.4,21.0,tcp,10.191742897033691,174.0,188.0,SF,1.0,1.0,0.0,ShAdDafFr,18.0,1118.0,17.0,1056.0,FTP
1720730592.770058,CpagPxM9vmpHGPxY9,192.168.1.6,35048.0,192.168.1.4,21.0,tcp,10.710386991500854,120.0,188.0,SF,1.0,1.0,0.0,ShAdDafrF,18.0,1064.0,17.0,1056.0,FTP
1720729240.496564,CGq33m3l3Iaq6ObhB5,192.168.1.6,38390.0,192.168.1.4,21.0,tcp,9.285794973373411,119.0,188.0,SF,1.0,1.0,0.0,ShAdDafFr,18.0,1063.0,17.0,1056.0,FTP
1720727915.008318,CLCs083yI0iQS6nJMl,192.168.1.4,47298.0,13.224.214.12,443.0,tcp,9.285794973373411,119.0,188.0,SF,1.0,1.0,0.0,ShAdDafFr,18.0,1063.0,17.0,1056.0,HTTPS
1720728603.584581,Cei9Aa44bG0CNRUIbf,192.168.1.6,34090.0,192.168.1.4,21.0,tcp,10.206366062164308,119.0,188.0,SF,1.0,1.0,0.0,ShAdDafFr,18.0,1063.0,17.0,1056.0,FTP
1720730183.983273,Cn2cgL2HaFsvzPcDzf,192.168.1.6,53592.0,192.168.1.4,21.0,tcp,11.063315868377686,132.0,188.0,SF,1.0,1.0,0.0,ShAdDafrF,18.0,1076.0,17.0,1056.0,FTP
1720728065.049674,CtlsIk6M9Ko6TFhl8,192.168.1.4,39911.0,142.250.65.170,443.0,tcp,11.063315868377686,132.0,188.0,SF,1.0,1.0,0.0,IIiiiIhhhHHhH,18.0,1076.0,17.0,1056.0,HTTPS
1720727777.387035,CicPwf2eR4i4DXVbP8,192.168.1.6,35270.0,192.168.1.4,21.0,tcp,9.407575130462646,118.0,188.0,SF,1.0,1.0,0.0,ShAdDafrF,18.0,1062.0,17.0,1056.0,FTP
1720731002.990489,CX14gl4kNgyiryfxGl,192.168.1.6,35372.0,192.168.1.4,21.0,tcp,10.688946962356567,129.0,188.0,SF,1.0,1.0,0.0,ShAdDafrF,18.0,1073.0,17.0,1056.0,FTP
1720728167.705349,CkdJUB4EofXr9uXd9e,192.168.1.6,47002.0,192.168.1.4,21.0,tcp,9.635909080505373,119.0,188.0,SF,1.0,1.0,0.0,ShAdDafFr,18.0,1063.0,17.0,1056.0,FTP
1720728729.722486,CpN8rvf9IHcLBJVg,192.168.1.6,59580.0,192.168.1.4,21.0,tcp,10.092379093170166,136.0,188.0,SF,1.0,1.0,0.0,ShAdDafrF,18.0,1080.0,17.0,1056.0,FTP
1720729269.536293,C4CJqnkKwKOneRalg,192.168.1.6,34428.0,192.168.1.4,21.0,tcp,10.009063959121704,116.0,188.0,SF,1.0,1.0,0.0,ShAdDafrF,18.0,1060.0,17.0,1056.0,FTP
1720731909.174894,Cn4rtt1q8525QeNXd4,192.168.1.6,50010.0,192.168.1.4,21.0,tcp,10.025295972824097,168.0,188.0,SF,1.0,1.0,0.0,ShAdDafrF,18.0,1112.0,17.0,1056.0,FTP
1720729938.135112,CXYHAA3QSrYZZBjyAc,192.168.1.6,47746.0,192.168.1.4,21.0,tcp,10.69409990310669,130.0,188.0,SF,1.0,1.0,0.0,ShAdDafrF,18.0,1074.0,17.0,1056.0,FTP
1720730596.802707,CxQ21G41F9oG6s0r36,192.168.1.6,41872.0,192.168.1.4,21.0,tcp,9.683746099472046,127.0,188.0,SF,1.0,1.0,0.0,ShAdDafFr,18.0,1071.0,17.0,1056.0,FTP
1720727895.573607,CvBfE7iVr9iXlds03,192.168.1.6,46046.0,192.168.1.4,21.0,tcp,10.418578147888184,117.0,188.0,SF,1.0,1.0,0.0,ShAdDafrF,18.0,1061.0,17.0,1056.0,FTP
1720729491.144101,CXPrsm2UXE9cUhiJhd,192.168.1.6,55930.0,192.168.1.4,21.0,tcp,10.317854166030884,130.0,188.0,SF,1.0,1.0,0.0,ShAdDafrF,18.0,1074.0,17.0,1056.0,FTP
1720727793.866146,CNsumR3AGcyvL4x6Ug,192.168.1.4,55577.0,192.168.1.1,53.0,udp,10.317854166030884,130.0,188.0,SF,1.0,1.0,0.0,ShAdDafrF,18.0,1074.0,17.0,1056.0,DNS
1720731157.703001,CBld5n41c8iNGVE7Sf,192.168.1.6,59876.0,192.168.1.4,21.0,tcp,9.737380027770996,106.0,188.0,SF,1.0,1.0,0.0,ShAdDafFr,18.0,1050.0,17.0,1056.0,FTP
1720730020.424994,CvaGj22VRwnErNoj7,192.168.1.6,51590.0,192.168.1.4,21.0,tcp,9.989044904708862,133.0,188.0,SF,1.0,1.0,0.0,ShAdDafrF,18.0,1077.0,17.0,1056.0,FTP
1720728366.726273,CoO9zp6ojzjXoyApk,192.168.1.6,46734.0,192.168.1.4,21.0,tcp,10.90354585647583,116.0,188.0,SF,1.0,1.0,0.0,ShAdDafrF,18.0,1060.0,17.0,1056.0,FTP
1720727954.699053,CF6SRY3SWJ1bsUMmK5,192.168.1.6,56458.0,192.168.1.4,21.0,tcp,10.591835975646973,116.0,188.0,SF,1.0,1.0,0.0,ShAdDafrF,18.0,1060.0,17.0,1056.0,FTP
1720727764.009433,C82sIY36Sq7nxrcXxc,192.168.1.4,35213.0,192.168.1.1,53.0,udp,0.003634929656982,45.0,377.0,SF,1.0,1.0,0.0,Dd,1.0,73.0,1.0,405.0,DNS
1720729681.156156,CUhLrO2fAaQv5488z3,192.168.1.6,54726.0,192.168.1.4,21.0,tcp,9.895500898361206,126.0,188.0,SF,1.0,1.0,0.0,ShAdDafrF,18.0,1070.0,17.0,1056.0,FTP
1720731701.403136,CklGKd1AwmmoHPZJsc,192.168.1.6,35618.0,192.168.1.4,21.0,tcp,9.830379009246826,190.0,188.0,SF,1.0,1.0,0.0,ShAdDafrF,18.0,1134.0,17.0,1056.0,FTP
1720728740.120073,CqGLhb1NLnoMXEWvk,192.168.1.6,49800.0,192.168.1.4,21.0,tcp,10.529917001724243,135.0,188.0,SF,1.0,1.0,0.0,ShAdDafrF,18.0,1079.0,17.0,1056.0,FTP
1720728377.583783,C3lgbwlMifQ0y0oe1,192.168.1.6,56898.0,192.168.1.4,21.0,tcp,11.247796058654783,117.0,188.0,SF,1.0,1.0,0.0,ShAdDafFr,18.0,1061.0,17.0,1056.0,FTP
1720729681.263832,CFz56v2gaVVLjYQ122,192.168.1.6,54768.0,192.168.1.4,21.0,tcp,9.878291845321655,153.0,188.0,SF,1.0,1.0,0.0,ShAdDafFr,18.0,1097.0,17.0,1056.0,FTP
1720729432.098232,CTD6lXKQYc2mtJO4j,192.168.1.4,49370.0,192.168.1.1,53.0,udp,9.878291845321655,153.0,188.0,SF,1.0,1.0,0.0,ShAdDafFr,18.0,1097.0,17.0,1056.0,DNS
1720728976.262148,CZbEL23ayFEQpIAEC5,192.168.1.6,57606.0,192.168.1.4,21.0,tcp,9.552287101745604,133.0,188.0,SF,1.0,1.0,0.0,ShAdDafFr,18.0,1077.0,17.0,1056.0,FTP
1720728030.370603,C0YzX1gtGCMQhE2mh,192.168.1.6,43146.0,192.168.1.4,21.0,tcp,10.405871868133543,118.0,188.0,SF,1.0,1.0,0.0,ShAdDafFr,18.0,1062.0,17.0,1056.0,FTP
1720728096.38902,CioIKn2i5Osmrmjeg5,192.168.1.4,39797.0,192.168.1.1,53.0,udp,10.405871868133543,118.0,188.0,SF,1.0,1.0,0.0,ShAdDafFr,18.0,1062.0,17.0,1056.0,DNS
1720729774.307095,CCjbOD3B4ni5DRW13h,192.168.1.6,46712.0,192.168.1.4,21.0,tcp,10.045114040374756,119.0,188.0,SF,1.0,1.0,0.0,ShAdDafFr,18.0,1063.0,17.0,1056.0,FTP
1720729311.674537,CX5mWDDhUJr6508t9,192.168.1.6,43910.0,192.168.1.4,21.0,tcp,9.795017957687378,117.0,188.0,SF,1.0,1.0,0.0,ShAdDafrF,18.0,1061.0,17.0,1056.0,FTP
1720727916.502716,CzBVZC4Ayt1ors9Yw3,192.168.1.4,49610.0,142.251.40.196,443.0,tcp,9.795017957687378,117.0,188.0,SF,1.0,1.0,0.0,ShAdDafrF,18.0,1061.0,17.0,1056.0,HTTPS
1720728219.960544,CdB0jt1j3L8VhfUc6l,192.168.1.4,38413.0,192.168.1.1,53.0,udp,9.795017957687378,117.0,188.0,SF,1.0,1.0,0.0,ShAdDafrF,18.0,1061.0,17.0,1056.0,DNS
1720730851.020829,Cojf7y1xqifNzlfbk3,192.168.1.6,45130.0,192.168.1.4,21.0,tcp,9.62634801864624,131.0,188.0,SF,1.0,1.0,0.0,ShAdDafrF,18.0,1075.0,17.0,1056.0,FTP
1720730233.233965,CsBaxt1eUaPdbbhmwe,192.168.1.4,43004.0,192.168.1.1,53.0,udp,9.62634801864624,131.0,188.0,SF,1.0,1.0,0.0,ShAdDafrF,18.0,1075.0,17.0,1056.0,DNS
1720727876.275072,CTiSKh4wpWKKbYjtP1,192.168.1.6,46380.0,192.168.1.4,21.0,tcp,9.035522937774658,118.0,188.0,SF,1.0,1.0,0.0,ShAdDafrF,18.0,1062.0,17.0,1056.0,FTP
1720728245.082543,CCIzeyOtMmJGjB92d,192.168.1.4,58068.0,104.104.72.162,443.0,tcp,0.055422067642211,1858.0,6170.0,SF,1.0,0.0,0.0,ShADadFRRf,13.0,2506.0,11.0,6750.0,HTTPS
1720727795.700541,C2uVRY2TUH2QKWAnih,192.168.1.6,57494.0,192.168.1.4,21.0,tcp,9.756582975387571,118.0,188.0,SF,1.0,1.0,0.0,ShAdDafrF,18.0,1062.0,17.0,1056.0,FTP
1720728185.115907,CrRQId1h3VVSVsNpv2,192.168.1.4,40037.0,192.168.1.1,53.0,udp,0.100600957870483,50.0,190.0,SF,1.0,1.0,0.0,Dd,1.0,78.0,1.0,218.0,DNS
1720731257.442358,CjtJz02YRAnKhjvwb9,192.168.1.6,53482.0,192.168.1.4,21.0,tcp,10.115367889404297,170.0,188.0,SF,1.0,1.0,0.0,ShAdDafrF,18.0,1114.0,17.0,1056.0,FTP
1720728155.290259,CYjS0w1IchbsBZ9aU2,192.168.1.4,43793.0,192.168.1.1,53.0,udp,0.001803159713745,62.0,149.0,SF,1.0,1.0,0.0,Dd,1.0,90.0,1.0,177.0,DNS
1720731107.760456,CkZwM72hyFVIyc8F9a,192.168.1.6,40378.0,192.168.1.4,21.0,tcp,10.574405908584597,118.0,188.0,SF,1.0,1.0,0.0,ShAdDafrF,18.0,1062.0,17.0,1056.0,FTP
1720730733.155464,CGsi3Z26lm2UUH7Pqc,192.168.1.6,52448.0,192.168.1.4,21.0,tcp,9.954283952713013,128.0,188.0,SF,1.0,1.0,0.0,ShAdDafrF,18.0,1072.0,17.0,1056.0,FTP
1720728034.701151,Csk1Xj3zxgrvZH7w14,192.168.1.4,43020.0,104.96.220.114,443.0,tcp,9.954283952713013,128.0,188.0,SF,1.0,1.0,0.0,ShAdDafrF,18.0,1072.0,17.0,1056.0,HTTPS
1720731138.503403,C9n9YXTmeEGH4Gtj6,192.168.1.6,35562.0,192.168.1.4,21.0,tcp,9.948058128356934,109.0,188.0,SF,1.0,1.0,0.0,ShAdDafrF,18.0,1053.0,17.0,1056.0,FTP
1720731056.767617,CheiCP13Gtpp8uzlA3,192.168.1.6,56092.0,192.168.1.4,21.0,tcp,9.78866195678711,129.0,188.0,SF,1.0,1.0,0.0,ShAdDafrF,18.0,1073.0,17.0,1056.0,FTP
1720731444.214452,CKKb581Lx13kMkWut1,192.168.1.6,58872.0,192.168.1.4,21.0,tcp,10.323248863220217,159.0,188.0,SF,1.0,1.0,0.0,ShAdDafrF,18.0,1103.0,17.0,1056.0,FTP
1720728305.840691,CvZnk8HR8crDPJFs1,192.168.1.4,54753.0,192.168.1.1,53.0,udp,10.323248863220217,159.0,188.0,SF,1.0,1.0,0.0,ShAdDafrF,18.0,1103.0,17.0,1056.0,DNS
1720728589.911815,CB6mx32gACLaaApVSe,192.168.1.6,45280.0,192.168.1.4,21.0,tcp,10.232805013656616,114.0,188.0,SF,1.0,1.0,0.0,ShAdDafrF,18.0,1058.0,17.0,1056.0,FTP
1720731925.929331,CNpPHT29I1cKJXwvVk,192.168.1.6,37594.0,192.168.1.4,21.0,tcp,9.880239009857178,167.0,188.0,SF,1.0,1.0,0.0,ShAdDafFr,18.0,1111.0,17.0,1056.0,FTP
1720728184.685449,CK5x4c1qH7tOaPEIb2,192.168.1.4,52049.0,192.168.1.1,53.0,udp,0.035703182220458,47.0,183.0,SF,1.0,1.0,0.0,Dd,1.0,75.0,1.0,211.0,DNS
1720728186.710942,Cx3KFk4i67IHO7w1kd,192.168.1.4,49252.0,23.205.106.91,443.0,tcp,22.04484987258911,2521.0,30665.0,SF,1.0,0.0,0.0,ShADadFfR,21.0,3597.0,25.0,31973.0,HTTPS
1720728185.464757,CvZfj83qQRu6FjOIz6,192.168.1.4,54586.0,104.106.176.237,443.0,tcp,22.04484987258911,2521.0,30665.0,SF,1.0,0.0,0.0,ShADadFfR,21.0,3597.0,25.0,31973.0,HTTPS
1720730740.557789,CSI93E1hIcmpK4o0sb,192.168.1.6,52504.0,192.168.1.4,21.0,tcp,9.998979806900024,129.0,188.0,SF,1.0,1.0,0.0,ShAdDafrF,18.0,1073.0,17.0,1056.0,FTP
1720728085.307344,CBSfiq1noM7F9dS8B7,192.168.1.4,60905.0,192.168.1.1,53.0,udp,0.032194137573242,76.0,670.0,SF,1.0,1.0,0.0,Dd,1.0,104.0,1.0,698.0,DNS
1720727884.964305,CIXU7L3HrE68DXxhgc,192.168.1.4,44036.0,18.204.162.238,443.0,tcp,60.08038401603699,5208.0,18879.0,SF,1.0,0.0,0.0,ShADadfF,32.0,6880.0,32.0,20551.0,HTTPS
1720727796.034524,CHKpmu4TTF9irUMm0k,192.168.1.6,57538.0,192.168.1.4,21.0,tcp,9.887062072753906,118.0,188.0,SF,1.0,1.0,0.0,ShAdDafFr,18.0,1062.0,17.0,1056.0,FTP
1720727914.29831,CCxzme3uFXDE0WoGBb,192.168.1.4,49534.0,192.168.1.1,53.0,udp,0.018132925033569,53.0,135.0,SF,1.0,1.0,0.0,Dd,1.0,81.0,1.0,163.0,DNS
1720730946.597741,C4hf0G1zfTwjLAU9x8,192.168.1.6,56822.0,192.168.1.4,21.0,tcp,10.82951021194458,139.0,188.0,SF,1.0,1.0,0.0,ShAdDafrF,18.0,1083.0,17.0,1056.0,FTP
1720728186.72224,CqczFxDffKRQZ5oX7,192.168.1.4,49222.0,23.205.106.91,443.0,tcp,10.82951021194458,139.0,188.0,SF,1.0,1.0,0.0,ShAdDafrF,18.0,1083.0,17.0,1056.0,HTTPS
1720730222.208819,C3CvxO2br38FMNb094,192.168.1.6,38144.0,192.168.1.4,21.0,tcp,10.707496166229248,126.0,188.0,SF,1.0,1.0,0.0,ShAdDafFr,18.0,1070.0,17.0,1056.0,FTP
1720727786.554969,CbRkB5EwpfzxZY3Ui,192.168.1.4,56476.0,104.96.220.219,443.0,tcp,304.58359003067017,3334.0,5337.0,SF,1.0,0.0,0.0,ShADadFRf,20.0,4358.0,20.0,6385.0,HTTPS
1720728778.428356,C9pryB1Tr3BIQnT705,192.168.1.6,41540.0,192.168.1.4,21.0,tcp,10.311565160751345,132.0,188.0,SF,1.0,1.0,0.0,ShAdDafFr,18.0,1076.0,17.0,1056.0,FTP
1720727915.710956,CQ0M6kZ7k6urBYODg,192.168.1.4,40728.0,18.238.4.5,443.0,tcp,10.311565160751345,132.0,188.0,SF,1.0,1.0,0.0,ShAdDafFr,18.0,1076.0,17.0,1056.0,HTTPS
1720728277.402249,CAZ6JumFws35qTEE4,192.168.1.6,57556.0,192.168.1.4,21.0,tcp,10.58847999572754,118.0,188.0,SF,1.0,1.0,0.0,ShAdDafrF,18.0,1062.0,17.0,1056.0,FTP
1720731794.952314,Caactv3o9lFOTeRHhg,192.168.1.6,60810.0,192.168.1.4,21.0,tcp,11.20508909225464,137.0,188.0,SF,1.0,1.0,0.0,ShAdDafFr,18.0,1081.0,17.0,1056.0,FTP
1720731715.251384,CSfO3z58b0B7MyDTe,192.168.1.6,38592.0,192.168.1.4,21.0,tcp,10.259418964385986,182.0,188.0,SF,1.0,1.0,0.0,ShAdDafrF,18.0,1126.0,17.0,1056.0,FTP
1720727793.239739,CCrjrw2ehHXUkFPoj9,192.168.1.4,60928.0,184.72.124.184,443.0,tcp,10.259418964385986,182.0,188.0,SF,1.0,1.0,0.0,ShAdDafrF,18.0,1126.0,17.0,1056.0,HTTPS
1720730782.839533,CGGRyzZEUKFI5PmZ6,192.168.1.6,58128.0,192.168.1.4,21.0,tcp,9.632020950317385,124.0,188.0,SF,1.0,1.0,0.0,ShAdDafFr,18.0,1068.0,17.0,1056.0,FTP
1720728217.850669,Cssjif3FT8Fp36L9Lc,192.168.1.4,52968.0,13.107.21.239,443.0,tcp,127.33607316017152,2558.0,6651.0,RSTR,1.0,0.0,0.0,ShADadr,16.0,3218.0,17.0,7343.0,HTTPS
1720728383.64938,Cm0Q9n4y8rZ3Fk7pXj,192.168.1.6,56540.0,192.168.1.4,21.0,tcp,9.936355113983154,118.0,188.0,SF,1.0,1.0,0.0,ShAdDafrF,18.0,1062.0,17.0,1056.0,FTP
1720731287.160405,CBgMlf2ui2mpNb1sa5,192.168.1.6,50136.0,192.168.1.4,21.0,tcp,11.008581161499023,192.0,188.0,SF,1.0,1.0,0.0,ShAdDafrF,18.0,1136.0,17.0,1056.0,FTP
1720731236.131081,CAgGV417Aj6OgkdK38,192.168.1.6,35042.0,192.168.1.4,21.0,tcp,9.850637912750244,156.0,188.0,SF,1.0,1.0,0.0,ShAdDafrF,18.0,1100.0,17.0,1056.0,FTP
1720731148.112885,Caj8ktChRUNYXU99j,192.168.1.6,58608.0,192.168.1.4,21.0,tcp,9.600141048431396,108.0,188.0,SF,1.0,1.0,0.0,ShAdDafFr,18.0,1052.0,17.0,1056.0,FTP
1720729302.723949,CQyDdn1SinYyyUeoB9,192.168.1.6,45790.0,192.168.1.4,21.0,tcp,9.397927045822144,155.0,188.0,SF,1.0,1.0,0.0,ShAdDafrF,18.0,1099.0,17.0,1056.0,FTP
1720727916.502716,CzBVZC4Ayt1ors9Yw3,192.168.1.4,49610.0,142.251.40.196,443.0,udp,0.13092303276062,4758.0,10557.0,SF,1.0,0.0,0.0,Dd,10.0,5038.0,14.0,10949.0,HTTPS
1720728918.492642,CsvHhpf9ghBJODlNj,192.168.1.6,50568.0,192.168.1.4,21.0,tcp,9.797085046768188,155.0,188.0,SF,1.0,1.0,0.0,ShAdDafrF,18.0,1099.0,17.0,1056.0,FTP
1720729795.010879,C52Gxo1hWDmBEYRIng,192.168.1.6,54262.0,192.168.1.4,21.0,tcp,9.045567035675049,111.0,188.0,SF,1.0,1.0,0.0,ShAdDafFr,18.0,1055.0,17.0,1056.0,FTP
1720728096.460231,CE7Jx322GNQMjpYKTe,192.168.1.4,56542.0,37.19.207.34,443.0,tcp,9.045567035675049,111.0,188.0,SF,1.0,1.0,0.0,ShAdDafFr,18.0,1055.0,17.0,1056.0,HTTPS
1720728145.991469,CBzo0P2M5vZcV3td61,192.168.1.6,42100.0,192.168.1.4,21.0,tcp,8.968988180160522,118.0,188.0,SF,1.0,1.0,0.0,ShAdDafrF,18.0,1062.0,17.0,1056.0,FTP
1720728124.644431,CANpQK137baOH2BgX9,192.168.1.4,39108.0,18.238.4.35,443.0,tcp,8.968988180160522,118.0,188.0,SF,1.0,1.0,0.0,ShAdDafrF,18.0,1062.0,17.0,1056.0,HTTPS
1720727969.150968,Cuyyyr3q1EhhnTozke,192.168.1.6,41690.0,192.168.1.4,21.0,tcp,10.95819902420044,118.0,188.0,SF,1.0,1.0,0.0,ShAdDafrF,18.0,1062.0,17.0,1056.0,FTP
1720728215.481742,CAqwrjSPDD45NC7sf,192.168.1.6,42372.0,192.168.1.4,21.0,tcp,9.595367193222046,118.0,188.0,SF,1.0,1.0,0.0,ShAdDafFr,18.0,1062.0,17.0,1056.0,FTP
1720730044.999046,CxaKM71D6hy0gu7L58,192.168.1.6,42362.0,192.168.1.4,21.0,tcp,9.689152002334597,119.0,188.0,SF,1.0,1.0,0.0,ShAdDafrF,18.0,1063.0,17.0,1056.0,FTP
1720729676.763755,CndV3l4cBswqm882q3,192.168.1.6,54656.0,192.168.1.4,21.0,tcp,10.115407943725586,158.0,188.0,SF,1.0,1.0,0.0,ShAdDafrF,18.0,1102.0,17.0,1056.0,FTP
1720729499.21881,CGw3QqrAxs4gvRVwf,192.168.1.6,43266.0,192.168.1.4,21.0,tcp,10.752503871917725,124.0,188.0,SF,1.0,1.0,0.0,ShAdDafrF,18.0,1068.0,17.0,1056.0,FTP
1720729952.958,C2CNFs2VXx0bM1jeUh,192.168.1.6,48410.0,192.168.1.4,21.0,tcp,9.923895120620728,127.0,188.0,SF,1.0,1.0,0.0,ShAdDafrF,18.0,1071.0,17.0,1056.0,FTP
1720728541.518107,CBDzV34mrUzkJdsCz,192.168.1.6,36608.0,192.168.1.4,21.0,tcp,9.599162101745604,118.0,188.0,SF,1.0,1.0,0.0,ShAdDafrF,18.0,1062.0,17.0,1056.0,FTP
1720731564.734788,CLL44JaabcJ98pTLk,192.168.1.6,39836.0,192.168.1.4,21.0,tcp,9.689074993133543,165.0,188.0,SF,1.0,1.0,0.0,ShAdDafrF,18.0,1109.0,17.0,1056.0,FTP
1720728798.488961,CEZDfa24OJCK9eMtC6,192.168.1.6,45144.0,192.168.1.4,21.0,tcp,9.443116903305054,127.0,188.0,SF,1.0,1.0,0.0,ShAdDafrF,18.0,1071.0,17.0,1056.0,FTP
1720728544.083495,Cr07Zz4ypl28Uu7efk,192.168.1.6,33016.0,192.168.1.4,21.0,tcp,9.826629161834717,117.0,188.0,SF,1.0,1.0,0.0,ShAdDafrF,18.0,1061.0,17.0,1056.0,FTP
1720728096.902994,CJLdpF1MUucP9Ld0Z6,192.168.1.4,40265.0,192.168.1.1,53.0,udp,9.826629161834717,117.0,188.0,SF,1.0,1.0,0.0,ShAdDafrF,18.0,1061.0,17.0,1056.0,DNS
1720731147.886726,Cw7Hf2cBbFLICaNK,192.168.1.6,58564.0,192.168.1.4,21.0,tcp,9.58072018623352,109.0,188.0,SF,1.0,1.0,0.0,ShAdDafrF,18.0,1053.0,17.0,1056.0,FTP
1720729207.526385,CmtLWK3ddusg5FsaS2,192.168.1.6,56364.0,192.168.1.4,21.0,tcp,9.21825885772705,126.0,188.0,SF,1.0,1.0,0.0,ShAdDafrF,18.0,1070.0,17.0,1056.0,FTP
1720728125.056287,Cc92wS6iLUF4NYtD9,192.168.1.4,38115.0,192.168.1.1,53.0,udp,9.21825885772705,126.0,188.0,SF,1.0,1.0,0.0,ShAdDafrF,18.0,1070.0,17.0,1056.0,DNS
1720730808.308489,C70YFd3e8TinPZ272j,192.168.1.6,53344.0,192.168.1.4,21.0,tcp,9.554256916046144,132.0,188.0,SF,1.0,1.0,0.0,ShAdDafrF,18.0,1076.0,17.0,1056.0,FTP
1720730729.832614,CrxEe53472IX4f5We,192.168.1.6,50930.0,192.168.1.4,21.0,tcp,10.772746086120604,125.0,188.0,SF,1.0,1.0,0.0,ShAdDafFr,18.0,1069.0,17.0,1056.0,FTP
1720729400.125109,CDyVLp2NacTXMbykeg,192.168.1.6,49144.0,192.168.1.4,21.0,tcp,10.507590055465698,138.0,188.0,SF,1.0,1.0,0.0,ShAdDafrF,18.0,1082.0,17.0,1056.0,FTP
1720731838.315533,CdfgxO2iWX1gmB9kjk,192.168.1.6,51744.0,192.168.1.4,21.0,tcp,10.382670164108276,141.0,188.0,SF,1.0,1.0,0.0,ShAdDafFr,18.0,1085.0,17.0,1056.0,FTP
1720729043.903039,CQwHIuIJQJsxWj7se,192.168.1.6,55912.0,192.168.1.4,21.0,tcp,10.078561067581177,117.0,188.0,SF,1.0,1.0,0.0,ShAdDafFr,18.0,1061.0,17.0,1056.0,FTP
1720728096.70085,C2DydmcDuh8SbyMi8,192.168.1.4,58765.0,192.168.1.1,53.0,udp,0.003000974655151,49.0,313.0,SF,1.0,1.0,0.0,Dd,1.0,77.0,1.0,341.0,DNS
1720731554.751456,CAgoZI2wUwd2xbl0y6,192.168.1.6,35564.0,192.168.1.4,21.0,tcp,9.889452934265137,142.0,188.0,SF,1.0,1.0,0.0,ShAdDafFr,18.0,1086.0,17.0,1056.0,FTP
1720730277.521304,CsRJsG34acIaceZS0j,192.168.1.6,54076.0,192.168.1.4,21.0,tcp,10.949050188064575,123.0,188.0,SF,1.0,1.0,0.0,ShAdDafrF,18.0,1067.0,17.0,1056.0,FTP
1720728305.150944,CdWmAa17UEZnVt0PGf,192.168.1.4,49165.0,192.168.1.1,53.0,udp,0.001636028289794,65.0,126.0,SF,1.0,1.0,0.0,Dd,1.0,93.0,1.0,154.0,DNS
1720728095.261114,CvnJ844RRx65Qt0a9b,192.168.1.4,35813.0,192.168.1.1,53.0,udp,0.001839160919189,54.0,199.0,SF,1.0,1.0,0.0,Dd,1.0,82.0,1.0,227.0,DNS
1720729330.63821,CeeSVH2kge2LKTuZb3,192.168.1.6,54860.0,192.168.1.4,21.0,tcp,10.291259050369264,114.0,188.0,SF,1.0,1.0,0.0,ShAdDafrF,18.0,1058.0,17.0,1056.0,FTP
1720730524.9797,CoEQ5WcGKi5iKmdIh,192.168.1.6,49538.0,192.168.1.4,21.0,tcp,9.354254961013794,125.0,188.0,SF,1.0,1.0,0.0,ShAdDafFr,18.0,1069.0,17.0,1056.0,FTP
1720729432.422043,Czs5Oc1vVeIOlRxByf,192.168.1.4,50849.0,192.168.1.1,53.0,udp,0.023151874542236,55.0,116.0,SF,1.0,1.0,0.0,Dd,1.0,83.0,1.0,144.0,DNS
1720730264.244435,C8duyO1WS98o04gZpg,192.168.1.6,45282.0,192.168.1.4,21.0,tcp,10.008425951004028,119.0,188.0,SF,1.0,1.0,0.0,ShAdDafFr,18.0,1063.0,17.0,1056.0,FTP
1720728096.497896,CSeP2X39F1FSf5Y896,192.168.1.4,51685.0,192.168.1.1,53.0,udp,10.008425951004028,119.0,188.0,SF,1.0,1.0,0.0,ShAdDafFr,18.0,1063.0,17.0,1056.0,DNS
1720729820.995589,CkHraS14Jj5wcW4f6e,192.168.1.6,34408.0,192.168.1.4,21.0,tcp,10.233323097229004,144.0,188.0,SF,1.0,1.0,0.0,ShAdDafrF,18.0,1088.0,17.0,1056.0,FTP
1720731076.868829,CYHJfV2kvdXuv5bWa1,192.168.1.6,56922.0,192.168.1.4,21.0,tcp,10.81896710395813,127.0,188.0,SF,1.0,1.0,0.0,ShAdDafrF,18.0,1071.0,17.0,1056.0,FTP
1720728034.854608,CnaDLy3M6d1hdlEiol,192.168.1.4,44799.0,142.251.32.104,443.0,tcp,10.81896710395813,127.0,188.0,SF,1.0,1.0,0.0,IIiiiIhhhHHhH,18.0,1071.0,17.0,1056.0,HTTPS
1720727884.899836,C0WX5r4dXAGufrZKmj,192.168.1.4,39298.0,146.75.36.84,443.0,tcp,10.81896710395813,127.0,188.0,SF,1.0,1.0,0.0,IIiiiIhhhHHhH,18.0,1071.0,17.0,1056.0,HTTPS
1720728034.832191,CBZKbh4gWlkotuhC6l,192.168.1.4,56671.0,192.168.1.1,53.0,udp,0.059361934661865,42.0,501.0,SF,1.0,1.0,0.0,Dd,1.0,70.0,1.0,529.0,DNS
1720728125.358155,CXf1rfSy5t0166Ac8,192.168.1.4,50841.0,192.168.1.1,53.0,udp,0.059361934661865,42.0,501.0,SF,1.0,1.0,0.0,Dd,1.0,70.0,1.0,529.0,DNS
1720727999.929321,ConMf3pqM8BMdpB12,192.168.1.6,51296.0,192.168.1.4,21.0,tcp,9.787773847579956,117.0,188.0,SF,1.0,1.0,0.0,ShAdDafrF,18.0,1061.0,17.0,1056.0,FTP
1720730021.244882,ChJ8NUCHyGHCdNto2,192.168.1.6,51606.0,192.168.1.4,21.0,tcp,9.45789384841919,128.0,188.0,SF,1.0,1.0,0.0,ShAdDafrF,18.0,1072.0,17.0,1056.0,FTP
1720727832.329133,CZszx2RnuaJ83oCBf,192.168.1.4,53640.0,20.114.189.135,443.0,tcp,9.45789384841919,128.0,188.0,SF,1.0,1.0,0.0,ShAdDafrF,18.0,1072.0,17.0,1056.0,HTTPS
1720728757.121232,Cgvu6mXB3r5KJBo41,192.168.1.6,43578.0,192.168.1.4,21.0,tcp,10.816845893859863,120.0,188.0,SF,1.0,1.0,0.0,ShAdDafrF,18.0,1064.0,17.0,1056.0,FTP
1720728096.687577,CyLS2c2wSUQhDatSS5,192.168.1.4,33810.0,192.168.1.1,53.0,udp,10.816845893859863,120.0,188.0,SF,1.0,1.0,0.0,ShAdDafrF,18.0,1064.0,17.0,1056.0,DNS
1720727824.609858,C4unpr1w0U5iE0Yc64,192.168.1.4,54086.0,192.168.1.1,53.0,udp,0.001276969909667,44.0,101.0,SF,1.0,1.0,0.0,Dd,1.0,72.0,1.0,129.0,DNS
1720729779.589033,CDZwH6IZs52lA5vk,192.168.1.6,46778.0,192.168.1.4,21.0,tcp,9.858317136764526,113.0,188.0,SF,1.0,1.0,0.0,ShAdDafFr,18.0,1057.0,17.0,1056.0,FTP
1720727765.859136,CBfxk9WiBT164loZ,192.168.1.4,34934.0,104.96.221.59,443.0,tcp,300.46193385124207,3001.0,79957.0,SF,1.0,0.0,0.0,ShADadFfR,42.0,5169.0,58.0,82981.0,HTTPS
1720728523.855662,Crr7w03lT6gljjEJm5,192.168.1.6,54488.0,192.168.1.4,21.0,tcp,10.05580186843872,115.0,188.0,SF,1.0,1.0,0.0,ShAdDafrF,18.0,1059.0,17.0,1056.0,FTP
1720731454.472345,CFclr53Ber74jhBV58,192.168.1.6,44240.0,192.168.1.4,21.0,tcp,9.907011985778809,146.0,188.0,SF,1.0,1.0,0.0,ShAdDafFr,18.0,1090.0,17.0,1056.0,FTP
1720729149.734036,CoKZGY1oNNvDfpeCDe,192.168.1.6,38976.0,192.168.1.4,21.0,tcp,9.3859601020813,122.0,188.0,SF,1.0,1.0,0.0,ShAdDafrF,18.0,1066.0,17.0,1056.0,FTP
1720728216.252672,Co6AwHhSWBGDwbxde,192.168.1.4,53929.0,192.168.1.1,53.0,udp,9.3859601020813,122.0,188.0,SF,1.0,1.0,0.0,ShAdDafrF,18.0,1066.0,17.0,1056.0,DNS
1720729432.683337,C5Dbpe2db5TIPYfey,192.168.1.6,47322.0,192.168.1.4,21.0,tcp,10.295911073684692,140.0,188.0,SF,1.0,1.0,0.0,ShAdDafrF,18.0,1084.0,17.0,1056.0,FTP
1720728272.005179,CHTIqh1tn4alMsSyyf,192.168.1.4,58201.0,35.190.80.1,443.0,tcp,10.295911073684692,140.0,188.0,SF,1.0,1.0,0.0,ShAdDafrF,18.0,1084.0,17.0,1056.0,HTTPS
1720731257.381826,CqVJIP2JahT03A6OZf,192.168.1.6,53444.0,192.168.1.4,21.0,tcp,10.096436977386476,179.0,188.0,SF,1.0,1.0,0.0,ShAdDafrF,18.0,1123.0,17.0,1056.0,FTP
1720727734.396164,Cnkfp54V4Zr4rABEEb,192.168.1.4,41677.0,104.18.10.207,443.0,udp,0.065973043441772,4156.0,8353.0,SF,1.0,0.0,0.0,Dd,10.0,4436.0,12.0,8689.0,HTTPS
1720729933.637998,CXsDV649o74GlAauRg,192.168.1.6,47658.0,192.168.1.4,21.0,tcp,9.030011892318726,132.0,188.0,SF,1.0,1.0,0.0,ShAdDafFr,18.0,1076.0,17.0,1056.0,FTP
1720730790.064467,CKaYRh3eKJAx9hPeb3,192.168.1.6,45482.0,192.168.1.4,21.0,tcp,9.503934144973757,128.0,188.0,SF,1.0,1.0,0.0,ShAdDafrF,18.0,1072.0,17.0,1056.0,FTP
1720730808.379712,C1UYxj3ASVRcEkm3p2,192.168.1.6,53376.0,192.168.1.4,21.0,tcp,9.582064867019652,127.0,188.0,SF,1.0,1.0,0.0,ShAdDafFr,18.0,1071.0,17.0,1056.0,FTP
1720727884.504181,CLS9pN2Cm65nxSPez8,192.168.1.4,51158.0,192.168.1.1,53.0,udp,9.582064867019652,127.0,188.0,SF,1.0,1.0,0.0,ShAdDafFr,18.0,1071.0,17.0,1056.0,DNS
1720729579.986495,CBUkpcn5ZFcbmsD0d,192.168.1.6,51954.0,192.168.1.4,21.0,tcp,9.156102895736694,112.0,188.0,SF,1.0,1.0,0.0,ShAdDafFr,18.0,1056.0,17.0,1056.0,FTP
1720728603.564184,CAnpDO2SFzvSCoO3Ff,192.168.1.6,34076.0,192.168.1.4,21.0,tcp,10.206568956375122,119.0,188.0,SF,1.0,1.0,0.0,ShAdDafFr,18.0,1063.0,17.0,1056.0,FTP
1720727915.524567,C5La9K2KczrIjO9pt7,192.168.1.4,56391.0,192.168.1.1,53.0,udp,10.206568956375122,119.0,188.0,SF,1.0,1.0,0.0,ShAdDafFr,18.0,1063.0,17.0,1056.0,DNS
1720728335.218768,Ca6ZIG3NpaqZGTITz7,192.168.1.4,49762.0,192.168.1.1,53.0,udp,0.003007173538208,40.0,434.0,SF,1.0,1.0,0.0,Dd,1.0,68.0,1.0,462.0,DNS
1720729216.74481,COv0Eg3smxvt3tomLg,192.168.1.6,40202.0,192.168.1.4,21.0,tcp,9.345458984375,117.0,188.0,SF,1.0,1.0,0.0,ShAdDafrF,18.0,1061.0,17.0,1056.0,FTP
1720728305.839965,Cjvc644JfHlWs0AbC7,192.168.1.4,51600.0,192.168.1.1,53.0,udp,0.002204895019531,42.0,89.0,SF,1.0,1.0,0.0,Dd,1.0,70.0,1.0,117.0,DNS
1720728124.813263,CMuDi333yzNA6pVWj,192.168.1.4,45664.0,192.168.1.1,53.0,udp,0.002616167068481,53.0,110.0,SF,1.0,1.0,0.0,Dd,1.0,81.0,1.0,138.0,DNS
1720728191.389336,CSMbYyfcoFBfcEwEl,192.168.1.4,54903.0,142.250.176.206,443.0,udp,0.002616167068481,53.0,110.0,SF,1.0,1.0,0.0,IIiiiIhhhHHhHH,1.0,81.0,1.0,138.0,HTTPS
1720728245.094495,CjaW2G1jB1gFBJlZoh,192.168.1.4,48448.0,192.168.1.1,53.0,udp,0.004009962081909,46.0,46.0,SF,1.0,1.0,0.0,Dd,1.0,74.0,1.0,74.0,DNS
1720727811.830114,CXKhFw1EvkHCJM1Ih,192.168.1.6,41958.0,192.168.1.4,21.0,tcp,10.021843194961548,118.0,188.0,SF,1.0,1.0,0.0,ShAdDafrF,18.0,1062.0,17.0,1056.0,FTP
1720731464.379766,C6idwk3V9jZw9hCcsj,192.168.1.6,56628.0,192.168.1.4,21.0,tcp,10.681965112686155,145.0,188.0,SF,1.0,1.0,0.0,ShAdDafFr,18.0,1089.0,17.0,1056.0,FTP
1720727763.138926,CtdeMLK6fov0dwY44,192.168.1.4,54123.0,192.168.1.1,53.0,udp,0.002135038375854,53.0,113.0,SF,1.0,1.0,0.0,Dd,1.0,81.0,1.0,141.0,DNS
1720728196.421657,CrIbXv3Be2c4MMEDx6,192.168.1.6,53844.0,192.168.1.4,21.0,tcp,9.776422023773192,117.0,188.0,SF,1.0,1.0,0.0,ShAdDafrF,18.0,1061.0,17.0,1056.0,FTP
1720728212.882516,CuySfW1WkgVeq36VKa,192.168.1.6,43930.0,192.168.1.4,21.0,tcp,10.309762001037598,118.0,188.0,SF,1.0,1.0,0.0,ShAdDafrF,18.0,1062.0,17.0,1056.0,FTP
1720728445.822672,CTTvLV6xeLRqBYU9k,192.168.1.6,37910.0,192.168.1.4,21.0,tcp,10.61272120475769,116.0,188.0,SF,1.0,1.0,0.0,ShAdDafrF,18.0,1060.0,17.0,1056.0,FTP
1720730828.134917,CMHHEg2HqzoViIFSEc,192.168.1.6,34324.0,192.168.1.4,21.0,tcp,9.826658010482788,137.0,188.0,SF,1.0,1.0,0.0,ShAdDafFr,18.0,1081.0,17.0,1056.0,FTP
1720728298.391174,C7JhEz3493chrGEkKf,192.168.1.6,60700.0,192.168.1.4,21.0,tcp,10.09834098815918,118.0,188.0,SF,1.0,1.0,0.0,ShAdDafrF,18.0,1062.0,17.0,1056.0,FTP
1720728761.033298,Cx109xtOiQEjIVZp3,192.168.1.6,43642.0,192.168.1.4,21.0,tcp,10.3192138671875,117.0,188.0,SF,1.0,1.0,0.0,ShAdDafrF,18.0,1061.0,17.0,1056.0,FTP
1720728035.054614,CKSB9i3CPYicVpuTxb,192.168.1.4,40842.0,104.244.42.200,443.0,tcp,10.3192138671875,117.0,188.0,SF,1.0,1.0,0.0,ShAdDafrF,18.0,1061.0,17.0,1056.0,HTTPS
1720728288.081106,CaPwm43Vu5VoYdS1ca,192.168.1.6,43534.0,192.168.1.4,21.0,tcp,10.309900045394896,118.0,188.0,SF,1.0,1.0,0.0,ShAdDafrF,18.0,1062.0,17.0,1056.0,FTP
1720730533.233972,CcTykc163UQFO5Qcc6,192.168.1.4,40052.0,192.168.1.1,53.0,udp,0.000676870346069,58.0,250.0,SF,1.0,1.0,0.0,Dd,1.0,86.0,1.0,278.0,DNS
1720730201.266215,CtyM049AVoEI2OBk6,192.168.1.6,45148.0,192.168.1.4,21.0,tcp,10.20015788078308,121.0,188.0,SF,1.0,1.0,0.0,ShAdDafFr,18.0,1065.0,17.0,1056.0,FTP
1720729376.320924,C1o0aQ2ir27nSK3wA7,192.168.1.6,47804.0,192.168.1.4,21.0,tcp,10.277752876281738,134.0,188.0,SF,1.0,1.0,0.0,ShAdDafrF,18.0,1078.0,17.0,1056.0,FTP
1720727768.669737,CdtT5kihg4md6rGC7,192.168.1.6,53402.0,192.168.1.4,21.0,tcp,8.704283952713013,118.0,188.0,SF,1.0,1.0,0.0,ShAdDafFr,18.0,1062.0,17.0,1056.0,FTP
1720727944.57484,CFcbAp1xz5TPxHpYG,192.168.1.4,36991.0,192.168.1.1,53.0,udp,0.037874937057495,50.0,214.0,SF,1.0,1.0,0.0,Dd,1.0,78.0,1.0,242.0,DNS
1720728351.093432,Cul4Yy42YKMpzaGBDf,192.168.1.6,46310.0,192.168.1.4,21.0,tcp,10.80899715423584,118.0,188.0,SF,1.0,1.0,0.0,ShAdDafrF,18.0,1062.0,17.0,1056.0,FTP
1720731831.874277,CCgXWm3gfiCNDnten3,192.168.1.6,45400.0,192.168.1.4,21.0,tcp,9.62968397140503,159.0,188.0,SF,1.0,1.0,0.0,ShAdDafFr,18.0,1103.0,17.0,1056.0,FTP
1720731412.959305,C6Cgjm2Hzg9OKephch,192.168.1.6,38922.0,192.168.1.4,21.0,tcp,10.228379964828491,135.0,188.0,SF,1.0,1.0,0.0,ShAdDafrF,18.0,1079.0,17.0,1056.0,FTP
1720728215.491959,Cdiwyi3DblQ9IsLc45,192.168.1.6,42388.0,192.168.1.4,21.0,tcp,9.595311880111694,117.0,188.0,SF,1.0,1.0,0.0,ShAdDafFr,18.0,1061.0,17.0,1056.0,FTP
1720728096.293788,CMk6Hk3uIMH1xbDvqd,192.168.1.4,46739.0,192.168.1.1,53.0,udp,0.027837991714477,40.0,117.0,SF,1.0,1.0,0.0,Dd,1.0,68.0,1.0,145.0,DNS
1720727767.345095,CSEXey227caXxciHB3,192.168.1.4,40340.0,20.114.189.135,443.0,udp,0.027837991714477,40.0,117.0,SF,1.0,1.0,0.0,Dd,1.0,68.0,1.0,145.0,HTTPS
1720727914.28333,CNXwBv2XjN3tGKAZBa,192.168.1.4,35836.0,192.168.1.1,53.0,udp,0.027837991714477,40.0,117.0,SF,1.0,1.0,0.0,Dd,1.0,68.0,1.0,145.0,DNS
1720730557.046427,CpErGbJRhDBwObS1a,192.168.1.6,59492.0,192.168.1.4,21.0,tcp,10.469188928604126,126.0,188.0,SF,1.0,1.0,0.0,ShAdDafrF,18.0,1070.0,17.0,1056.0,FTP
1720729592.99206,CDOCYu1QzNl7KGCgSb,192.168.1.6,51094.0,192.168.1.4,21.0,tcp,10.530143022537231,110.0,188.0,SF,1.0,1.0,0.0,ShAdDafrF,18.0,1054.0,17.0,1056.0,FTP
1720727915.646885,Ck2SCbuLpbMl8XTWa,192.168.1.4,59281.0,192.168.1.1,53.0,udp,10.530143022537231,110.0,188.0,SF,1.0,1.0,0.0,ShAdDafrF,18.0,1054.0,17.0,1056.0,DNS
1720728040.776599,CJ4j2A49prb9CcSHze,192.168.1.6,56494.0,192.168.1.4,21.0,tcp,9.997797966003418,118.0,188.0,SF,1.0,1.0,0.0,ShAdDafFr,18.0,1062.0,17.0,1056.0,FTP
1720728245.221772,ClOKGCKHruMMTXvW8,192.168.1.4,41285.0,192.168.1.1,53.0,udp,9.997797966003418,118.0,188.0,SF,1.0,1.0,0.0,ShAdDafFr,18.0,1062.0,17.0,1056.0,DNS
1720728096.289519,Culkcn1ym83qdJcJU2,192.168.1.4,53521.0,192.168.1.1,53.0,udp,0.04945683479309,47.0,474.0,SF,1.0,1.0,0.0,Dd,1.0,75.0,1.0,502.0,DNS
1720728306.005589,CY9s7KyllG6fDMsIh,192.168.1.4,47132.0,192.168.1.1,53.0,udp,0.04945683479309,47.0,474.0,SF,1.0,1.0,0.0,Dd,1.0,75.0,1.0,502.0,DNS
1720728306.401601,CzXPwl2AlNdjPARes3,192.168.1.4,55403.0,192.168.1.1,53.0,udp,0.04945683479309,47.0,474.0,SF,1.0,1.0,0.0,Dd,1.0,75.0,1.0,502.0,DNS
1720727853.861902,CWvP264FCDHc184yq2,192.168.1.4,60788.0,192.168.1.1,53.0,udp,0.04945683479309,47.0,474.0,SF,1.0,1.0,0.0,Dd,1.0,75.0,1.0,502.0,DNS
1720727884.33161,CLkfHj4IC0cq9xPdRf,192.168.1.4,49815.0,192.168.1.1,53.0,udp,0.497604131698608,43.0,356.0,SF,1.0,1.0,0.0,Dd,1.0,71.0,1.0,384.0,DNS
1720729818.469503,CDCkZX2KwwFOqr197e,192.168.1.6,34390.0,192.168.1.4,21.0,tcp,10.934421062469482,147.0,188.0,SF,1.0,1.0,0.0,ShAdDafrF,18.0,1091.0,17.0,1056.0,FTP
1720728187.158696,Cv4dFB4pcCg9EA2T4i,192.168.1.6,42734.0,192.168.1.4,21.0,tcp,10.139588117599487,118.0,188.0,SF,1.0,1.0,0.0,ShAdDafFr,18.0,1062.0,17.0,1056.0,FTP
1720727895.626672,CVU9Qk41zCSekxjLPj,192.168.1.6,46076.0,192.168.1.4,21.0,tcp,10.414522886276243,117.0,188.0,SF,1.0,1.0,0.0,ShAdDafrF,18.0,1061.0,17.0,1056.0,FTP
1720731226.590032,CUrE4T7IbhGtxgZdj,192.168.1.6,48674.0,192.168.1.4,21.0,tcp,9.993234872817991,120.0,188.0,SF,1.0,1.0,0.0,ShAdDafrF,18.0,1064.0,17.0,1056.0,FTP
1720728155.063569,C8ITld4lBrtFIg1vA4,192.168.1.4,49159.0,192.168.1.1,53.0,udp,0.003777980804443,45.0,163.0,SF,1.0,1.0,0.0,Dd,1.0,73.0,1.0,191.0,DNS
1720728095.42235,CVlGGE1h9LK5DIvmMl,192.168.1.4,48836.0,192.168.1.1,53.0,udp,0.045017957687377,38.0,487.0,SF,1.0,1.0,0.0,Dd,1.0,66.0,1.0,515.0,DNS
1720729159.78922,C0igPQ11LnhJJE0cc1,192.168.1.6,45876.0,192.168.1.4,21.0,tcp,9.994243860244753,122.0,188.0,SF,1.0,1.0,0.0,ShAdDafFr,18.0,1066.0,17.0,1056.0,FTP
1720730877.433138,CDDPrL2l6yubWte1E3,192.168.1.6,60106.0,192.168.1.4,21.0,tcp,9.810474157333374,127.0,188.0,SF,1.0,1.0,0.0,ShAdDafFr,18.0,1071.0,17.0,1056.0,FTP
1720728139.720087,Cjj3Iz1VWh1HlSgUR8,192.168.1.6,37300.0,192.168.1.4,21.0,tcp,8.767506837844849,118.0,188.0,SF,1.0,1.0,0.0,ShAdDafrF,18.0,1062.0,17.0,1056.0,FTP
1720729864.545078,C18bPX3kIV3X18ufW2,192.168.1.6,51886.0,192.168.1.4,21.0,tcp,10.39818286895752,136.0,188.0,SF,1.0,1.0,0.0,ShAdDafrF,18.0,1080.0,17.0,1056.0,FTP
1720728186.839307,CPrIdA46fL5zdrTV2e,192.168.1.4,49224.0,52.35.241.161,443.0,tcp,10.39818286895752,136.0,188.0,SF,1.0,1.0,0.0,ShAdDafrF,18.0,1080.0,17.0,1056.0,HTTPS
1720731025.043888,CNmB6A3urrifsQKY6f,192.168.1.6,43512.0,192.168.1.4,21.0,tcp,10.776729822158812,123.0,188.0,SF,1.0,1.0,0.0,ShAdDafrF,18.0,1067.0,17.0,1056.0,FTP
1720727739.45847,CL0UK24caCQgWR2nOl,192.168.1.4,33921.0,216.239.36.178,443.0,tcp,10.776729822158812,123.0,188.0,SF,1.0,1.0,0.0,IIiiihhhIHHhH,18.0,1067.0,17.0,1056.0,HTTPS
1720728979.995389,Ch31Zf13IWzM3FYHbh,192.168.1.6,57678.0,192.168.1.4,21.0,tcp,10.066450119018556,111.0,188.0,SF,1.0,1.0,0.0,ShAdDafrF,18.0,1055.0,17.0,1056.0,FTP
1720728383.511513,CpPYxH34QP49Qp7DKh,192.168.1.6,56534.0,192.168.1.4,21.0,tcp,9.787041902542114,117.0,188.0,SF,1.0,1.0,0.0,ShAdDafrF,18.0,1061.0,17.0,1056.0,FTP
1720730933.02022,C1c3Wn1lPgDRZfN0C4,192.168.1.6,40644.0,192.168.1.4,21.0,tcp,10.868356943130491,154.0,188.0,SF,1.0,1.0,0.0,ShAdDafrF,18.0,1098.0,17.0,1056.0,FTP
1720731693.691279,CW83aV14jUnmG7r7hd,192.168.1.6,35478.0,192.168.1.4,21.0,tcp,10.277738094329834,157.0,188.0,SF,1.0,1.0,0.0,ShAdDafrF,18.0,1101.0,17.0,1056.0,FTP
1720727916.607426,CvNr892TpWmVbyIrW6,192.168.1.4,43238.0,142.251.179.84,443.0,tcp,10.277738094329834,157.0,188.0,SF,1.0,1.0,0.0,IIiiiIhhhHHhHH,18.0,1101.0,17.0,1056.0,HTTPS
1720731424.70662,CBTh9V1ti4qf4WbxKj,192.168.1.6,35428.0,192.168.1.4,21.0,tcp,10.485152006149292,140.0,188.0,SF,1.0,1.0,0.0,ShAdDafrF,18.0,1084.0,17.0,1056.0,FTP
1720727914.369716,CBAiDJdOC1OBHpm2e,192.168.1.4,48137.0,192.168.1.1,53.0,udp,0.005345106124877,58.0,139.0,SF,1.0,1.0,0.0,Dd,1.0,86.0,1.0,167.0,DNS
1720727764.854291,CDJQqC2NduNFR1n6Q6,192.168.1.4,34097.0,192.168.1.1,53.0,udp,0.003828048706054,45.0,122.0,SF,1.0,1.0,0.0,Dd,1.0,73.0,1.0,150.0,DNS
1720727914.257972,CTFJkIRPFWU36xmDg,192.168.1.4,49937.0,192.168.1.1,53.0,udp,0.019224882125854,42.0,163.0,SF,1.0,1.0,0.0,Dd,1.0,70.0,1.0,191.0,DNS
1720730494.727995,CSFr4Y1BhtD1Fzapvl,192.168.1.6,58660.0,192.168.1.4,21.0,tcp,10.017315149307253,128.0,188.0,SF,1.0,1.0,0.0,ShAdDafrF,18.0,1072.0,17.0,1056.0,FTP
1720731254.169791,CHYyUb48voaiY8Hg,192.168.1.6,53344.0,192.168.1.4,21.0,tcp,10.057297945022585,172.0,188.0,SF,1.0,1.0,0.0,ShAdDafrF,18.0,1116.0,17.0,1056.0,FTP
1720728035.201368,CHLnD412poX6s1tEEa,192.168.1.4,59939.0,192.168.1.1,53.0,udp,0.01827597618103,48.0,108.0,SF,1.0,1.0,0.0,Dd,1.0,76.0,1.0,136.0,DNS
1720731756.480914,CLOPRs2zGTBQaCKNik,192.168.1.6,51806.0,192.168.1.4,21.0,tcp,11.091365814208984,181.0,188.0,SF,1.0,1.0,0.0,ShAdDafrF,18.0,1125.0,17.0,1056.0,FTP
1720729295.447806,CVZW5p34WX0VQwJhn,192.168.1.6,45700.0,192.168.1.4,21.0,tcp,10.394880056381226,133.0,188.0,SF,1.0,1.0,0.0,ShAdDafFr,18.0,1077.0,17.0,1056.0,FTP
1720728100.93127,CFOxOu28ySh9SGIWGb,192.168.1.6,39998.0,192.168.1.4,21.0,tcp,10.056650161743164,118.0,188.0,SF,1.0,1.0,0.0,ShAdDafFr,18.0,1062.0,17.0,1056.0,FTP
1720728111.043889,CxjAOk4bHW5ADq25Ei,192.168.1.6,37254.0,192.168.1.4,21.0,tcp,9.16435194015503,118.0,188.0,SF,1.0,1.0,0.0,ShAdDafrF,18.0,1062.0,17.0,1056.0,FTP
1720727763.823366,C4D30pR8Zid4S0257,192.168.1.4,60261.0,192.168.1.1,53.0,udp,0.003565073013305,41.0,202.0,SF,1.0,1.0,0.0,Dd,1.0,69.0,1.0,230.0,DNS
1720731363.886563,CT6bnJzfg3dfI52sg,192.168.1.6,56748.0,192.168.1.4,21.0,tcp,10.708047866821287,179.0,188.0,SF,1.0,1.0,0.0,ShAdDafrF,18.0,1123.0,17.0,1056.0,FTP
1720728148.513343,CxyM9A29OfpaYZe7Og,192.168.1.6,42114.0,192.168.1.4,21.0,tcp,9.864012002944946,118.0,188.0,SF,1.0,1.0,0.0,ShAdDafrF,18.0,1062.0,17.0,1056.0,FTP
1720728034.167799,CVIIaS1NtLM3wjo8ze,192.168.1.4,35776.0,144.118.67.10,443.0,tcp,60.16098594665527,1880.0,6405.0,SF,1.0,0.0,0.0,ShADadFf,10.0,2408.0,9.0,6881.0,HTTPS
1720731013.553091,CDzEWjysyp68Umgk4,192.168.1.6,35434.0,192.168.1.4,21.0,tcp,11.361825942993164,123.0,188.0,SF,1.0,1.0,0.0,ShAdDafFr,18.0,1067.0,17.0,1056.0,FTP
1720728155.172071,Cnlnnur2owfQdbg39,192.168.1.4,41470.0,192.168.1.1,53.0,udp,0.019849061965942,49.0,170.0,SF,1.0,1.0,0.0,Dd,1.0,77.0,1.0,198.0,DNS
1720730860.688148,Cxvpf61Iy5cKqNmll5,192.168.1.6,42012.0,192.168.1.4,21.0,tcp,10.865444898605348,123.0,188.0,SF,1.0,1.0,0.0,ShAdDafrF,18.0,1067.0,17.0,1056.0,FTP
1720728167.138882,C1EDeQ2ELoBiSQdY1l,192.168.1.6,46962.0,192.168.1.4,21.0,tcp,9.557608127593994,118.0,188.0,SF,1.0,1.0,0.0,ShAdDafFr,18.0,1062.0,17.0,1056.0,FTP
1720727777.316215,CoOUNe4DgaHNRQTdNj,192.168.1.6,35244.0,192.168.1.4,21.0,tcp,9.39334487915039,118.0,188.0,SF,1.0,1.0,0.0,ShAdDafrF,18.0,1062.0,17.0,1056.0,FTP
1720727758.823878,CqNyjA3koLP4DjVPGf,192.168.1.6,52098.0,192.168.1.4,21.0,tcp,9.845754861831663,118.0,188.0,SF,1.0,1.0,0.0,ShAdDafFr,18.0,1062.0,17.0,1056.0,FTP
1720727841.755758,CdyXqD1jo7DlaIVTji,192.168.1.6,42464.0,192.168.1.4,21.0,tcp,9.696259021759031,118.0,188.0,SF,1.0,1.0,0.0,ShAdDafrF,18.0,1062.0,17.0,1056.0,FTP
1720728245.133287,CTjhkv1oCidjYvFmna,192.168.1.4,45932.0,192.168.1.1,53.0,udp,0.00173807144165,76.0,147.0,SF,1.0,1.0,0.0,Dd,1.0,104.0,1.0,175.0,DNS
1720727914.277327,C5rnYu3fltQhws3iTk,192.168.1.4,34380.0,192.168.1.1,53.0,udp,0.00173807144165,76.0,147.0,SF,1.0,1.0,0.0,Dd,1.0,104.0,1.0,175.0,DNS
1720728891.499597,CUwxYZ1ytYfpvUYsd6,192.168.1.6,55590.0,192.168.1.4,21.0,tcp,8.730109930038452,136.0,188.0,SF,1.0,1.0,0.0,ShAdDafrF,18.0,1080.0,17.0,1056.0,FTP
1720727824.39421,Cul4UC1BzMHVaYBoD2,192.168.1.4,52009.0,192.168.1.1,53.0,udp,8.730109930038452,136.0,188.0,SF,1.0,1.0,0.0,ShAdDafrF,18.0,1080.0,17.0,1056.0,DNS
1720731666.782965,CrrJCK35vgIDCNzgVe,192.168.1.6,43420.0,192.168.1.4,21.0,tcp,10.017531156539915,141.0,188.0,SF,1.0,1.0,0.0,ShAdDafrF,18.0,1085.0,17.0,1056.0,FTP
1720730142.156408,CMx0is1vzB291gckz,192.168.1.6,57560.0,192.168.1.4,21.0,tcp,10.764094829559326,124.0,188.0,SF,1.0,1.0,0.0,ShAdDafrF,18.0,1068.0,17.0,1056.0,FTP
1720728244.927142,Cfajf43jc71Lclygki,192.168.1.4,50690.0,192.168.1.1,53.0,udp,10.764094829559326,124.0,188.0,SF,1.0,1.0,0.0,ShAdDafrF,18.0,1068.0,17.0,1056.0,DNS
1720731774.014843,CnrEAr2NC1nwCynHU9,192.168.1.6,50118.0,192.168.1.4,21.0,tcp,10.082751989364624,175.0,188.0,SF,1.0,1.0,0.0,ShAdDafFr,18.0,1119.0,17.0,1056.0,FTP
1720730236.517595,CPmgCv4FcVrpKgJJF1,192.168.1.6,35198.0,192.168.1.4,21.0,tcp,9.942931890487673,136.0,188.0,SF,1.0,1.0,0.0,ShAdDafrF,18.0,1080.0,17.0,1056.0,FTP
1720729389.895751,CRqpk83RTx6RTGt45j,192.168.1.6,36178.0,192.168.1.4,21.0,tcp,10.272789001464844,115.0,188.0,SF,1.0,1.0,0.0,ShAdDafrF,18.0,1059.0,17.0,1056.0,FTP
1720730995.466195,CVMEai4h3Y2wFFlnHf,192.168.1.6,44266.0,192.168.1.4,21.0,tcp,10.679932832717896,127.0,188.0,SF,1.0,1.0,0.0,ShAdDafrF,18.0,1071.0,17.0,1056.0,FTP
1720728624.430648,CtEDYGZyufQiFxkMb,192.168.1.6,36712.0,192.168.1.4,21.0,tcp,10.37778902053833,129.0,188.0,SF,1.0,1.0,0.0,ShAdDafFr,18.0,1073.0,17.0,1056.0,FTP
1720728305.990984,CuVlN926wnfbScupY9,192.168.1.4,54906.0,142.251.32.102,443.0,tcp,10.37778902053833,129.0,188.0,SF,1.0,1.0,0.0,IIiiiIhhhHH,18.0,1073.0,17.0,1056.0,HTTPS
1720731381.960582,CHPLTw4fFHBBRkYedi,192.168.1.6,46356.0,192.168.1.4,21.0,tcp,9.315335988998411,156.0,188.0,SF,1.0,1.0,0.0,ShAdDafrF,18.0,1100.0,17.0,1056.0,FTP
1720728275.077362,CtXwLn2Q3tnvTxfSu7,192.168.1.4,33116.0,18.238.4.62,443.0,tcp,76.36680102348328,1901.0,4276.0,SF,1.0,0.0,0.0,ShADadFf,11.0,2481.0,11.0,4856.0,HTTPS
1720728154.577488,CkgSMv3BkA6GupT59,192.168.1.4,47753.0,192.168.1.1,53.0,udp,76.36680102348328,1901.0,4276.0,SF,1.0,0.0,0.0,ShADadFf,11.0,2481.0,11.0,4856.0,DNS
1720730860.463447,CRaUNK1VEot5W5HOz3,192.168.1.6,41988.0,192.168.1.4,21.0,tcp,10.267246961593628,121.0,188.0,SF,1.0,1.0,0.0,ShAdDafFr,18.0,1065.0,17.0,1056.0,FTP
1720728186.346904,CnR4lp25gX4x6Vfxk8,192.168.1.4,47363.0,192.168.1.1,53.0,udp,0.051379919052124,50.0,171.0,SF,1.0,1.0,0.0,Dd,1.0,78.0,1.0,199.0,DNS
1720731097.692478,C034142CqMnTzLoQv6,192.168.1.6,43346.0,192.168.1.4,21.0,tcp,10.154221057891846,122.0,188.0,SF,1.0,1.0,0.0,ShAdDafrF,18.0,1066.0,17.0,1056.0,FTP
1720728966.921745,CVzI993zZedwW7uQ88,192.168.1.6,43112.0,192.168.1.4,21.0,tcp,9.703896045684814,146.0,188.0,SF,1.0,1.0,0.0,ShAdDafrF,18.0,1090.0,17.0,1056.0,FTP
1720728425.797751,CJN0hFGlDcMAVKbh4,192.168.1.6,50472.0,192.168.1.4,21.0,tcp,9.881456136703491,118.0,188.0,SF,1.0,1.0,0.0,ShAdDafrF,18.0,1062.0,17.0,1056.0,FTP
1720728155.212133,Cx2xaw3YGUubskwYU,192.168.1.4,46016.0,23.62.164.139,443.0,tcp,9.881456136703491,118.0,188.0,SF,1.0,1.0,0.0,ShAdDafrF,18.0,1062.0,17.0,1056.0,HTTPS
1720727914.218993,C34hZ2Vi58ztTbbik,192.168.1.4,51682.0,13.224.214.32,443.0,tcp,9.881456136703491,118.0,188.0,SF,1.0,1.0,0.0,ShAdDafrF,18.0,1062.0,17.0,1056.0,HTTPS
1720729138.34521,CvvgTf1FeQzVCBTYj,192.168.1.6,47390.0,192.168.1.4,21.0,tcp,9.922263860702516,122.0,188.0,SF,1.0,1.0,0.0,ShAdDafrF,18.0,1066.0,17.0,1056.0,FTP
1720727794.105885,CxnryY2u5I5zgNHoA6,192.168.1.4,56888.0,142.251.40.131,443.0,tcp,240.39054203033447,3034.0,46720.0,SF,1.0,0.0,0.0,ShADadFf,38.0,5018.0,48.0,49224.0,HTTPS
1720727853.985022,CMz4ar2hDPGIWnaF9,192.168.1.4,46874.0,13.225.63.31,443.0,tcp,240.05179595947263,2443.0,145085.0,SF,1.0,0.0,0.0,ShADadfF,61.0,5623.0,91.0,149825.0,HTTPS
1720727916.607426,CvNr892TpWmVbyIrW6,192.168.1.4,43238.0,142.251.179.84,443.0,udp,0.192629098892211,4806.0,10366.0,SF,1.0,0.0,0.0,Dd,13.0,5170.0,15.0,10786.0,HTTPS
1720728305.777898,Cjd9E7QfivHRNAb26,192.168.1.4,40508.0,34.149.158.18,443.0,udp,0.192629098892211,4806.0,10366.0,SF,1.0,0.0,0.0,IIiishhhHHH,13.0,5170.0,15.0,10786.0,HTTPS
1720728306.195163,CGEUUy1MX3skCDlGxk,192.168.1.4,43896.0,192.168.1.1,53.0,udp,0.000618934631347,43.0,59.0,SF,1.0,1.0,0.0,Dd,1.0,71.0,1.0,87.0,DNS
1720729995.620857,ClAOid2I8DObI58Oc6,192.168.1.6,52132.0,192.168.1.4,21.0,tcp,10.972101926803589,126.0,188.0,SF,1.0,1.0,0.0,ShAdDafrF,18.0,1070.0,17.0,1056.0,FTP
1720728125.056641,CB4x0u1tTV2Y3UqqOh,192.168.1.4,60019.0,192.168.1.1,53.0,udp,0.076828002929687,50.0,494.0,SF,1.0,1.0,0.0,Dd,1.0,78.0,1.0,522.0,DNS
1720731087.743339,CJdlkdQue1yfRIeo,192.168.1.6,51570.0,192.168.1.4,21.0,tcp,9.90844202041626,137.0,188.0,SF,1.0,1.0,0.0,ShAdDafrF,18.0,1081.0,17.0,1056.0,FTP
1720729729.524702,C2jWQN227uhqsCBe45,192.168.1.6,37964.0,192.168.1.4,21.0,tcp,9.200294017791748,112.0,188.0,SF,1.0,1.0,0.0,ShAdDafrF,18.0,1056.0,17.0,1056.0,FTP
1720728245.063238,CTJuQQ3GKlj01f5jId,192.168.1.4,41060.0,192.168.1.1,53.0,udp,9.200294017791748,112.0,188.0,SF,1.0,1.0,0.0,ShAdDafrF,18.0,1056.0,17.0,1056.0,DNS
1720730516.167774,C55MX83kaDWBFNYpO9,192.168.1.6,46286.0,192.168.1.4,21.0,tcp,9.654608964920044,136.0,188.0,SF,1.0,1.0,0.0,ShAdDafrF,18.0,1080.0,17.0,1056.0,FTP
1720728071.750347,C68Nta2FWtX0YV9Zq6,192.168.1.6,56284.0,192.168.1.4,21.0,tcp,10.098218202590942,118.0,188.0,SF,1.0,1.0,0.0,ShAdDafrF,18.0,1062.0,17.0,1056.0,FTP
1720728034.878602,C2OsnB4eUOXCmQLQle,192.168.1.4,48931.0,192.168.1.1,53.0,udp,10.098218202590942,118.0,188.0,SF,1.0,1.0,0.0,ShAdDafrF,18.0,1062.0,17.0,1056.0,DNS
1720729881.313771,CL6fR12sWBXWswiHLl,192.168.1.6,46318.0,192.168.1.4,21.0,tcp,10.41592288017273,128.0,188.0,SF,1.0,1.0,0.0,ShAdDafrF,18.0,1072.0,17.0,1056.0,FTP
1720729050.886031,CVezKL1NVz7NBNnlOe,192.168.1.6,56036.0,192.168.1.4,21.0,tcp,10.774375200271606,133.0,188.0,SF,1.0,1.0,0.0,ShAdDafFr,18.0,1077.0,17.0,1056.0,FTP
1720729767.400719,CayYdwdbHZPivbrad,192.168.1.6,59064.0,192.168.1.4,21.0,tcp,10.00251603126526,112.0,188.0,SF,1.0,1.0,0.0,ShAdDafrF,18.0,1056.0,17.0,1056.0,FTP
1720728196.375642,CGP2Fz1atrOxXat2of,192.168.1.6,53818.0,192.168.1.4,21.0,tcp,9.775418043136597,118.0,188.0,SF,1.0,1.0,0.0,ShAdDafFr,18.0,1062.0,17.0,1056.0,FTP
1720727766.670137,C2wQFd1y0wOaqq3u7k,192.168.1.4,36301.0,192.168.1.1,53.0,udp,0.002392053604125,62.0,228.0,SF,1.0,1.0,0.0,Dd,1.0,90.0,1.0,256.0,DNS
1720728094.861564,CZTP1s4iUiNWOknXO8,192.168.1.4,50788.0,45.60.73.43,443.0,udp,0.002392053604125,62.0,228.0,SF,1.0,1.0,0.0,Dd,1.0,90.0,1.0,256.0,HTTPS
1720728034.989421,CBmvw71GCns4qF0v0c,192.168.1.4,41571.0,142.250.81.238,443.0,udp,0.002392053604125,62.0,228.0,SF,1.0,1.0,0.0,Dd,1.0,90.0,1.0,256.0,HTTPS
1720727824.623876,CVXZSb4ICNjsAmIncg,192.168.1.4,34216.0,142.250.65.163,443.0,tcp,60.17435884475708,1865.0,6351.0,SF,1.0,0.0,0.0,ShADadFf,12.0,2497.0,10.0,6879.0,HTTPS
1720729968.340788,CBaNio2aju9rCgK1d3,192.168.1.6,36208.0,192.168.1.4,21.0,tcp,10.917472124099731,133.0,188.0,SF,1.0,1.0,0.0,ShAdDafrF,18.0,1077.0,17.0,1056.0,FTP
1720728154.564158,ChoHdM1iNYntkuIUya,192.168.1.4,44105.0,192.168.1.1,53.0,udp,10.917472124099731,133.0,188.0,SF,1.0,1.0,0.0,ShAdDafrF,18.0,1077.0,17.0,1056.0,DNS
1720728605.960859,Cy1juo1YBaQubTXTTe,192.168.1.6,34122.0,192.168.1.4,21.0,tcp,10.017035961151125,146.0,188.0,SF,1.0,1.0,0.0,ShAdDafrF,18.0,1090.0,17.0,1056.0,FTP
1720729511.21491,CJhAng3LEjv9a8Kand,192.168.1.6,39592.0,192.168.1.4,21.0,tcp,11.031409978866575,124.0,188.0,SF,1.0,1.0,0.0,ShAdDafrF,18.0,1068.0,17.0,1056.0,FTP
1720728116.288037,CR3kk04m4YOnw7OpJg,192.168.1.6,53716.0,192.168.1.4,21.0,tcp,8.910406827926636,118.0,188.0,SF,1.0,1.0,0.0,ShAdDafrF,18.0,1062.0,17.0,1056.0,FTP
1720730534.74907,CWym274EJiSRCjol65,192.168.1.6,58708.0,192.168.1.4,21.0,tcp,10.15788197517395,131.0,188.0,SF,1.0,1.0,0.0,ShAdDafrF,18.0,1075.0,17.0,1056.0,FTP
1720728761.285797,CLW5kT2V9kIqAoW158,192.168.1.6,43708.0,192.168.1.4,21.0,tcp,10.336102962493896,120.0,188.0,SF,1.0,1.0,0.0,ShAdDafrF,18.0,1064.0,17.0,1056.0,FTP
1720731798.618254,CWvnlc1wJG1YKaAig8,192.168.1.6,60922.0,192.168.1.4,21.0,tcp,10.394288063049316,138.0,188.0,SF,1.0,1.0,0.0,ShAdDafFr,18.0,1082.0,17.0,1056.0,FTP
1720728305.977547,C1pP6z1RrVEBi1wK73,192.168.1.4,51283.0,142.251.41.6,443.0,tcp,10.394288063049316,138.0,188.0,SF,1.0,1.0,0.0,ShAdDafFr,18.0,1082.0,17.0,1056.0,HTTPS
1720727733.078061,CPWS9J3EmS30SSMFp3,192.168.1.4,48740.0,172.64.146.72,443.0,tcp,10.394288063049316,138.0,188.0,SF,1.0,1.0,0.0,IIiiiiIHhhHhH,18.0,1082.0,17.0,1056.0,HTTPS
1720729129.660216,Cb2aPMTWIN3syXWDk,192.168.1.6,45822.0,192.168.1.4,21.0,tcp,10.774319887161257,124.0,188.0,SF,1.0,1.0,0.0,ShAdDafrF,18.0,1068.0,17.0,1056.0,FTP
1720731006.130218,CwVbwq4hU4FL9JwB8,192.168.1.6,35382.0,192.168.1.4,21.0,tcp,10.74173903465271,125.0,188.0,SF,1.0,1.0,0.0,ShAdDafrF,18.0,1069.0,17.0,1056.0,FTP
1720727914.258124,CZYEE61jU48d8jwJ5h,192.168.1.4,52958.0,192.168.1.1,53.0,udp,0.020137786865234,42.0,163.0,SF,1.0,1.0,0.0,Dd,1.0,70.0,1.0,191.0,DNS
1720729831.197907,CnQUKg404W1cPIXH,192.168.1.6,34374.0,192.168.1.4,21.0,tcp,10.349111080169678,128.0,188.0,SF,1.0,1.0,0.0,ShAdDafrF,18.0,1072.0,17.0,1056.0,FTP
1720729480.536618,C04oGGlKRRaZqZdqb,192.168.1.6,50050.0,192.168.1.4,21.0,tcp,10.596964120864868,134.0,188.0,SF,1.0,1.0,0.0,ShAdDafrF,18.0,1078.0,17.0,1056.0,FTP
1720728035.369742,Cti8DFUOnJRLwmsCk,192.168.1.4,44315.0,192.168.1.1,53.0,udp,10.596964120864868,134.0,188.0,SF,1.0,1.0,0.0,ShAdDafrF,18.0,1078.0,17.0,1056.0,DNS
1720729608.339564,CY7KCg3rIVICFxOIs4,192.168.1.6,48604.0,192.168.1.4,21.0,tcp,10.306185960769652,108.0,188.0,SF,1.0,1.0,0.0,ShAdDafrF,18.0,1052.0,17.0,1056.0,FTP
1720730232.730415,CMnwXf2mFZALcKr0Ze,192.168.1.6,47140.0,192.168.1.4,21.0,tcp,10.77917194366455,128.0,188.0,SF,1.0,1.0,0.0,ShAdDafrF,18.0,1072.0,17.0,1056.0,FTP
1720730288.45143,CfmxgH1odG3sM598T1,192.168.1.6,51034.0,192.168.1.4,21.0,tcp,10.230005979537964,127.0,188.0,SF,1.0,1.0,0.0,ShAdDafrF,18.0,1071.0,17.0,1056.0,FTP
1720728403.99001,CHfLnc3D7Q51HNvJMf,192.168.1.6,38466.0,192.168.1.4,21.0,tcp,10.974166870117188,117.0,188.0,SF,1.0,1.0,0.0,ShAdDafFr,18.0,1061.0,17.0,1056.0,FTP
1720727785.157729,CNCyMs46ASozVxqAye,192.168.1.6,45706.0,192.168.1.4,21.0,tcp,10.505421161651611,120.0,188.0,SF,1.0,1.0,0.0,ShAdDafrF,18.0,1064.0,17.0,1056.0,FTP
1720727824.613145,CZRYfIgbbTJdrfaAb,192.168.1.4,35912.0,142.251.41.3,443.0,tcp,240.3140559196472,3374.0,824618.0,SF,1.0,0.0,126000.0,ShADadtggFf,195.0,13534.0,334.0,841994.0,HTTPS
1720728096.370734,CaY7uJ2ayDrNJnDcCb,192.168.1.4,60289.0,192.168.1.1,53.0,udp,240.3140559196472,3374.0,824618.0,SF,1.0,0.0,126000.0,ShADadtggFf,195.0,13534.0,334.0,841994.0,DNS
1720730676.337238,C136YF1ag20erOvl5e,192.168.1.6,42242.0,192.168.1.4,21.0,tcp,10.488903999328612,128.0,188.0,SF,1.0,1.0,0.0,ShAdDafrF,18.0,1072.0,17.0,1056.0,FTP
1720729626.931189,CbGXtG4e3FfnOXNZs1,192.168.1.6,32896.0,192.168.1.4,21.0,tcp,9.189180850982666,116.0,188.0,SF,1.0,1.0,0.0,ShAdDafrF,18.0,1060.0,17.0,1056.0,FTP
1720728716.041333,Cm3rE1p4J9fZiKkC3,192.168.1.6,45206.0,192.168.1.4,21.0,tcp,10.599812030792236,141.0,188.0,SF,1.0,1.0,0.0,ShAdDafrF,18.0,1085.0,17.0,1056.0,FTP
1720730447.554978,CNJfK73oR2NvWNNLve,192.168.1.6,44160.0,192.168.1.4,21.0,tcp,9.66062307357788,125.0,188.0,SF,1.0,1.0,0.0,ShAdDafrF,18.0,1069.0,17.0,1056.0,FTP
1720729574.428848,CcEyPd1XL7nVUN9dc6,192.168.1.6,51822.0,192.168.1.4,21.0,tcp,9.826292037963867,111.0,188.0,SF,1.0,1.0,0.0,ShAdDafrF,18.0,1055.0,17.0,1056.0,FTP
1720728918.024872,CZfm193S7NKYgvQzN3,192.168.1.6,50542.0,192.168.1.4,21.0,tcp,9.52810287475586,161.0,188.0,SF,1.0,1.0,0.0,ShAdDafrF,18.0,1105.0,17.0,1056.0,FTP
1720730953.798228,CaM0Y731PwRYNWsG8k,192.168.1.6,51416.0,192.168.1.4,21.0,tcp,11.044368982315063,135.0,188.0,SF,1.0,1.0,0.0,ShAdDafrF,18.0,1079.0,17.0,1056.0,FTP
1720728360.58749,CVbw0H3xWhjQpN5MHi,192.168.1.6,36048.0,192.168.1.4,21.0,tcp,10.264338970184326,118.0,188.0,SF,1.0,1.0,0.0,ShAdDafFr,18.0,1062.0,17.0,1056.0,FTP
1720729352.898304,CEB9lT1wxhgIswaAO1,192.168.1.6,32992.0,192.168.1.4,21.0,tcp,9.679245948791504,116.0,188.0,SF,1.0,1.0,0.0,ShAdDafrF,18.0,1060.0,17.0,1056.0,FTP
1720729432.098232,CTD6lXKQYc2mtJO4j,192.168.1.4,49370.0,192.168.1.1,53.0,udp,0.29526400566101,43.0,258.0,SF,1.0,1.0,0.0,Dd,1.0,71.0,1.0,286.0,DNS
1720731919.162742,C4lGcuWIrCA53IWX9,192.168.1.6,38594.0,192.168.1.4,21.0,tcp,8.80679702758789,167.0,188.0,SF,1.0,1.0,0.0,ShAdDafrF,18.0,1111.0,17.0,1056.0,FTP
1720728822.381287,CHBJRc2dPlwu0at8n,192.168.1.6,57352.0,192.168.1.4,21.0,tcp,9.318302869796751,117.0,188.0,SF,1.0,1.0,0.0,ShAdDafrF,18.0,1061.0,17.0,1056.0,FTP
1720727815.87473,C2Dyqixeq3YGw5iy8,192.168.1.6,44954.0,192.168.1.4,21.0,tcp,9.67140793800354,118.0,188.0,SF,1.0,1.0,0.0,ShAdDafFr,18.0,1062.0,17.0,1056.0,FTP
1720731315.729246,C4JRP03tXbiiiuz91f,192.168.1.6,34610.0,192.168.1.4,21.0,tcp,9.797381162643433,154.0,188.0,SF,1.0,1.0,0.0,ShAdDafFr,18.0,1098.0,17.0,1056.0,FTP
1720728125.235706,C3wtCWNNPD4G91709,192.168.1.4,37254.0,31.13.71.36,443.0,tcp,65.07404494285583,2689.0,3158.0,SF,1.0,0.0,0.0,ShADadfF,14.0,3425.0,15.0,3946.0,HTTPS
1720728293.610203,CTdqxx1dC1LKzIz1Bc,192.168.1.6,60680.0,192.168.1.4,21.0,tcp,10.204719066619871,118.0,188.0,SF,1.0,1.0,0.0,ShAdDafrF,18.0,1062.0,17.0,1056.0,FTP
1720728096.841973,Cgkshp3slQnfd6L9H2,192.168.1.4,50492.0,192.168.1.1,53.0,udp,0.028622865676879,65.0,456.0,SF,1.0,1.0,0.0,Dd,1.0,93.0,1.0,484.0,DNS
1720729457.389415,CPPZd73Gx5p7aqLDe,192.168.1.6,56438.0,192.168.1.4,21.0,tcp,10.925333976745604,137.0,188.0,SF,1.0,1.0,0.0,ShAdDafrF,18.0,1081.0,17.0,1056.0,FTP
1720728888.043687,CWlKxR3kf7iNkzTzM9,192.168.1.6,55526.0,192.168.1.4,21.0,tcp,8.703541994094849,162.0,188.0,SF,1.0,1.0,0.0,ShAdDafrF,18.0,1106.0,17.0,1056.0,FTP
1720731544.974611,CbpM3Z2im1d07Igrkf,192.168.1.6,39720.0,192.168.1.4,21.0,tcp,9.776716947555542,142.0,188.0,SF,1.0,1.0,0.0,ShAdDafrF,18.0,1086.0,17.0,1056.0,FTP
1720728747.684713,COJQc028jVkoUa0Roc,192.168.1.6,54176.0,192.168.1.4,21.0,tcp,9.504147052764893,116.0,188.0,SF,1.0,1.0,0.0,ShAdDafrF,18.0,1060.0,17.0,1056.0,FTP
1720728802.811756,CwsqtW3k0haIyLKX5,192.168.1.6,45242.0,192.168.1.4,21.0,tcp,9.93886113166809,125.0,188.0,SF,1.0,1.0,0.0,ShAdDafrF,18.0,1069.0,17.0,1056.0,FTP
1720727765.825275,ClCX189jLnXcQePri,192.168.1.4,46928.0,192.168.1.1,53.0,udp,0.012315988540649,127.0,127.0,SF,1.0,1.0,0.0,Dd,3.0,211.0,3.0,211.0,DNS
1720728064.189752,CKW6Yq4N1O3DwxFRP8,192.168.1.4,38563.0,192.168.1.1,53.0,udp,0.012315988540649,127.0,127.0,SF,1.0,1.0,0.0,Dd,3.0,211.0,3.0,211.0,DNS
1720730537.31699,CcbNFa24qvhmzpdNqh,192.168.1.6,58750.0,192.168.1.4,21.0,tcp,9.645983219146729,140.0,188.0,SF,1.0,1.0,0.0,ShAdDafFr,18.0,1084.0,17.0,1056.0,FTP
1720728335.956503,CEdaMm2yG1hlf7Jxl6,192.168.1.4,53254.0,104.18.32.115,443.0,tcp,9.645983219146729,140.0,188.0,SF,1.0,1.0,0.0,IIiiiihhIhHHH,18.0,1084.0,17.0,1056.0,HTTPS
1720731035.820792,Cb9MLT2vm16soQRBYa,192.168.1.6,56868.0,192.168.1.4,21.0,tcp,9.816272020339966,134.0,188.0,SF,1.0,1.0,0.0,ShAdDafrF,18.0,1078.0,17.0,1056.0,FTP
1720727915.661642,C7F2uW1fZIjLubEvRb,192.168.1.4,49184.0,13.224.214.45,443.0,tcp,240.9700448513031,2698.0,742270.0,SF,1.0,0.0,9996.0,ShADadgfF,159.0,10974.0,283.0,756994.0,HTTPS
1720728645.913732,C3SGf63Lhhp6QUIyI1,192.168.1.6,35466.0,192.168.1.4,21.0,tcp,10.315489053726196,150.0,188.0,SF,1.0,1.0,0.0,ShAdDafrF,18.0,1094.0,17.0,1056.0,FTP
1720727914.032447,CePrFifTHLJlQfLc2,192.168.1.4,56324.0,192.168.1.1,53.0,udp,0.001151800155639,53.0,135.0,SF,1.0,1.0,0.0,Dd,1.0,81.0,1.0,163.0,DNS
1720728305.255719,CFWeLO1KdVedFbSlgh,192.168.1.4,46168.0,45.60.73.20,443.0,tcp,46.186996936798096,18883.0,131399.0,SF,1.0,0.0,0.0,ShADadTFfR,81.0,24809.0,98.0,136563.0,HTTPS
1720727758.773774,CUX7EP1F25hJihxJd,192.168.1.6,52070.0,192.168.1.4,21.0,tcp,9.85203218460083,118.0,188.0,SF,1.0,1.0,0.0,ShAdDafFr,18.0,1062.0,17.0,1056.0,FTP
1720730985.171036,CXGtZV36d8DyR1OCa1,192.168.1.6,55666.0,192.168.1.4,21.0,tcp,10.271342039108276,124.0,188.0,SF,1.0,1.0,0.0,ShAdDafrF,18.0,1068.0,17.0,1056.0,FTP
1720730898.331729,CU45lV3cbaj2qGOq8a,192.168.1.6,46450.0,192.168.1.4,21.0,tcp,9.79123306274414,130.0,188.0,SF,1.0,1.0,0.0,ShAdDafFr,18.0,1074.0,17.0,1056.0,FTP
1720728306.021061,ChDQhF2xsXmbvBgzF5,192.168.1.4,35387.0,192.168.1.1,53.0,udp,0.027812004089355,43.0,247.0,SF,1.0,1.0,0.0,Dd,1.0,71.0,1.0,275.0,DNS
1720727779.307839,CXqtz23vaWhtdcJ3G9,192.168.1.4,45289.0,192.168.1.1,53.0,udp,0.027812004089355,43.0,247.0,SF,1.0,1.0,0.0,Dd,1.0,71.0,1.0,275.0,DNS
1720731327.702382,CwFbipRkOjW4e5nu8,192.168.1.6,35230.0,192.168.1.4,21.0,tcp,9.933692932128906,150.0,188.0,SF,1.0,1.0,0.0,ShAdDafrF,18.0,1094.0,17.0,1056.0,FTP
1720729340.929646,CdHvLc1VcNCVWeuy7c,192.168.1.6,50818.0,192.168.1.4,21.0,tcp,9.743118047714232,119.0,188.0,SF,1.0,1.0,0.0,ShAdDafrF,18.0,1063.0,17.0,1056.0,FTP
1720728634.798541,Crkbop3R9QLG8fQ3Yi,192.168.1.6,45524.0,192.168.1.4,21.0,tcp,11.114670991897585,118.0,188.0,SF,1.0,1.0,0.0,ShAdDafrF,18.0,1062.0,17.0,1056.0,FTP
1720728155.071889,CdNV6E4m3hhV09uTr1,192.168.1.4,50348.0,152.199.0.214,443.0,tcp,53.675426959991455,4169.0,10596.0,SF,1.0,0.0,0.0,ShADadFf,27.0,5581.0,23.0,11800.0,HTTPS
1720729085.193286,CS6xw917ubb5MkCMTh,192.168.1.6,50540.0,192.168.1.4,21.0,tcp,10.58162808418274,125.0,188.0,SF,1.0,1.0,0.0,ShAdDafrF,18.0,1069.0,17.0,1056.0,FTP
1720728216.274089,Cm35tQ2Asj3Ui15UB2,192.168.1.4,55206.0,162.159.133.233,443.0,tcp,10.58162808418274,125.0,188.0,SF,1.0,1.0,0.0,ShAdDafrF,18.0,1069.0,17.0,1056.0,HTTPS
1720727937.070133,Cy1yEL2uqQUf5FbJh3,192.168.1.6,41480.0,192.168.1.4,21.0,tcp,10.291311025619509,118.0,188.0,SF,1.0,1.0,0.0,ShAdDafrF,18.0,1062.0,17.0,1056.0,FTP
1720728308.788428,ClZZRk5RHk6VE9lUe,192.168.1.6,45696.0,192.168.1.4,21.0,tcp,10.397763967514038,118.0,188.0,SF,1.0,1.0,0.0,ShAdDafrF,18.0,1062.0,17.0,1056.0,FTP
1720727794.504712,C4UfKG3YwmRWeVeY29,192.168.1.4,44209.0,192.168.1.1,53.0,udp,0.015128850936889,57.0,114.0,SF,1.0,1.0,0.0,Dd,1.0,85.0,1.0,142.0,DNS
1720729638.499566,C20lHi1JteGrS1uvE1,192.168.1.6,47522.0,192.168.1.4,21.0,tcp,10.337961912155151,112.0,188.0,SF,1.0,1.0,0.0,ShAdDafrF,18.0,1056.0,17.0,1056.0,FTP
1720729279.607755,CnHSJpDK13ittHpuk,192.168.1.6,60102.0,192.168.1.4,21.0,tcp,9.281888008117676,121.0,188.0,SF,1.0,1.0,0.0,ShAdDafFr,18.0,1065.0,17.0,1056.0,FTP
1720731339.01062,CgvrCw1V4CfhhFMjw3,192.168.1.6,38388.0,192.168.1.4,21.0,tcp,9.248966932296751,160.0,188.0,SF,1.0,1.0,0.0,ShAdDafFr,18.0,1104.0,17.0,1056.0,FTP
1720728186.724167,Cx3KFk4i67IHO7w1kd,192.168.1.4,49252.0,23.205.106.91,443.0,tcp,9.248966932296751,160.0,188.0,SF,1.0,1.0,0.0,ShAdDafFr,18.0,1104.0,17.0,1056.0,HTTPS
1720730225.98225,CBVt4n19DPSxnM7Ip1,192.168.1.6,47092.0,192.168.1.4,21.0,tcp,10.702390909194946,136.0,188.0,SF,1.0,1.0,0.0,ShAdDafFr,18.0,1080.0,17.0,1056.0,FTP
1720731148.182766,CSxQPW2Pm3c2Ury8ra,192.168.1.6,58624.0,192.168.1.4,21.0,tcp,9.584267139434814,106.0,188.0,SF,1.0,1.0,0.0,ShAdDafrF,18.0,1050.0,17.0,1056.0,FTP
1720727915.939343,Cd7BbS1KWHPF90sihh,192.168.1.6,39880.0,192.168.1.4,21.0,tcp,11.135570049285889,118.0,188.0,SF,1.0,1.0,0.0,ShAdDafrF,18.0,1062.0,17.0,1056.0,FTP
1720729779.643308,CcFTeb2a0z2n3xnL99,192.168.1.6,46792.0,192.168.1.4,21.0,tcp,9.886458158493042,123.0,188.0,SF,1.0,1.0,0.0,ShAdDafrF,18.0,1067.0,17.0,1056.0,FTP
1720727915.681441,C7F2uW1fZIjLubEvRb,192.168.1.4,49184.0,13.224.214.45,443.0,tcp,9.886458158493042,123.0,188.0,SF,1.0,1.0,0.0,ShAdDafrF,18.0,1067.0,17.0,1056.0,HTTPS
1720728198.307641,CWz1kQ3HacCe6VhG34,192.168.1.4,48255.0,192.168.1.1,53.0,udp,9.886458158493042,123.0,188.0,SF,1.0,1.0,0.0,ShAdDafrF,18.0,1067.0,17.0,1056.0,DNS
1720727829.31196,CUYGn24Gbg12sEbqAb,192.168.1.4,51234.0,192.168.1.1,53.0,udp,0.017264127731323,41.0,410.0,SF,1.0,1.0,0.0,Dd,1.0,69.0,1.0,438.0,DNS
1720731539.819259,CfthC7ZePJsVXvDl7,192.168.1.6,44992.0,192.168.1.4,21.0,tcp,9.588167190551758,142.0,188.0,SF,1.0,1.0,0.0,ShAdDafrF,18.0,1086.0,17.0,1056.0,FTP
1720728035.161915,C7a7QV3VQbsjUAgeV5,192.168.1.4,55976.0,192.168.1.1,53.0,udp,0.022897958755493,56.0,315.0,SF,1.0,1.0,0.0,Dd,1.0,84.0,1.0,343.0,DNS
1720728071.696149,CMK5gm1uW2h5h7gGij,192.168.1.6,56272.0,192.168.1.4,21.0,tcp,10.095546960830688,116.0,188.0,SF,1.0,1.0,0.0,ShAdDafrF,18.0,1060.0,17.0,1056.0,FTP
1720728203.552775,CP4U8J8Qy5AwFJ1Lg,192.168.1.6,43766.0,192.168.1.4,21.0,tcp,9.78267216682434,117.0,188.0,SF,1.0,1.0,0.0,ShAdDafrF,18.0,1061.0,17.0,1056.0,FTP
1720728254.316236,CajEjv1LvALHS5I1t6,192.168.1.6,46672.0,192.168.1.4,21.0,tcp,10.20287299156189,118.0,188.0,SF,1.0,1.0,0.0,ShAdDafrF,18.0,1062.0,17.0,1056.0,FTP
1720728184.722334,CfnXfi1FAfW6PHN90e,192.168.1.4,57606.0,192.168.1.1,53.0,udp,10.20287299156189,118.0,188.0,SF,1.0,1.0,0.0,ShAdDafrF,18.0,1062.0,17.0,1056.0,DNS
1720727734.397102,CSMmNy1caSg2OU2FSe,192.168.1.4,39281.0,142.250.80.34,443.0,udp,0.083264827728271,4027.0,8759.0,SF,1.0,0.0,0.0,Dd,7.0,4223.0,10.0,9039.0,HTTPS
1720729522.782066,CGEzL23XD3kzZ9Ur9c,192.168.1.6,36536.0,192.168.1.4,21.0,tcp,11.166007995605469,118.0,188.0,SF,1.0,1.0,0.0,ShAdDafrF,18.0,1062.0,17.0,1056.0,FTP
1720729633.376021,CCnr5x1tc6DRYVOaH,192.168.1.6,47474.0,192.168.1.4,21.0,tcp,9.017913103103638,125.0,188.0,SF,1.0,1.0,0.0,ShAdDafFr,18.0,1069.0,17.0,1056.0,FTP
1720728221.329307,CTHUx638aoKi8R2AWg,192.168.1.4,60717.0,192.168.1.1,53.0,udp,9.017913103103638,125.0,188.0,SF,1.0,1.0,0.0,ShAdDafFr,18.0,1069.0,17.0,1056.0,DNS
1720728006.377276,Cddfcm1m7jMQom7bge,192.168.1.6,38266.0,192.168.1.4,21.0,tcp,10.384520053863524,118.0,188.0,SF,1.0,1.0,0.0,ShAdDafrF,18.0,1062.0,17.0,1056.0,FTP
1720731348.79691,CVIwlS13wC6sl6uja7,192.168.1.6,55272.0,192.168.1.4,21.0,tcp,11.180709838867188,159.0,188.0,SF,1.0,1.0,0.0,ShAdDafrF,18.0,1103.0,17.0,1056.0,FTP
1720730456.784815,CIUEyu4nP500TdEPqj,192.168.1.6,42172.0,192.168.1.4,21.0,tcp,9.358121871948242,133.0,188.0,SF,1.0,1.0,0.0,ShAdDafrF,18.0,1077.0,17.0,1056.0,FTP
1720730039.567944,C1U5etwPuUjWjjLJe,192.168.1.6,34396.0,192.168.1.4,21.0,tcp,9.948922872543337,123.0,188.0,SF,1.0,1.0,0.0,ShAdDafrF,18.0,1067.0,17.0,1056.0,FTP
1720728930.589231,CF5v2i1pYQEeKXGDsd,192.168.1.6,56432.0,192.168.1.4,21.0,tcp,9.842772960662842,163.0,188.0,SF,1.0,1.0,0.0,ShAdDafrF,18.0,1107.0,17.0,1056.0,FTP
1720729389.905907,CL3FCR2LqP7mFfgmo1,192.168.1.6,36192.0,192.168.1.4,21.0,tcp,10.234414100646973,121.0,188.0,SF,1.0,1.0,0.0,ShAdDafrF,18.0,1065.0,17.0,1056.0,FTP
1720727765.833157,C9qu762l39x2a2uA2j,192.168.1.4,52979.0,192.168.1.1,53.0,udp,10.234414100646973,121.0,188.0,SF,1.0,1.0,0.0,ShAdDafrF,18.0,1065.0,17.0,1056.0,DNS
1720728969.726328,C3pycl2n9tLabdtZr5,192.168.1.6,43132.0,192.168.1.4,21.0,tcp,9.786286115646362,147.0,188.0,SF,1.0,1.0,0.0,ShAdDafFr,18.0,1091.0,17.0,1056.0,FTP
1720731237.362746,Cff5c02Uo63iThYsAl,192.168.1.6,35110.0,192.168.1.4,21.0,tcp,9.73631191253662,152.0,188.0,SF,1.0,1.0,0.0,ShAdDafrF,18.0,1096.0,17.0,1056.0,FTP
1720728034.669692,CbEBSs4oyKoxxzPMw7,192.168.1.4,42980.0,104.96.220.114,443.0,tcp,0.058265924453735,1869.0,5585.0,SF,1.0,0.0,0.0,ShADadFRfR,12.0,2453.0,9.0,6061.0,HTTPS
1720727983.308045,CHwjUB36ub0NPMtO3,192.168.1.4,40755.0,192.168.1.1,53.0,udp,0.035891056060791,76.0,670.0,SF,1.0,1.0,0.0,Dd,1.0,104.0,1.0,698.0,DNS
1720728275.019994,C25CHF4kNp8f1n0HE,192.168.1.4,41338.0,192.168.1.1,53.0,udp,0.002001047134399,54.0,391.0,SF,1.0,1.0,0.0,Dd,1.0,82.0,1.0,419.0,DNS
1720728187.194215,CNSXkfMYHeW3p7dH4,192.168.1.6,42754.0,192.168.1.4,21.0,tcp,10.125006914138794,118.0,188.0,SF,1.0,1.0,0.0,ShAdDafrF,18.0,1062.0,17.0,1056.0,FTP
1720728845.953945,CsATCi3WoZAJ8kQjGj,192.168.1.6,39688.0,192.168.1.4,21.0,tcp,10.195269107818604,144.0,188.0,SF,1.0,1.0,0.0,ShAdDafrF,18.0,1088.0,17.0,1056.0,FTP
1720728573.675152,CVTUuG36m2N2hikQXb,192.168.1.6,47560.0,192.168.1.4,21.0,tcp,10.64178705215454,118.0,188.0,SF,1.0,1.0,0.0,ShAdDafrF,18.0,1062.0,17.0,1056.0,FTP
1720729563.663772,CF4Fti44TivOtHfPp7,192.168.1.6,55620.0,192.168.1.4,21.0,tcp,9.907166957855225,111.0,188.0,SF,1.0,1.0,0.0,ShAdDafrF,18.0,1055.0,17.0,1056.0,FTP
1720729165.466933,CbtqIA4OFGIPNGGrOd,192.168.1.6,38272.0,192.168.1.4,21.0,tcp,10.66842794418335,124.0,188.0,SF,1.0,1.0,0.0,ShAdDafFr,18.0,1068.0,17.0,1056.0,FTP
1720727793.433343,CJkuUl20E8gDu0vnZ1,192.168.1.4,58209.0,192.168.1.1,53.0,udp,10.66842794418335,124.0,188.0,SF,1.0,1.0,0.0,ShAdDafFr,18.0,1068.0,17.0,1056.0,DNS
1720729106.778581,C2BOH5YJO7QYrtq05,192.168.1.6,46618.0,192.168.1.4,21.0,tcp,9.688003063201904,120.0,188.0,SF,1.0,1.0,0.0,ShAdDafFr,18.0,1064.0,17.0,1056.0,FTP
1720727825.278318,CA9Txe3Q06LYQOnEw9,192.168.1.4,53694.0,142.251.40.234,443.0,tcp,60.1055920124054,1900.0,6722.0,SF,1.0,0.0,0.0,ShADadFf,12.0,2532.0,10.0,7250.0,HTTPS
1720730215.351115,CXwI9FV01fH0fpwz8,192.168.1.6,38098.0,192.168.1.4,21.0,tcp,10.630997896194458,129.0,188.0,SF,1.0,1.0,0.0,ShAdDafrF,18.0,1073.0,17.0,1056.0,FTP
1720727914.258068,CCRMP63e5xY3Ai5hKk,192.168.1.4,48221.0,192.168.1.1,53.0,udp,0.019618034362792,42.0,299.0,SF,1.0,1.0,0.0,Dd,1.0,70.0,1.0,327.0,DNS
1720727949.150074,Cm2e701XQWEf9Tvnr5,192.168.1.4,53920.0,192.168.1.1,53.0,udp,0.019618034362792,42.0,299.0,SF,1.0,1.0,0.0,Dd,1.0,70.0,1.0,327.0,DNS
1720727815.805767,CndH26XCTVV2pzNd4,192.168.1.6,44928.0,192.168.1.4,21.0,tcp,9.662981033325195,118.0,188.0,SF,1.0,1.0,0.0,ShAdDafFr,18.0,1062.0,17.0,1056.0,FTP
1720727969.140606,C5uPHM11evVlyiwoyb,192.168.1.6,41682.0,192.168.1.4,21.0,tcp,10.958325147628784,118.0,188.0,SF,1.0,1.0,0.0,ShAdDafrF,18.0,1062.0,17.0,1056.0,FTP
1720728859.219939,Cic77h3be7S2WJGW4,192.168.1.6,50706.0,192.168.1.4,21.0,tcp,9.911940097808838,135.0,188.0,SF,1.0,1.0,0.0,ShAdDafrF,18.0,1079.0,17.0,1056.0,FTP
1720727865.823525,CExQEE1O5mxa1UF9K7,192.168.1.6,47814.0,192.168.1.4,21.0,tcp,10.397313117980955,117.0,188.0,SF,1.0,1.0,0.0,ShAdDafrF,18.0,1061.0,17.0,1056.0,FTP
1720729615.484935,C03tga4PNGO4wbjioj,192.168.1.6,47568.0,192.168.1.4,21.0,tcp,8.565237998962402,111.0,188.0,SF,1.0,1.0,0.0,ShAdDafrF,18.0,1055.0,17.0,1056.0,FTP
1720730300.39822,CmKnGY3r926G63PVsa,192.168.1.6,44702.0,192.168.1.4,21.0,tcp,10.63762593269348,133.0,188.0,SF,1.0,1.0,0.0,ShAdDafrF,18.0,1077.0,17.0,1056.0,FTP
1720729432.430471,CRC1qKo6Uf0JL4mmh,192.168.1.4,36292.0,91.189.91.83,80.0,tcp,0.254868984222412,645.0,882.0,SF,1.0,0.0,0.0,ShADadFf,9.0,1121.0,6.0,1202.0,HTTP
1720727859.228455,Cwq0RaqWvjL1HQZC6,192.168.1.4,60118.0,192.168.1.1,53.0,udp,0.254868984222412,645.0,882.0,SF,1.0,0.0,0.0,ShADadFf,9.0,1121.0,6.0,1202.0,DNS
1720731276.288767,C5PQOT1yF8PbgbLLSk,192.168.1.6,39854.0,192.168.1.4,21.0,tcp,10.604773998260498,167.0,188.0,SF,1.0,1.0,0.0,ShAdDafrF,18.0,1111.0,17.0,1056.0,FTP
1720727854.239906,CAXSjR31ymSWzT0JD6,192.168.1.4,59839.0,192.168.1.1,53.0,udp,10.604773998260498,167.0,188.0,SF,1.0,1.0,0.0,ShAdDafrF,18.0,1111.0,17.0,1056.0,DNS
1720728245.226109,CX1W961UXvUe1STnp4,192.168.1.4,55920.0,192.168.1.1,53.0,udp,10.604773998260498,167.0,188.0,SF,1.0,1.0,0.0,ShAdDafrF,18.0,1111.0,17.0,1056.0,DNS
1720728211.847571,CXtzFA2jWvrHapwxge,192.168.1.4,34268.0,20.96.153.111,443.0,udp,10.604773998260498,167.0,188.0,SF,1.0,1.0,0.0,ShAdDafrF,18.0,1111.0,17.0,1056.0,HTTPS
